#	time(s)	count A	count B	count C	count D
1	0.0020	10	5		
2	0.0040	10	5		
3	0.0060	10	5		
4	0.0080	10	5		
5	0.0100	10	5		
6	0.0120	10	5		
7	0.0140	10	5		
8	0.0160	10	5		
9	0.0180	10	5		
10	0.0200	10	5		
11	0.0220	10	5		
12	0.0240	10	5		
13	0.0260	10	5		
14	0.0280	10	5		
15	0.0300	10	5		
16	0.0320	10	5		
17	0.0340	10	5		
18	0.0360	10	5		
19	0.0380	10	5		
20	0.0400	10	5		
21	0.0420	10	5		
22	0.0440	10	5		
23	0.0460	10	5		
24	0.0480	10	5		
25	0.0500	10	5		
26	0.0520	10	5		
27	0.0540	10	5		
28	0.0560	10	5		
29	0.0580	10	5		
30	0.0600	10	5		
31	0.0620	10	5		
32	0.0640	10	5		
33	0.0660	10	5		
34	0.0680	10	5		
35	0.0700	10	5		
36	0.0720	10	5		
37	0.0740	10	5		
38	0.0760	10	5		
39	0.0780	10	5		
40	0.0800	10	5		
41	0.0820	10	5		
42	0.0840	10	4		
43	0.0860	10	4		
44	0.0880	10	4		
45	0.0900	10	4		
46	0.0920	10	4		
47	0.0940	10	4		
48	0.0960	10	4		
49	0.0980	10	4		
50	0.1000	10	4		
51	0.1020	10	4		
52	0.1040	10	4		
53	0.1060	10	4		
54	0.1080	10	4		
55	0.1100	10	4		
56	0.1120	10	4		
57	0.1140	10	4		
58	0.1160	10	4		
59	0.1180	10	4		
60	0.1200	10	4		
61	0.1220	10	4		
62	0.1240	10	4		
63	0.1260	10	4		
64	0.1280	10	4		
65	0.1300	10	4		
66	0.1320	10	4		
67	0.1340	10	4		
68	0.1360	10	4		
69	0.1380	10	4		
70	0.1400	10	4		
71	0.1420	10	4		
72	0.1440	10	4		
73	0.1460	10	4		
74	0.1480	10	4		
75	0.1500	10	4		
76	0.1520	10	4		
77	0.1540	10	4		
78	0.1560	10	4		
79	0.1580	10	4		
80	0.1600	10	4		
81	0.1620	10	4		
82	0.1640	10	4		
83	0.1660	10	4		
84	0.1680	10	4		
85	0.1700	10	4		
86	0.1720	10	4		
87	0.1740	10	4		
88	0.1760	10	4		
89	0.1780	10	4		
90	0.1800	10	4		
91	0.1820	10	4		
92	0.1840	10	4		
93	0.1860	10	4		
94	0.1880	9	4		
95	0.1900	9	4		
96	0.1920	9	4		
97	0.1940	9	4		
98	0.1960	9	4		
99	0.1980	9	4		
100	0.2000	9	4		
101	0.2020	9	3		
102	0.2040	9	3		
103	0.2060	9	3		
104	0.2080	9	3		
105	0.2100	9	3		
106	0.2120	9	3		
107	0.2140	9	3		
108	0.2160	9	3		
109	0.2180	9	3		
110	0.2200	9	3		
111	0.2220	9	3		
112	0.2240	9	3		
113	0.2260	9	3		
114	0.2280	9	3		
115	0.2300	9	3		
116	0.2320	9	3		
117	0.2340	9	3		
118	0.2360	9	3		
119	0.2380	9	3		
120	0.2400	9	3		
121	0.2420	9	3		
122	0.2440	9	3		
123	0.2460	9	3		
124	0.2480	9	3		
125	0.2500	9	3		
126	0.2520	9	3		
127	0.2540	9	3		
128	0.2560	9	3		
129	0.2580	9	3		
130	0.2600	9	3		
131	0.2620	9	3		
132	0.2640	9	3		
133	0.2660	9	3		
134	0.2680	9	2		
135	0.2700	9	2		
136	0.2720	9	2		
137	0.2740	9	2		
138	0.2760	9	2		
139	0.2780	9	2		
140	0.2800	9	2		
141	0.2820	9	2		
142	0.2840	9	2		
143	0.2860	9	2		
144	0.2880	9	2		
145	0.2900	9	2		
146	0.2920	9	2		
147	0.2940	9	2		
148	0.2960	9	2		
149	0.2980	9	2		
150	0.3000	9	2		
151	0.3020	9	2		
152	0.3040	9	2		
153	0.3060	9	2		
154	0.3080	9	2		
155	0.3100	9	2		
156	0.3120	9	2		
157	0.3140	9	2		
158	0.3160	9	2		
159	0.3180	8	2		
160	0.3200	8	2		
161	0.3220	8	2		
162	0.3240	8	2		
163	0.3260	8	2		
164	0.3280	8	2		
165	0.3300	8	2		
166	0.3320	8	2		
167	0.3340	8	2		
168	0.3360	8	2		
169	0.3380	8	2		
170	0.3400	8	2		
171	0.3420	8	2		
172	0.3440	8	2		
173	0.3460	8	2		
174	0.3480	8	2		
175	0.3500	8	2		
176	0.3520	8	2		
177	0.3540	8	1		
178	0.3560	8	1		
179	0.3580	8	1		
180	0.3600	8	1		
181	0.3620	8	1		
182	0.3640	8	1		
183	0.3660	8	1		
184	0.3680	8	1		
185	0.3700	8	1		
186	0.3720	8	1		
187	0.3740	8	1		
188	0.3760	7	1		
189	0.3780	7	1		
190	0.3800	7	1		
191	0.3820	7	1		
192	0.3840	7	1		
193	0.3860	7	1		
194	0.3880	7	1		
195	0.3900	7	1		
196	0.3920	7	1		
197	0.3940	7	1		
198	0.3960	7	1		
199	0.3980	7	1		
200	0.4000	7	1		
201	0.4020	7	1		
202	0.4040	7	1		
203	0.4060	7	1		
204	0.4080	7	1		
205	0.4100	7	1		
206	0.4120	7	1		
207	0.4140	7	0		
208	0.4160	7	0		
209	0.4180	7	0		
210	0.4200	7	0		
211	0.4220	7	0		
212	0.4240	7	0		
213	0.4260	6	0		
214	0.4280	6	0		
215	0.4300	6	0		
216	0.4320	6	0		
217	0.4340	6	0		
218	0.4360	6	0		
219	0.4380	6	0		
220	0.4400	6	0		
221	0.4420	6	0		
222	0.4440	6	0		
223	0.4460	6	0		
224	0.4480	6	0		
225	0.4500	6	0		
226	0.4520	6	0		
227	0.4540	6	0		
228	0.4560	6	0		
229	0.4580	6	0		
230	0.4600	6	0		
231	0.4620	6	0		
232	0.4640	6	0		
233	0.4660	6	0		
234	0.4680	6	0		
235	0.4700	6	0		
236	0.4720	6	0		
237	0.4740	6	0		
238	0.4760	6	0		
239	0.4780	5	0		
240	0.4800	5	0		
241	0.4820	5	0		
242	0.4840	5	0		
243	0.4860	5	0		
244	0.4880	5	0		
245	0.4900	5	0		
246	0.4920	5	0		
247	0.4940	5	0		
248	0.4960	5	0		
249	0.4980	5	0		
250	0.5000	5	0		
251	0.5020	5	0		
252	0.5040	5	0		
253	0.5060	5	0		
254	0.5080	5	0		
255	0.5100	5	-1		
256	0.5120	5	-1		
257	0.5140	5	-1		
258	0.5160	5	-1		
259	0.5180	5	-1		
260	0.5200	5	-1		
261	0.5220	5	-1		
262	0.5240	5	-1		
263	0.5260	4	-1		
264	0.5280	4	-1		
265	0.5300	4	-1		
266	0.5320	4	-1		
267	0.5340	4	-1		
268	0.5360	4	-1		
269	0.5380	4	-1		
270	0.5400	4	-1		
271	0.5420	4	-1		
272	0.5440	4	-1		
273	0.5460	4	-1		
274	0.5480	4	-1		
275	0.5500	4	-1		
276	0.5520	4	-1		
277	0.5540	4	-1		
278	0.5560	4	-1		
279	0.5580	4	-1		
280	0.5600	4	-1		
281	0.5620	4	-1		
282	0.5640	4	-1		
283	0.5660	4	-1		
284	0.5680	4	-1		
285	0.5700	4	-1		
286	0.5720	4	-1		
287	0.5740	4	-1		
288	0.5760	4	-1		
289	0.5780	3	-1		
290	0.5800	3	-1		
291	0.5820	3	-1		
292	0.5840	3	-1		
293	0.5860	3	-1		
294	0.5880	3	-1		
295	0.5900	3	-2		
296	0.5920	3	-2		
297	0.5940	3	-2		
298	0.5960	3	-2		
299	0.5980	3	-2		
300	0.6000	3	-2		
301	0.6020	3	-2		
302	0.6040	3	-2		
303	0.6060	3	-2		
304	0.6080	3	-2		
305	0.6100	3	-2		
306	0.6120	3	-2		
307	0.6140	3	-2		
308	0.6160	3	-2		
309	0.6180	3	-2		
310	0.6200	3	-2		
311	0.6220	3	-2		
312	0.6240	3	-2		
313	0.6260	3	-2		
314	0.6280	2	-2		
315	0.6300	2	-2		
316	0.6320	2	-2		
317	0.6340	2	-2		
318	0.6360	2	-2		
319	0.6380	2	-2		
320	0.6400	2	-2		
321	0.6420	2	-2		
322	0.6440	2	-2		
323	0.6460	2	-2		
324	0.6480	2	-2		
325	0.6500	2	-2		
326	0.6520	2	-2		
327	0.6540	2	-2		
328	0.6560	2	-2		
329	0.6580	2	-2		
330	0.6600	2	-2		
331	0.6620	2	-2		
332	0.6640	2	-2		
333	0.6660	2	-2		
334	0.6680	2	-2		
335	0.6700	2	-2		
336	0.6720	2	-2		
337	0.6740	2	-2		
338	0.6760	2	-2		
339	0.6780	2	-2		
340	0.6800	2	-2		
341	0.6820	1	-2		
342	0.6840	1	-2		
343	0.6860	1	-2		
344	0.6880	1	-2		
345	0.6900	1	-2		
346	0.6920	1	-2		
347	0.6940	1	-2		
348	0.6960	1	-2		
349	0.6980	1	-2		
350	0.7000	1	-2		
351	0.7020	1	-2		
352	0.7040	1	-2		
353	0.7060	1	-2		
354	0.7080	1	-2		
355	0.7100	1	-2		
356	0.7120	1	-2		
357	0.7140	1	-2		
358	0.7160	1	-2		
359	0.7180	1	-2		
360	0.7200	1	-2		
361	0.7220	1	-2		
362	0.7240	1	-2		
363	0.7260	1	-2		
364	0.7280	1	-2		
365	0.7300	1	-3		
366	0.7320	1	-3		
367	0.7340	1	-3		
368	0.7360	0	-3		
369	0.7380	0	-3		
370	0.7400	0	-3		
371	0.7420	0	-3		
372	0.7440	0	-3		
373	0.7460	0	-3		
374	0.7480	0	-3		
375	0.7500	0	-3		
376	0.7520	0	-3		
377	0.7540	0	-3		
378	0.7560	0	-3		
379	0.7580	0	-3		
380	0.7600	0	-3		
381	0.7620	0	-3		
382	0.7640	0	-3		
383	0.7660	0	-3		
384	0.7680	0	-3		
385	0.7700	0	-3		
386	0.7720	0	-3		
387	0.7740	0	-3		
388	0.7760	0	-3		
389	0.7780	0	-3		
390	0.7800	0	-3		
391	0.7820	0	-3		
392	0.7840	0	-3		
393	0.7860	0	-3		
394	0.7880	0	-3		
395	0.7900	0	-3		
396	0.7920	0	-3		
397	0.7940	0	-3		
398	0.7960	0	-3		
399	0.7980	0	-3		
400	0.8000	0	-3		
401	0.8020	-1	-3		
402	0.8040	-1	-3		
403	0.8060	-1	-3		
404	0.8080	-1	-3		
405	0.8100	-1	-3		
406	0.8120	-1	-3		
407	0.8140	-1	-3		
408	0.8160	-1	-3		
409	0.8180	-1	-3		
410	0.8200	-1	-3		
411	0.8220	-1	-3		
412	0.8240	-1	-3		
413	0.8260	-1	-3		
414	0.8280	-1	-3		
415	0.8300	-1	-3		
416	0.8320	-1	-3		
417	0.8340	-1	-3		
418	0.8360	-1	-3		
419	0.8380	-1	-3		
420	0.8400	-1	-3		
421	0.8420	-1	-3		
422	0.8440	-1	-3		
423	0.8460	-1	-3		
424	0.8480	-1	-3		
425	0.8500	-1	-3		
426	0.8520	-1	-3		
427	0.8540	-1	-3		
428	0.8560	-1	-3		
429	0.8580	-1	-3		
430	0.8600	-1	-3		
431	0.8620	-1	-3		
432	0.8640	-1	-3		
433	0.8660	-1	-3		
434	0.8680	-1	-4		
435	0.8700	-1	-4		
436	0.8720	-1	-4		
437	0.8740	-1	-4		
438	0.8760	-2	-4		
439	0.8780	-2	-4		
440	0.8800	-2	-4		
441	0.8820	-2	-4		
442	0.8840	-2	-4		
443	0.8860	-2	-4		
444	0.8880	-2	-4		
445	0.8900	-2	-4		
446	0.8920	-2	-4		
447	0.8940	-2	-4		
448	0.8960	-2	-4		
449	0.8980	-2	-4		
450	0.9000	-2	-4		
451	0.9020	-2	-4		
452	0.9040	-2	-4		
453	0.9060	-2	-4		
454	0.9080	-2	-4		
455	0.9100	-2	-4		
456	0.9120	-2	-4		
457	0.9140	-2	-4		
458	0.9160	-2	-4		
459	0.9180	-2	-4		
460	0.9200	-2	-4		
461	0.9220	-2	-4		
462	0.9240	-2	-4		
463	0.9260	-2	-4		
464	0.9280	-2	-4		
465	0.9300	-2	-4		
466	0.9320	-2	-4		
467	0.9340	-2	-4		
468	0.9360	-2	-4		
469	0.9380	-2	-4		
470	0.9400	-2	-4		
471	0.9420	-2	-4		
472	0.9440	-2	-4		
473	0.9460	-2	-4		
474	0.9480	-2	-4		
475	0.9500	-2	-4		
476	0.9520	-2	-4		
477	0.9540	-2	-4		
478	0.9560	-2	-4		
479	0.9580	-2	-4		
480	0.9600	-2	-4		
481	0.9620	-2	-4		
482	0.9640	-2	-4		
483	0.9660	-2	-4		
484	0.9680	-2	-4		
485	0.9700	-2	-4		
486	0.9720	-2	-4		
487	0.9740	-2	-4		
488	0.9760	-2	-4		
489	0.9780	-2	-4		
490	0.9800	-2	-4		
491	0.9820	-2	-4		
492	0.9840	-3	-4		
493	0.9860	-3	-4		
494	0.9880	-3	-4		
495	0.9900	-3	-4		
496	0.9920	-3	-4		
497	0.9940	-3	-4		
498	0.9960	-3	-4		
499	0.9980	-3	-4		
500	1.0000	-3	-4		
501	1.0020	-3	-4		
502	1.0040	-3	-4		
503	1.0060	-3	-4		
504	1.0080	-3	-4		
505	1.0100	-3	-4		
506	1.0120	-3	-4		
507	1.0140	-3	-4		
508	1.0160	-3	-4		
509	1.0180	-3	-4		
510	1.0200	-3	-4		
511	1.0220	-3	-4		
512	1.0240	-3	-4		
513	1.0260	-3	-4		
514	1.0280	-3	-4		
515	1.0300	-3	-4		
516	1.0320	-3	-4		
517	1.0340	-3	-4		
518	1.0360	-3	-4		
519	1.0380	-3	-4		
520	1.0400	-3	-4		
521	1.0420	-3	-4		
522	1.0440	-3	-4		
523	1.0460	-3	-4		
524	1.0480	-3	-4		
525	1.0500	-3	-4		
526	1.0520	-3	-4		
527	1.0540	-3	-4		
528	1.0560	-3	-4		
529	1.0580	-3	-4		
530	1.0600	-3	-4		
531	1.0620	-3	-4		
532	1.0640	-3	-4		
533	1.0660	-3	-4		
534	1.0680	-3	-4		
535	1.0700	-3	-4		
536	1.0720	-3	-4		
537	1.0740	-3	-4		
538	1.0760	-3	-4		
539	1.0780	-3	-4		
540	1.0800	-3	-4		
541	1.0820	-3	-4		
542	1.0840	-3	-4		
543	1.0860	-3	-4		
544	1.0880	-3	-4		
545	1.0900	-3	-4		
546	1.0920	-3	-4		
547	1.0940	-3	-4		
548	1.0960	-3	-4		
549	1.0980	-3	-4		
550	1.1000	-3	-4		
551	1.1020	-3	-4		
552	1.1040	-3	-4		
553	1.1060	-3	-4		
554	1.1080	-3	-4		
555	1.1100	-3	-4		
556	1.1120	-3	-4		
557	1.1140	-3	-4		
558	1.1160	-3	-4		
559	1.1180	-3	-4		
560	1.1200	-3	-4		
561	1.1220	-3	-4		
562	1.1240	-3	-4		
563	1.1260	-3	-4		
564	1.1280	-3	-4		
565	1.1300	-3	-4		
566	1.1320	-3	-4		
567	1.1340	-3	-4		
568	1.1360	-3	-4		
569	1.1380	-3	-4		
570	1.1400	-3	-4		
571	1.1420	-3	-4		
572	1.1440	-3	-4		
573	1.1460	-3	-4		
574	1.1480	-3	-4		
575	1.1500	-3	-4		
576	1.1520	-3	-4		
577	1.1540	-3	-4		
578	1.1560	-3	-4		
579	1.1580	-3	-4		
580	1.1600	-3	-4		
581	1.1620	-3	-4		
582	1.1640	-3	-4		
583	1.1660	-3	-4		
584	1.1680	-3	-4		
585	1.1700	-3	-4		
586	1.1720	-3	-4		
587	1.1740	-3	-4		
588	1.1760	-3	-4		
589	1.1780	-3	-4		
590	1.1800	-3	-4		
591	1.1820	-3	-4		
592	1.1840	-3	-4		
593	1.1860	-3	-4		
594	1.1880	-3	-4		
595	1.1900	-3	-4		
596	1.1920	-3	-4		
597	1.1940	-3	-4		
598	1.1960	-3	-4		
599	1.1980	-3	-4		
600	1.2000	-3	-4		
601	1.2020	-3	-4		
602	1.2040	-3	-4		
603	1.2060	-3	-4		
604	1.2080	-3	-4		
605	1.2100	-3	-4		
606	1.2120	-3	-4		
607	1.2140	-3	-4		
608	1.2160	-3	-4		
609	1.2180	-3	-4		
610	1.2200	-3	-4		
611	1.2220	-3	-4		
612	1.2240	-3	-4		
613	1.2260	-3	-4		
614	1.2280	-3	-4		
615	1.2300	-3	-4		
616	1.2320	-3	-4		
617	1.2340	-3	-4		
618	1.2360	-3	-4		
619	1.2380	-3	-4		
620	1.2400	-3	-4		
621	1.2420	-3	-4		
622	1.2440	-3	-4		
623	1.2460	-3	-4		
624	1.2480	-3	-4		
625	1.2500	-2	-4		
626	1.2520	-2	-4		
627	1.2540	-2	-4		
628	1.2560	-2	-4		
629	1.2580	-2	-4		
630	1.2600	-2	-4		
631	1.2620	-2	-4		
632	1.2640	-2	-4		
633	1.2660	-2	-4		
634	1.2680	-2	-4		
635	1.2700	-2	-4		
636	1.2720	-2	-4		
637	1.2740	-2	-4		
638	1.2760	-2	-4		
639	1.2780	-2	-4		
640	1.2800	-2	-4		
641	1.2820	-2	-4		
642	1.2840	-2	-4		
643	1.2860	-2	-4		
644	1.2880	-2	-4		
645	1.2900	-2	-4		
646	1.2920	-2	-4		
647	1.2940	-2	-4		
648	1.2960	-2	-4		
649	1.2980	-2	-4		
650	1.3000	-2	-4		
651	1.3020	-2	-4		
652	1.3040	-2	-4		
653	1.3060	-2	-4		
654	1.3080	-2	-4		
655	1.3100	-2	-4		
656	1.3120	-2	-4		
657	1.3140	-2	-4		
658	1.3160	-2	-4		
659	1.3180	-2	-4		
660	1.3200	-2	-4		
661	1.3220	-2	-4		
662	1.3240	-2	-4		
663	1.3260	-2	-4		
664	1.3280	-2	-4		
665	1.3300	-2	-4		
666	1.3320	-2	-4		
667	1.3340	-2	-4		
668	1.3360	-2	-4		
669	1.3380	-2	-4		
670	1.3400	-2	-4		
671	1.3420	-2	-4		
672	1.3440	-2	-4		
673	1.3460	-2	-4		
674	1.3480	-2	-4		
675	1.3500	-2	-4		
676	1.3520	-2	-4		
677	1.3540	-2	-4		
678	1.3560	-1	-4		
679	1.3580	-1	-4		
680	1.3600	-1	-4		
681	1.3620	-1	-4		
682	1.3640	-1	-4		
683	1.3660	-1	-4		
684	1.3680	-1	-4		
685	1.3700	-1	-4		
686	1.3720	-1	-4		
687	1.3740	-1	-4		
688	1.3760	-1	-4		
689	1.3780	-1	-4		
690	1.3800	-1	-4		
691	1.3820	-1	-4		
692	1.3840	-1	-4		
693	1.3860	-1	-4		
694	1.3880	-1	-4		
695	1.3900	-1	-4		
696	1.3920	-1	-4		
697	1.3940	-1	-4		
698	1.3960	-1	-4		
699	1.3980	-1	-4		
700	1.4000	-1	-4		
701	1.4020	-1	-4		
702	1.4040	-1	-4		
703	1.4060	-1	-4		
704	1.4080	-1	-4		
705	1.4100	-1	-4		
706	1.4120	-1	-4		
707	1.4140	-1	-4		
708	1.4160	-1	-4		
709	1.4180	-1	-4		
710	1.4200	-1	-4		
711	1.4220	-1	-4		
712	1.4240	-1	-4		
713	1.4260	-1	-4		
714	1.4280	-1	-4		
715	1.4300	0	-4		
716	1.4320	0	-4		
717	1.4340	0	-4		
718	1.4360	0	-4		
719	1.4380	0	-4		
720	1.4400	0	-4		
721	1.4420	0	-4		
722	1.4440	0	-3		
723	1.4460	0	-3		
724	1.4480	0	-3		
725	1.4500	0	-3		
726	1.4520	0	-3		
727	1.4540	0	-3		
728	1.4560	0	-3		
729	1.4580	0	-3		
730	1.4600	0	-3		
731	1.4620	0	-3		
732	1.4640	0	-3		
733	1.4660	0	-3		
734	1.4680	0	-3		
735	1.4700	0	-3		
736	1.4720	0	-3		
737	1.4740	0	-3		
738	1.4760	0	-3		
739	1.4780	0	-3		
740	1.4800	0	-3		
741	1.4820	0	-3		
742	1.4840	0	-3		
743	1.4860	0	-3		
744	1.4880	0	-3		
745	1.4900	0	-3		
746	1.4920	0	-3		
747	1.4940	1	-3		
748	1.4960	1	-3		
749	1.4980	1	-3		
750	1.5000	1	-3		
751	1.5020	1	-3		
752	1.5040	1	-3		
753	1.5060	1	-3		
754	1.5080	1	-3		
755	1.5100	1	-3		
756	1.5120	1	-3		
757	1.5140	1	-3		
758	1.5160	1	-3		
759	1.5180	1	-3		
760	1.5200	1	-3		
761	1.5220	1	-3		
762	1.5240	1	-3		
763	1.5260	1	-3		
764	1.5280	1	-3		
765	1.5300	1	-3		
766	1.5320	1	-3		
767	1.5340	1	-3		
768	1.5360	1	-3		
769	1.5380	1	-3		
770	1.5400	1	-2		
771	1.5420	1	-2		
772	1.5440	1	-2		
773	1.5460	1	-2		
774	1.5480	1	-2		
775	1.5500	2	-2		
776	1.5520	2	-2		
777	1.5540	2	-2		
778	1.5560	2	-2		
779	1.5580	2	-2		
780	1.5600	2	-2		
781	1.5620	2	-2		
782	1.5640	2	-2		
783	1.5660	2	-2		
784	1.5680	2	-2		
785	1.5700	2	-2		
786	1.5720	2	-2		
787	1.5740	2	-2		
788	1.5760	2	-2		
789	1.5780	2	-2		
790	1.5800	2	-2		
791	1.5820	2	-2		
792	1.5840	2	-2		
793	1.5860	2	-2		
794	1.5880	2	-2		
795	1.5900	2	-2		
796	1.5920	2	-2		
797	1.5940	2	-2		
798	1.5960	2	-2		
799	1.5980	2	-2		
800	1.6000	2	-2		
801	1.6020	2	-2		
802	1.6040	3	-2		
803	1.6060	3	-2		
804	1.6080	3	-2		
805	1.6100	3	-2		
806	1.6120	3	-2		
807	1.6140	3	-2		
808	1.6160	3	-2		
809	1.6180	3	-2		
810	1.6200	3	-2		
811	1.6220	3	-2		
812	1.6240	3	-2		
813	1.6260	3	-2		
814	1.6280	3	-2		
815	1.6300	3	-2		
816	1.6320	3	-2		
817	1.6340	3	-2		
818	1.6360	3	-2		
819	1.6380	3	-2		
820	1.6400	3	-2		
821	1.6420	3	-2		
822	1.6440	3	-2		
823	1.6460	3	-2		
824	1.6480	3	-2		
825	1.6500	3	-1		
826	1.6520	3	-1		
827	1.6540	4	-1		
828	1.6560	4	-1		
829	1.6580	4	-1		
830	1.6600	4	-1		
831	1.6620	4	-1		
832	1.6640	4	-1		
833	1.6660	4	-1		
834	1.6680	4	-1		
835	1.6700	4	-1		
836	1.6720	4	-1		
837	1.6740	4	-1		
838	1.6760	4	-1		
839	1.6780	4	-1		
840	1.6800	4	-1		
841	1.6820	4	-1		
842	1.6840	4	-1		
843	1.6860	4	-1		
844	1.6880	4	-1		
845	1.6900	4	-1		
846	1.6920	4	-1		
847	1.6940	4	-1		
848	1.6960	4	-1		
849	1.6980	4	-1		
850	1.7000	4	-1		
851	1.7020	4	-1		
852	1.7040	5	-1		
853	1.7060	5	-1		
854	1.7080	5	-1		
855	1.7100	5	-1		
856	1.7120	5	-1		
857	1.7140	5	-1		
858	1.7160	5	0		
859	1.7180	5	0		
860	1.7200	5	0		
861	1.7220	5	0		
862	1.7240	5	0		
863	1.7260	5	0		
864	1.7280	5	0		
865	1.7300	5	0		
866	1.7320	5	0		
867	1.7340	5	0		
868	1.7360	5	0		
869	1.7380	5	0		
870	1.7400	5	0		
871	1.7420	5	0		
872	1.7440	5	0		
873	1.7460	5	0		
874	1.7480	5	0		
875	1.7500	5	0		
876	1.7520	5	0		
877	1.7540	5	0		
878	1.7560	6	0		
879	1.7580	6	0		
880	1.7600	6	0		
881	1.7620	6	0		
882	1.7640	6	0		
883	1.7660	6	0		
884	1.7680	6	0		
885	1.7700	6	0		
886	1.7720	6	0		
887	1.7740	6	0		
888	1.7760	6	0		
889	1.7780	6	0		
890	1.7800	6	0		
891	1.7820	6	0		
892	1.7840	6	0		
893	1.7860	6	0		
894	1.7880	6	0		
895	1.7900	6	0		
896	1.7920	6	0		
897	1.7940	6	0		
898	1.7960	6	0		
899	1.7980	6	0		
900	1.8000	6	0		
901	1.8020	6	0		
902	1.8040	6	0		
903	1.8060	7	0		
904	1.8080	7	0		
905	1.8100	7	1		
906	1.8120	7	1		
907	1.8140	7	1		
908	1.8160	7	1		
909	1.8180	7	1		
910	1.8200	7	1		
911	1.8220	7	1		
912	1.8240	7	1		
913	1.8260	7	1		
914	1.8280	7	1		
915	1.8300	7	1		
916	1.8320	7	1		
917	1.8340	7	1		
918	1.8360	7	1		
919	1.8380	7	1		
920	1.8400	7	1		
921	1.8420	7	1		
922	1.8440	7	1		
923	1.8460	7	1		
924	1.8480	7	1		
925	1.8500	7	1		
926	1.8520	7	1		
927	1.8540	7	1		
928	1.8560	7	1		
929	1.8580	8	1		
930	1.8600	8	1		
931	1.8620	8	1		
932	1.8640	8	1		
933	1.8660	8	1		
934	1.8680	8	1		
935	1.8700	8	1		
936	1.8720	8	1		
937	1.8740	8	1		
938	1.8760	8	2		
939	1.8780	8	2		
940	1.8800	8	2		
941	1.8820	8	2		
942	1.8840	8	2		
943	1.8860	8	2		
944	1.8880	8	2		
945	1.8900	8	2		
946	1.8920	8	2		
947	1.8940	8	2		
948	1.8960	8	2		
949	1.8980	8	2		
950	1.9000	8	2		
951	1.9020	8	2		
952	1.9040	8	2		
953	1.9060	8	2		
954	1.9080	8	2		
955	1.9100	8	2		
956	1.9120	8	2		
957	1.9140	9	2		
958	1.9160	9	2		
959	1.9180	9	2		
960	1.9200	9	2		
961	1.9220	9	2		
962	1.9240	9	2		
963	1.9260	9	2		
964	1.9280	9	2		
965	1.9300	9	2		
966	1.9320	9	2		
967	1.9340	9	2		
968	1.9360	9	2		
969	1.9380	9	2		
970	1.9400	9	2		
971	1.9420	9	2		
972	1.9440	9	2		
973	1.9460	9	2		
974	1.9480	9	2		
975	1.9500	9	2		
976	1.9520	9	2		
977	1.9540	9	2		
978	1.9560	9	2		
979	1.9580	9	2		
980	1.9600	9	2		
981	1.9620	9	2		
982	1.9640	9	2		
983	1.9660	9	2		
984	1.9680	9	2		
985	1.9700	9	2		
986	1.9720	9	2		
987	1.9740	9	2		
988	1.9760	9	3		
989	1.9780	9	3		
990	1.9800	9	3		
991	1.9820	9	3		
992	1.9840	9	3		
993	1.9860	9	3		
994	1.9880	9	3		
995	1.9900	9	3		
996	1.9920	9	3		
997	1.9940	9	3		
998	1.9960	9	3		
999	1.9980	9	3		
1000	2.0000	9	3		
1001	2.0020	9	3		
1002	2.0040	9	3		
1003	2.0060	9	3		
1004	2.0080	9	3		
1005	2.0100	9	3		
1006	2.0120	9	3		
1007	2.0140	9	3		
1008	2.0160	9	3		
1009	2.0180	9	3		
1010	2.0200	9	3		
1011	2.0220	9	3		
1012	2.0240	9	3		
1013	2.0260	9	3		
1014	2.0280	9	3		
1015	2.0300	9	3		
1016	2.0320	9	3		
1017	2.0340	9	3		
1018	2.0360	9	3		
1019	2.0380	9	3		
1020	2.0400	9	3		
1021	2.0420	9	3		
1022	2.0440	9	3		
1023	2.0460	9	3		
1024	2.0480	10	3		
1025	2.0500	10	3		
1026	2.0520	10	3		
1027	2.0540	10	3		
1028	2.0560	10	3		
1029	2.0580	10	3		
1030	2.0600	10	4		
1031	2.0620	10	4		
1032	2.0640	10	4		
1033	2.0660	10	4		
1034	2.0680	10	4		
1035	2.0700	10	4		
1036	2.0720	10	4		
1037	2.0740	10	4		
1038	2.0760	10	4		
1039	2.0780	10	4		
1040	2.0800	10	4		
1041	2.0820	10	4		
1042	2.0840	10	4		
1043	2.0860	10	4		
1044	2.0880	10	4		
1045	2.0900	10	4		
1046	2.0920	10	4		
1047	2.0940	10	4		
1048	2.0960	10	4		
1049	2.0980	10	4		
1050	2.1000	10	4		
1051	2.1020	10	4		
1052	2.1040	10	4		
1053	2.1060	10	4		
1054	2.1080	10	4		
1055	2.1100	10	4		
1056	2.1120	10	4		
1057	2.1140	10	4		
1058	2.1160	10	4		
1059	2.1180	10	4		
1060	2.1200	10	4		
1061	2.1220	10	4		
1062	2.1240	10	4		
1063	2.1260	10	4		
1064	2.1280	10	4		
1065	2.1300	10	4		
1066	2.1320	10	4		
1067	2.1340	10	4		
1068	2.1360	10	4		
1069	2.1380	10	4		
1070	2.1400	10	4		
1071	2.1420	10	4		
1072	2.1440	10	4		
1073	2.1460	10	4		
1074	2.1480	10	4		
1075	2.1500	10	4		
1076	2.1520	10	4		
1077	2.1540	10	4		
1078	2.1560	10	4		
1079	2.1580	10	4		
1080	2.1600	10	4		
1081	2.1620	10	4		
1082	2.1640	10	4		
1083	2.1660	10	4		
1084	2.1680	10	4		
1085	2.1700	10	4		
1086	2.1720	10	4		
1087	2.1740	10	4		
1088	2.1760	10	4		
1089	2.1780	10	4		
1090	2.1800	10	4		
1091	2.1820	10	4		
1092	2.1840	10	4		
1093	2.1860	10	4		
1094	2.1880	10	4		
1095	2.1900	10	4		
1096	2.1920	10	4		
1097	2.1940	10	4		
1098	2.1960	10	4		
1099	2.1980	10	4		
1100	2.2000	10	4		
1101	2.2020	10	4		
1102	2.2040	10	4		
1103	2.2060	10	4		
1104	2.2080	10	4		
1105	2.2100	10	4		
1106	2.2120	10	4		
1107	2.2140	10	4		
1108	2.2160	10	4		
1109	2.2180	10	4		
1110	2.2200	10	4		
1111	2.2220	10	4		
1112	2.2240	10	4		
1113	2.2260	10	4		
1114	2.2280	10	4		
1115	2.2300	10	4		
1116	2.2320	10	4		
1117	2.2340	10	4		
1118	2.2360	10	4		
1119	2.2380	10	4		
1120	2.2400	10	4		
1121	2.2420	10	4		
1122	2.2440	10	4		
1123	2.2460	10	4		
1124	2.2480	10	4		
1125	2.2500	10	4		
1126	2.2520	10	4		
1127	2.2540	10	4		
1128	2.2560	10	4		
1129	2.2580	10	4		
1130	2.2600	10	4		
1131	2.2620	10	4		
1132	2.2640	10	4		
1133	2.2660	10	4		
1134	2.2680	10	4		
1135	2.2700	10	4		
1136	2.2720	10	4		
1137	2.2740	10	4		
1138	2.2760	10	4		
1139	2.2780	10	4		
1140	2.2800	10	4		
1141	2.2820	10	4		
1142	2.2840	10	4		
1143	2.2860	10	4		
1144	2.2880	10	4		
1145	2.2900	10	4		
1146	2.2920	10	4		
1147	2.2940	10	4		
1148	2.2960	10	4		
1149	2.2980	10	4		
1150	2.3000	10	4		
1151	2.3020	10	4		
1152	2.3040	10	4		
1153	2.3060	10	4		
1154	2.3080	10	4		
1155	2.3100	10	4		
1156	2.3120	10	4		
1157	2.3140	10	4		
1158	2.3160	10	4		
1159	2.3180	10	4		
1160	2.3200	10	4		
1161	2.3220	10	4		
1162	2.3240	10	4		
1163	2.3260	10	4		
1164	2.3280	10	4		
1165	2.3300	10	4		
1166	2.3320	10	4		
1167	2.3340	10	4		
1168	2.3360	10	4		
1169	2.3380	10	4		
1170	2.3400	10	4		
1171	2.3420	10	4		
1172	2.3440	10	4		
1173	2.3460	10	4		
1174	2.3480	10	4		
1175	2.3500	10	4		
1176	2.3520	10	4		
1177	2.3540	10	4		
1178	2.3560	10	4		
1179	2.3580	10	4		
1180	2.3600	10	4		
1181	2.3620	10	4		
1182	2.3640	10	4		
1183	2.3660	10	4		
1184	2.3680	10	4		
1185	2.3700	10	4		
1186	2.3720	10	4		
1187	2.3740	10	4		
1188	2.3760	10	4		
1189	2.3780	10	4		
1190	2.3800	10	4		
1191	2.3820	10	4		
1192	2.3840	10	4		
1193	2.3860	10	4		
1194	2.3880	10	4		
1195	2.3900	10	4		
1196	2.3920	10	4		
1197	2.3940	10	4		
1198	2.3960	10	4		
1199	2.3980	10	4		
1200	2.4000	10	4		
1201	2.4020	10	4		
1202	2.4040	10	4		
1203	2.4060	10	4		
1204	2.4080	10	4		
1205	2.4100	10	4		
1206	2.4120	10	4		
1207	2.4140	10	4		
1208	2.4160	10	4		
1209	2.4180	10	4		
1210	2.4200	10	4		
1211	2.4220	10	4		
1212	2.4240	10	4		
1213	2.4260	10	4		
1214	2.4280	10	4		
1215	2.4300	10	4		
1216	2.4320	10	4		
1217	2.4340	10	4		
1218	2.4360	10	4		
1219	2.4380	10	4		
1220	2.4400	10	4		
1221	2.4420	10	4		
1222	2.4440	10	4		
1223	2.4460	10	4		
1224	2.4480	10	4		
1225	2.4500	10	4		
1226	2.4520	10	4		
1227	2.4540	10	4		
1228	2.4560	10	4		
1229	2.4580	10	4		
1230	2.4600	10	4		
1231	2.4620	10	4		
1232	2.4640	10	4		
1233	2.4660	10	4		
1234	2.4680	10	4		
1235	2.4700	10	4		
1236	2.4720	10	4		
1237	2.4740	10	4		
1238	2.4760	10	4		
1239	2.4780	10	4		
1240	2.4800	10	4		
1241	2.4820	10	4		
1242	2.4840	10	4		
1243	2.4860	10	4		
1244	2.4880	10	4		
1245	2.4900	10	4		
1246	2.4920	10	4		
1247	2.4940	10	4		
1248	2.4960	10	4		
1249	2.4980	10	4		
1250	2.5000	10	4		
1251	2.5020	10	4		
1252	2.5040	10	4		
1253	2.5060	10	4		
1254	2.5080	10	4		
1255	2.5100	10	4		
1256	2.5120	10	4		
1257	2.5140	10	4		
1258	2.5160	10	4		
1259	2.5180	10	4		
1260	2.5200	10	4		
1261	2.5220	10	4		
1262	2.5240	10	4		
1263	2.5260	10	4		
1264	2.5280	10	4		
1265	2.5300	10	4		
1266	2.5320	10	4		
1267	2.5340	10	4		
1268	2.5360	10	4		
1269	2.5380	10	4		
1270	2.5400	10	4		
1271	2.5420	10	4		
1272	2.5440	10	4		
1273	2.5460	10	4		
1274	2.5480	10	4		
1275	2.5500	10	4		
1276	2.5520	10	4		
1277	2.5540	10	4		
1278	2.5560	9	4		
1279	2.5580	9	4		
1280	2.5600	9	3		
1281	2.5620	9	3		
1282	2.5640	9	3		
1283	2.5660	9	3		
1284	2.5680	9	3		
1285	2.5700	9	3		
1286	2.5720	9	3		
1287	2.5740	9	3		
1288	2.5760	9	3		
1289	2.5780	9	3		
1290	2.5800	9	3		
1291	2.5820	9	3		
1292	2.5840	9	3		
1293	2.5860	9	3		
1294	2.5880	9	3		
1295	2.5900	9	3		
1296	2.5920	9	3		
1297	2.5940	9	3		
1298	2.5960	9	3		
1299	2.5980	9	3		
1300	2.6000	9	3		
1301	2.6020	9	3		
1302	2.6040	9	3		
1303	2.6060	9	3		
1304	2.6080	9	3		
1305	2.6100	9	3		
1306	2.6120	9	3		
1307	2.6140	9	3		
1308	2.6160	9	3		
1309	2.6180	9	3		
1310	2.6200	9	3		
1311	2.6220	9	3		
1312	2.6240	9	3		
1313	2.6260	9	3		
1314	2.6280	9	3		
1315	2.6300	9	3		
1316	2.6320	9	3		
1317	2.6340	9	3		
1318	2.6360	9	3		
1319	2.6380	9	3		
1320	2.6400	9	3		
1321	2.6420	9	3		
1322	2.6440	9	2		
1323	2.6460	9	2		
1324	2.6480	9	2		
1325	2.6500	9	2		
1326	2.6520	9	2		
1327	2.6540	9	2		
1328	2.6560	9	2		
1329	2.6580	9	2		
1330	2.6600	9	2		
1331	2.6620	9	2		
1332	2.6640	9	2		
1333	2.6660	9	2		
1334	2.6680	9	2		
1335	2.6700	9	2		
1336	2.6720	9	2		
1337	2.6740	9	2		
1338	2.6760	9	2		
1339	2.6780	9	2		
1340	2.6800	9	2		
1341	2.6820	9	2		
1342	2.6840	9	2		
1343	2.6860	9	2		
1344	2.6880	8	2		
1345	2.6900	8	2		
1346	2.6920	8	2		
1347	2.6940	8	2		
1348	2.6960	8	2		
1349	2.6980	8	2		
1350	2.7000	8	2		
1351	2.7020	8	2		
1352	2.7040	8	2		
1353	2.7060	8	2		
1354	2.7080	8	2		
1355	2.7100	8	2		
1356	2.7120	8	2		
1357	2.7140	8	2		
1358	2.7160	8	2		
1359	2.7180	8	2		
1360	2.7200	8	2		
1361	2.7220	8	2		
1362	2.7240	8	2		
1363	2.7260	8	2		
1364	2.7280	8	2		
1365	2.7300	8	2		
1366	2.7320	8	2		
1367	2.7340	8	2		
1368	2.7360	8	2		
1369	2.7380	8	2		
1370	2.7400	8	2		
1371	2.7420	8	2		
1372	2.7440	7	2		
1373	2.7460	7	1		
1374	2.7480	7	1		
1375	2.7500	7	1		
1376	2.7520	7	1		
1377	2.7540	7	1		
1378	2.7560	7	1		
1379	2.7580	7	1		
1380	2.7600	7	1		
1381	2.7620	7	1		
1382	2.7640	7	1		
1383	2.7660	7	1		
1384	2.7680	7	1		
1385	2.7700	7	1		
1386	2.7720	7	1		
1387	2.7740	7	1		
1388	2.7760	7	1		
1389	2.7780	7	1		
1390	2.7800	7	1		
1391	2.7820	7	1		
1392	2.7840	7	1		
1393	2.7860	7	1		
1394	2.7880	7	1		
1395	2.7900	7	1		
1396	2.7920	7	1		
1397	2.7940	7	1		
1398	2.7960	6	1		
1399	2.7980	6	1		
1400	2.8000	6	1		
1401	2.8020	6	1		
1402	2.8040	6	1		
1403	2.8060	6	1		
1404	2.8080	6	1		
1405	2.8100	6	1		
1406	2.8120	6	1		
1407	2.8140	6	0		
1408	2.8160	6	0		
1409	2.8180	6	0		
1410	2.8200	6	0		
1411	2.8220	6	0		
1412	2.8240	6	0		
1413	2.8260	6	0		
1414	2.8280	6	0		
1415	2.8300	6	0		
1416	2.8320	6	0		
1417	2.8340	6	0		
1418	2.8360	6	0		
1419	2.8380	6	0		
1420	2.8400	6	0		
1421	2.8420	6	0		
1422	2.8440	6	0		
1423	2.8460	5	0		
1424	2.8480	5	0		
1425	2.8500	5	0		
1426	2.8520	5	0		
1427	2.8540	5	0		
1428	2.8560	5	0		
1429	2.8580	5	0		
1430	2.8600	5	0		
1431	2.8620	5	0		
1432	2.8640	5	0		
1433	2.8660	5	0		
1434	2.8680	5	0		
1435	2.8700	5	0		
1436	2.8720	5	0		
1437	2.8740	5	0		
1438	2.8760	5	0		
1439	2.8780	5	0		
1440	2.8800	5	0		
1441	2.8820	5	0		
1442	2.8840	5	0		
1443	2.8860	5	0		
1444	2.8880	5	0		
1445	2.8900	5	0		
1446	2.8920	5	0		
1447	2.8940	5	0		
1448	2.8960	4	0		
1449	2.8980	4	0		
1450	2.9000	4	0		
1451	2.9020	4	0		
1452	2.9040	4	0		
1453	2.9060	4	0		
1454	2.9080	4	0		
1455	2.9100	4	0		
1456	2.9120	4	-1		
1457	2.9140	4	-1		
1458	2.9160	4	-1		
1459	2.9180	4	-1		
1460	2.9200	4	-1		
1461	2.9220	4	-1		
1462	2.9240	4	-1		
1463	2.9260	4	-1		
1464	2.9280	4	-1		
1465	2.9300	4	-1		
1466	2.9320	4	-1		
1467	2.9340	4	-1		
1468	2.9360	4	-1		
1469	2.9380	4	-1		
1470	2.9400	4	-1		
1471	2.9420	4	-1		
1472	2.9440	4	-1		
1473	2.9460	3	-1		
1474	2.9480	3	-1		
1475	2.9500	3	-1		
1476	2.9520	3	-1		
1477	2.9540	3	-1		
1478	2.9560	3	-1		
1479	2.9580	3	-1		
1480	2.9600	3	-1		
1481	2.9620	3	-1		
1482	2.9640	3	-1		
1483	2.9660	3	-1		
1484	2.9680	3	-1		
1485	2.9700	3	-1		
1486	2.9720	3	-1		
1487	2.9740	3	-1		
1488	2.9760	3	-1		
1489	2.9780	3	-1		
1490	2.9800	3	-1		
1491	2.9820	3	-1		
1492	2.9840	3	-2		
1493	2.9860	3	-2		
1494	2.9880	3	-2		
1495	2.9900	3	-2		
1496	2.9920	3	-2		
1497	2.9940	3	-2		
1498	2.9960	3	-2		
1499	2.9980	2	-2		
1500	3.0000	2	-2		
1501	3.0020	2	-2		
1502	3.0040	2	-2		
1503	3.0060	2	-2		
1504	3.0080	2	-2		
1505	3.0100	2	-2		
1506	3.0120	2	-2		
1507	3.0140	2	-2		
1508	3.0160	2	-2		
1509	3.0180	2	-2		
1510	3.0200	2	-2		
1511	3.0220	2	-2		
1512	3.0240	2	-2		
1513	3.0260	2	-2		
1514	3.0280	2	-2		
1515	3.0300	2	-2		
1516	3.0320	2	-2		
1517	3.0340	2	-2		
1518	3.0360	2	-2		
1519	3.0380	2	-2		
1520	3.0400	2	-2		
1521	3.0420	2	-2		
1522	3.0440	2	-2		
1523	3.0460	2	-2		
1524	3.0480	2	-2		
1525	3.0500	1	-2		
1526	3.0520	1	-2		
1527	3.0540	1	-2		
1528	3.0560	1	-2		
1529	3.0580	1	-2		
1530	3.0600	1	-2		
1531	3.0620	1	-2		
1532	3.0640	1	-2		
1533	3.0660	1	-2		
1534	3.0680	1	-2		
1535	3.0700	1	-2		
1536	3.0720	1	-2		
1537	3.0740	1	-2		
1538	3.0760	1	-2		
1539	3.0780	1	-2		
1540	3.0800	1	-2		
1541	3.0820	1	-2		
1542	3.0840	1	-2		
1543	3.0860	1	-2		
1544	3.0880	1	-2		
1545	3.0900	1	-2		
1546	3.0920	1	-2		
1547	3.0940	1	-2		
1548	3.0960	1	-2		
1549	3.0980	1	-3		
1550	3.1000	1	-3		
1551	3.1020	1	-3		
1552	3.1040	1	-3		
1553	3.1060	0	-3		
1554	3.1080	0	-3		
1555	3.1100	0	-3		
1556	3.1120	0	-3		
1557	3.1140	0	-3		
1558	3.1160	0	-3		
1559	3.1180	0	-3		
1560	3.1200	0	-3		
1561	3.1220	0	-3		
1562	3.1240	0	-3		
1563	3.1260	0	-3		
1564	3.1280	0	-3		
1565	3.1300	0	-3		
1566	3.1320	0	-3		
1567	3.1340	0	-3		
1568	3.1360	0	-3		
1569	3.1380	0	-3		
1570	3.1400	0	-3		
1571	3.1420	0	-3		
1572	3.1440	0	-3		
1573	3.1460	0	-3		
1574	3.1480	0	-3		
1575	3.1500	0	-3		
1576	3.1520	0	-3		
1577	3.1540	0	-3		
1578	3.1560	0	-3		
1579	3.1580	0	-3		
1580	3.1600	0	-3		
1581	3.1620	0	-3		
1582	3.1640	0	-3		
1583	3.1660	0	-3		
1584	3.1680	0	-3		
1585	3.1700	-1	-3		
1586	3.1720	-1	-3		
1587	3.1740	-1	-3		
1588	3.1760	-1	-3		
1589	3.1780	-1	-3		
1590	3.1800	-1	-3		
1591	3.1820	-1	-3		
1592	3.1840	-1	-3		
1593	3.1860	-1	-3		
1594	3.1880	-1	-3		
1595	3.1900	-1	-3		
1596	3.1920	-1	-3		
1597	3.1940	-1	-3		
1598	3.1960	-1	-3		
1599	3.1980	-1	-4		
1600	3.2000	-1	-4		
1601	3.2020	-1	-4		
1602	3.2040	-1	-4		
1603	3.2060	-1	-4		
1604	3.2080	-1	-4		
1605	3.2100	-1	-4		
1606	3.2120	-1	-4		
1607	3.2140	-1	-4		
1608	3.2160	-1	-4		
1609	3.2180	-1	-4		
1610	3.2200	-1	-4		
1611	3.2220	-1	-4		
1612	3.2240	-1	-4		
1613	3.2260	-1	-4		
1614	3.2280	-1	-4		
1615	3.2300	-1	-4		
1616	3.2320	-1	-4		
1617	3.2340	-1	-4		
1618	3.2360	-1	-4		
1619	3.2380	-1	-4		
1620	3.2400	-1	-4		
1621	3.2420	-1	-4		
1622	3.2440	-2	-4		
1623	3.2460	-2	-4		
1624	3.2480	-2	-4		
1625	3.2500	-2	-4		
1626	3.2520	-2	-4		
1627	3.2540	-2	-4		
1628	3.2560	-2	-4		
1629	3.2580	-2	-4		
1630	3.2600	-2	-4		
1631	3.2620	-2	-4		
1632	3.2640	-2	-4		
1633	3.2660	-2	-4		
1634	3.2680	-2	-4		
1635	3.2700	-2	-4		
1636	3.2720	-2	-4		
1637	3.2740	-2	-4		
1638	3.2760	-2	-4		
1639	3.2780	-2	-4		
1640	3.2800	-2	-4		
1641	3.2820	-2	-4		
1642	3.2840	-2	-4		
1643	3.2860	-2	-4		
1644	3.2880	-2	-4		
1645	3.2900	-2	-4		
1646	3.2920	-2	-4		
1647	3.2940	-2	-4		
1648	3.2960	-2	-4		
1649	3.2980	-2	-4		
1650	3.3000	-2	-4		
1651	3.3020	-2	-4		
1652	3.3040	-2	-4		
1653	3.3060	-2	-4		
1654	3.3080	-2	-4		
1655	3.3100	-2	-4		
1656	3.3120	-2	-4		
1657	3.3140	-2	-4		
1658	3.3160	-2	-4		
1659	3.3180	-2	-4		
1660	3.3200	-2	-4		
1661	3.3220	-2	-4		
1662	3.3240	-2	-4		
1663	3.3260	-2	-4		
1664	3.3280	-2	-4		
1665	3.3300	-2	-4		
1666	3.3320	-2	-4		
1667	3.3340	-2	-4		
1668	3.3360	-2	-4		
1669	3.3380	-2	-4		
1670	3.3400	-2	-4		
1671	3.3420	-2	-4		
1672	3.3440	-2	-4		
1673	3.3460	-2	-4		
1674	3.3480	-2	-4		
1675	3.3500	-3	-4		
1676	3.3520	-3	-4		
1677	3.3540	-3	-4		
1678	3.3560	-3	-4		
1679	3.3580	-3	-4		
1680	3.3600	-3	-4		
1681	3.3620	-3	-4		
1682	3.3640	-3	-4		
1683	3.3660	-3	-4		
1684	3.3680	-3	-4		
1685	3.3700	-3	-4		
1686	3.3720	-3	-4		
1687	3.3740	-3	-4		
1688	3.3760	-3	-4		
1689	3.3780	-3	-4		
1690	3.3800	-3	-4		
1691	3.3820	-3	-4		
1692	3.3840	-3	-4		
1693	3.3860	-3	-4		
1694	3.3880	-3	-4		
1695	3.3900	-3	-4		
1696	3.3920	-3	-4		
1697	3.3940	-3	-4		
1698	3.3960	-3	-4		
1699	3.3980	-3	-4		
1700	3.4000	-3	-4		
1701	3.4020	-3	-4		
1702	3.4040	-3	-4		
1703	3.4060	-3	-4		
1704	3.4080	-3	-4		
1705	3.4100	-3	-4		
1706	3.4120	-3	-4		
1707	3.4140	-3	-4		
1708	3.4160	-3	-4		
1709	3.4180	-3	-4		
1710	3.4200	-3	-4		
1711	3.4220	-3	-4		
1712	3.4240	-3	-4		
1713	3.4260	-3	-4		
1714	3.4280	-3	-4		
1715	3.4300	-3	-4		
1716	3.4320	-3	-4		
1717	3.4340	-3	-4		
1718	3.4360	-3	-4		
1719	3.4380	-3	-4		
1720	3.4400	-3	-4		
1721	3.4420	-3	-4		
1722	3.4440	-3	-4		
1723	3.4460	-3	-4		
1724	3.4480	-3	-4		
1725	3.4500	-3	-4		
1726	3.4520	-3	-4		
1727	3.4540	-3	-4		
1728	3.4560	-3	-4		
1729	3.4580	-3	-4		
1730	3.4600	-3	-4		
1731	3.4620	-3	-4		
1732	3.4640	-3	-4		
1733	3.4660	-3	-4		
1734	3.4680	-3	-4		
1735	3.4700	-3	-4		
1736	3.4720	-3	-4		
1737	3.4740	-3	-4		
1738	3.4760	-3	-4		
1739	3.4780	-3	-4		
1740	3.4800	-3	-4		
1741	3.4820	-3	-4		
1742	3.4840	-3	-4		
1743	3.4860	-3	-4		
1744	3.4880	-3	-4		
1745	3.4900	-3	-4		
1746	3.4920	-3	-4		
1747	3.4940	-3	-4		
1748	3.4960	-3	-4		
1749	3.4980	-3	-4		
1750	3.5000	-3	-4		
1751	3.5020	-3	-4		
1752	3.5040	-3	-4		
1753	3.5060	-3	-4		
1754	3.5080	-3	-4		
1755	3.5100	-3	-4		
1756	3.5120	-3	-4		
1757	3.5140	-3	-4		
1758	3.5160	-3	-4		
1759	3.5180	-3	-4		
1760	3.5200	-3	-4		
1761	3.5220	-3	-4		
1762	3.5240	-3	-4		
1763	3.5260	-3	-4		
1764	3.5280	-3	-4		
1765	3.5300	-3	-4		
1766	3.5320	-3	-4		
1767	3.5340	-3	-4		
1768	3.5360	-3	-4		
1769	3.5380	-3	-4		
1770	3.5400	-3	-4		
1771	3.5420	-3	-4		
1772	3.5440	-3	-4		
1773	3.5460	-3	-4		
1774	3.5480	-3	-4		
1775	3.5500	-3	-4		
1776	3.5520	-3	-4		
1777	3.5540	-3	-4		
1778	3.5560	-3	-4		
1779	3.5580	-3	-4		
1780	3.5600	-3	-4		
1781	3.5620	-3	-4		
1782	3.5640	-3	-4		
1783	3.5660	-3	-4		
1784	3.5680	-3	-4		
1785	3.5700	-3	-4		
1786	3.5720	-3	-4		
1787	3.5740	-3	-4		
1788	3.5760	-3	-4		
1789	3.5780	-3	-4		
1790	3.5800	-3	-4		
1791	3.5820	-3	-4		
1792	3.5840	-3	-4		
1793	3.5860	-3	-4		
1794	3.5880	-3	-4		
1795	3.5900	-3	-4		
1796	3.5920	-3	-4		
1797	3.5940	-3	-4		
1798	3.5960	-3	-4		
1799	3.5980	-3	-4		
1800	3.6000	-3	-4		
1801	3.6020	-3	-4		
1802	3.6040	-3	-4		
1803	3.6060	-3	-4		
1804	3.6080	-3	-4		
1805	3.6100	-3	-4		
1806	3.6120	-3	-4		
1807	3.6140	-3	-4		
1808	3.6160	-3	-4		
1809	3.6180	-3	-4		
1810	3.6200	-3	-4		
1811	3.6220	-2	-4		
1812	3.6240	-2	-4		
1813	3.6260	-2	-4		
1814	3.6280	-2	-4		
1815	3.6300	-2	-4		
1816	3.6320	-2	-4		
1817	3.6340	-2	-4		
1818	3.6360	-2	-4		
1819	3.6380	-2	-4		
1820	3.6400	-2	-4		
1821	3.6420	-2	-4		
1822	3.6440	-2	-4		
1823	3.6460	-2	-4		
1824	3.6480	-2	-4		
1825	3.6500	-2	-4		
1826	3.6520	-2	-4		
1827	3.6540	-2	-4		
1828	3.6560	-2	-4		
1829	3.6580	-2	-4		
1830	3.6600	-2	-4		
1831	3.6620	-2	-4		
1832	3.6640	-2	-4		
1833	3.6660	-2	-4		
1834	3.6680	-2	-4		
1835	3.6700	-2	-4		
1836	3.6720	-2	-4		
1837	3.6740	-2	-4		
1838	3.6760	-2	-4		
1839	3.6780	-2	-4		
1840	3.6800	-2	-4		
1841	3.6820	-2	-4		
1842	3.6840	-2	-4		
1843	3.6860	-2	-4		
1844	3.6880	-2	-4		
1845	3.6900	-2	-4		
1846	3.6920	-2	-4		
1847	3.6940	-2	-4		
1848	3.6960	-2	-4		
1849	3.6980	-2	-4		
1850	3.7000	-2	-4		
1851	3.7020	-2	-4		
1852	3.7040	-2	-4		
1853	3.7060	-2	-4		
1854	3.7080	-2	-4		
1855	3.7100	-2	-4		
1856	3.7120	-2	-4		
1857	3.7140	-2	-4		
1858	3.7160	-2	-4		
1859	3.7180	-2	-4		
1860	3.7200	-2	-4		
1861	3.7220	-2	-4		
1862	3.7240	-2	-4		
1863	3.7260	-2	-4		
1864	3.7280	-1	-4		
1865	3.7300	-1	-4		
1866	3.7320	-1	-4		
1867	3.7340	-1	-4		
1868	3.7360	-1	-4		
1869	3.7380	-1	-4		
1870	3.7400	-1	-4		
1871	3.7420	-1	-4		
1872	3.7440	-1	-4		
1873	3.7460	-1	-4		
1874	3.7480	-1	-4		
1875	3.7500	-1	-4		
1876	3.7520	-1	-3		
1877	3.7540	-1	-3		
1878	3.7560	-1	-3		
1879	3.7580	-1	-3		
1880	3.7600	-1	-3		
1881	3.7620	-1	-3		
1882	3.7640	-1	-3		
1883	3.7660	-1	-3		
1884	3.7680	-1	-3		
1885	3.7700	-1	-3		
1886	3.7720	-1	-3		
1887	3.7740	-1	-3		
1888	3.7760	-1	-3		
1889	3.7780	-1	-3		
1890	3.7800	-1	-3		
1891	3.7820	-1	-3		
1892	3.7840	-1	-3		
1893	3.7860	-1	-3		
1894	3.7880	-1	-3		
1895	3.7900	-1	-3		
1896	3.7920	-1	-3		
1897	3.7940	-1	-3		
1898	3.7960	-1	-3		
1899	3.7980	-1	-3		
1900	3.8000	-1	-3		
1901	3.8020	0	-3		
1902	3.8040	0	-3		
1903	3.8060	0	-3		
1904	3.8080	0	-3		
1905	3.8100	0	-3		
1906	3.8120	0	-3		
1907	3.8140	0	-3		
1908	3.8160	0	-3		
1909	3.8180	0	-3		
1910	3.8200	0	-3		
1911	3.8220	0	-3		
1912	3.8240	0	-3		
1913	3.8260	0	-3		
1914	3.8280	0	-3		
1915	3.8300	0	-3		
1916	3.8320	0	-3		
1917	3.8340	0	-3		
1918	3.8360	0	-3		
1919	3.8380	0	-3		
1920	3.8400	0	-3		
1921	3.8420	0	-3		
1922	3.8440	0	-3		
1923	3.8460	0	-3		
1924	3.8480	0	-3		
1925	3.8500	0	-3		
1926	3.8520	0	-3		
1927	3.8540	0	-3		
1928	3.8560	0	-3		
1929	3.8580	0	-3		
1930	3.8600	0	-3		
1931	3.8620	0	-3		
1932	3.8640	1	-3		
1933	3.8660	1	-3		
1934	3.8680	1	-2		
1935	3.8700	1	-2		
1936	3.8720	1	-2		
1937	3.8740	1	-2		
1938	3.8760	1	-2		
1939	3.8780	1	-2		
1940	3.8800	1	-2		
1941	3.8820	1	-2		
1942	3.8840	1	-2		
1943	3.8860	1	-2		
1944	3.8880	1	-2		
1945	3.8900	1	-2		
1946	3.8920	1	-2		
1947	3.8940	1	-2		
1948	3.8960	1	-2		
1949	3.8980	1	-2		
1950	3.9000	1	-2		
1951	3.9020	1	-2		
1952	3.9040	1	-2		
1953	3.9060	1	-2		
1954	3.9080	1	-2		
1955	3.9100	1	-2		
1956	3.9120	1	-2		
1957	3.9140	1	-2		
1958	3.9160	1	-2		
1959	3.9180	1	-2		
1960	3.9200	2	-2		
1961	3.9220	2	-2		
1962	3.9240	2	-2		
1963	3.9260	2	-2		
1964	3.9280	2	-2		
1965	3.9300	2	-2		
1966	3.9320	2	-2		
1967	3.9340	2	-2		
1968	3.9360	2	-2		
1969	3.9380	2	-2		
1970	3.9400	2	-2		
1971	3.9420	2	-2		
1972	3.9440	2	-2		
1973	3.9460	2	-2		
1974	3.9480	2	-2		
1975	3.9500	2	-2		
1976	3.9520	2	-2		
1977	3.9540	2	-2		
1978	3.9560	2	-2		
1979	3.9580	2	-2		
1980	3.9600	2	-2		
1981	3.9620	2	-2		
1982	3.9640	2	-2		
1983	3.9660	2	-2		
1984	3.9680	2	-2		
1985	3.9700	2	-2		
1986	3.9720	2	-2		
1987	3.9740	3	-2		
1988	3.9760	3	-2		
1989	3.9780	3	-2		
1990	3.9800	3	-2		
1991	3.9820	3	-2		
1992	3.9840	3	-2		
1993	3.9860	3	-2		
1994	3.9880	3	-2		
1995	3.9900	3	-2		
1996	3.9920	3	-2		
1997	3.9940	3	-2		
1998	3.9960	3	-2		
1999	3.9980	3	-2		
2000	4.0000	3	-2		
2001	4.0020	3	-2		
2002	4.0040	3	-2		
2003	4.0060	3	-2		
2004	4.0080	3	-2		
2005	4.0100	3	-1		
2006	4.0120	3	-1		
2007	4.0140	3	-1		
2008	4.0160	3	-1		
2009	4.0180	3	-1		
2010	4.0200	3	-1		
2011	4.0220	3	-1		
2012	4.0240	4	-1		
2013	4.0260	4	-1		
2014	4.0280	4	-1		
2015	4.0300	4	-1		
2016	4.0320	4	-1		
2017	4.0340	4	-1		
2018	4.0360	4	-1		
2019	4.0380	4	-1		
2020	4.0400	4	-1		
2021	4.0420	4	-1		
2022	4.0440	4	-1		
2023	4.0460	4	-1		
2024	4.0480	4	-1		
2025	4.0500	4	-1		
2026	4.0520	4	-1		
2027	4.0540	4	-1		
2028	4.0560	4	-1		
2029	4.0580	4	-1		
2030	4.0600	4	-1		
2031	4.0620	4	-1		
2032	4.0640	4	-1		
2033	4.0660	4	-1		
2034	4.0680	4	-1		
2035	4.0700	4	-1		
2036	4.0720	4	-1		
2037	4.0740	4	-1		
2038	4.0760	5	-1		
2039	4.0780	5	-1		
2040	4.0800	5	-1		
2041	4.0820	5	-1		
2042	4.0840	5	-1		
2043	4.0860	5	-1		
2044	4.0880	5	-1		
2045	4.0900	5	-1		
2046	4.0920	5	-1		
2047	4.0940	5	0		
2048	4.0960	5	0		
2049	4.0980	5	0		
2050	4.1000	5	0		
2051	4.1020	5	0		
2052	4.1040	5	0		
2053	4.1060	5	0		
2054	4.1080	5	0		
2055	4.1100	5	0		
2056	4.1120	5	0		
2057	4.1140	5	0		
2058	4.1160	5	0		
2059	4.1180	5	0		
2060	4.1200	5	0		
2061	4.1220	5	0		
2062	4.1240	6	0		
2063	4.1260	6	0		
2064	4.1280	6	0		
2065	4.1300	6	0		
2066	4.1320	6	0		
2067	4.1340	6	0		
2068	4.1360	6	0		
2069	4.1380	6	0		
2070	4.1400	6	0		
2071	4.1420	6	0		
2072	4.1440	6	0		
2073	4.1460	6	0		
2074	4.1480	6	0		
2075	4.1500	6	0		
2076	4.1520	6	0		
2077	4.1540	6	0		
2078	4.1560	6	0		
2079	4.1580	6	0		
2080	4.1600	6	0		
2081	4.1620	6	0		
2082	4.1640	6	0		
2083	4.1660	6	0		
2084	4.1680	6	0		
2085	4.1700	6	0		
2086	4.1720	6	0		
2087	4.1740	6	0		
2088	4.1760	7	0		
2089	4.1780	7	0		
2090	4.1800	7	0		
2091	4.1820	7	0		
2092	4.1840	7	0		
2093	4.1860	7	0		
2094	4.1880	7	0		
2095	4.1900	7	0		
2096	4.1920	7	0		
2097	4.1940	7	0		
2098	4.1960	7	0		
2099	4.1980	7	0		
2100	4.2000	7	0		
2101	4.2020	7	1		
2102	4.2040	7	1		
2103	4.2060	7	1		
2104	4.2080	7	1		
2105	4.2100	7	1		
2106	4.2120	7	1		
2107	4.2140	7	1		
2108	4.2160	7	1		
2109	4.2180	7	1		
2110	4.2200	7	1		
2111	4.2220	7	1		
2112	4.2240	7	1		
2113	4.2260	7	1		
2114	4.2280	8	1		
2115	4.2300	8	1		
2116	4.2320	8	1		
2117	4.2340	8	1		
2118	4.2360	8	1		
2119	4.2380	8	1		
2120	4.2400	8	1		
2121	4.2420	8	1		
2122	4.2440	8	1		
2123	4.2460	8	1		
2124	4.2480	8	1		
2125	4.2500	8	1		
2126	4.2520	8	1		
2127	4.2540	8	1		
2128	4.2560	8	1		
2129	4.2580	8	1		
2130	4.2600	8	1		
2131	4.2620	8	1		
2132	4.2640	8	1		
2133	4.2660	8	1		
2134	4.2680	8	1		
2135	4.2700	8	1		
2136	4.2720	8	2		
2137	4.2740	8	2		
2138	4.2760	8	2		
2139	4.2780	8	2		
2140	4.2800	8	2		
2141	4.2820	8	2		
2142	4.2840	8	2		
2143	4.2860	9	2		
2144	4.2880	9	2		
2145	4.2900	9	2		
2146	4.2920	9	2		
2147	4.2940	9	2		
2148	4.2960	9	2		
2149	4.2980	9	2		
2150	4.3000	9	2		
2151	4.3020	9	2		
2152	4.3040	9	2		
2153	4.3060	9	2		
2154	4.3080	9	2		
2155	4.3100	9	2		
2156	4.3120	9	2		
2157	4.3140	9	2		
2158	4.3160	9	2		
2159	4.3180	9	2		
2160	4.3200	9	2		
2161	4.3220	9	2		
2162	4.3240	9	2		
2163	4.3260	9	2		
2164	4.3280	9	2		
2165	4.3300	9	2		
2166	4.3320	9	2		
2167	4.3340	9	2		
2168	4.3360	9	2		
2169	4.3380	9	2		
2170	4.3400	9	2		
2171	4.3420	9	2		
2172	4.3440	9	2		
2173	4.3460	9	2		
2174	4.3480	9	2		
2175	4.3500	9	2		
2176	4.3520	9	2		
2177	4.3540	9	2		
2178	4.3560	9	2		
2179	4.3580	9	2		
2180	4.3600	9	2		
2181	4.3620	9	2		
2182	4.3640	9	2		
2183	4.3660	9	2		
2184	4.3680	9	2		
2185	4.3700	9	3		
2186	4.3720	9	3		
2187	4.3740	9	3		
2188	4.3760	9	3		
2189	4.3780	9	3		
2190	4.3800	9	3		
2191	4.3820	9	3		
2192	4.3840	9	3		
2193	4.3860	9	3		
2194	4.3880	9	3		
2195	4.3900	9	3		
2196	4.3920	9	3		
2197	4.3940	9	3		
2198	4.3960	9	3		
2199	4.3980	9	3		
2200	4.4000	9	3		
2201	4.4020	9	3		
2202	4.4040	9	3		
2203	4.4060	9	3		
2204	4.4080	9	3		
2205	4.4100	9	3		
2206	4.4120	9	3		
2207	4.4140	9	3		
2208	4.4160	10	3		
2209	4.4180	10	3		
2210	4.4200	10	3		
2211	4.4220	10	3		
2212	4.4240	10	3		
2213	4.4260	10	3		
2214	4.4280	10	3		
2215	4.4300	10	3		
2216	4.4320	10	3		
2217	4.4340	10	3		
2218	4.4360	10	3		
2219	4.4380	10	3		
2220	4.4400	10	3		
2221	4.4420	10	3		
2222	4.4440	10	4		
2223	4.4460	10	4		
2224	4.4480	10	4		
2225	4.4500	10	4		
2226	4.4520	10	4		
2227	4.4540	10	4		
2228	4.4560	10	4		
2229	4.4580	10	4		
2230	4.4600	10	4		
2231	4.4620	10	4		
2232	4.4640	10	4		
2233	4.4660	10	4		
2234	4.4680	10	4		
2235	4.4700	10	4		
2236	4.4720	10	4		
2237	4.4740	10	4		
2238	4.4760	10	4		
2239	4.4780	10	4		
2240	4.4800	10	4		
2241	4.4820	10	4		
2242	4.4840	10	4		
2243	4.4860	10	4		
2244	4.4880	10	4		
2245	4.4900	10	4		
2246	4.4920	10	4		
2247	4.4940	10	4		
2248	4.4960	10	4		
2249	4.4980	10	4		
2250	4.5000	10	4		
2251	4.5020	10	4		
2252	4.5040	10	4		
2253	4.5060	10	4		
2254	4.5080	10	4		
2255	4.5100	10	4		
2256	4.5120	10	4		
2257	4.5140	10	4		
2258	4.5160	10	4		
2259	4.5180	10	4		
2260	4.5200	10	4		
2261	4.5220	10	4		
2262	4.5240	10	4		
2263	4.5260	10	4		
2264	4.5280	10	4		
2265	4.5300	10	4		
2266	4.5320	10	4		
2267	4.5340	10	4		
2268	4.5360	10	4		
2269	4.5380	10	4		
2270	4.5400	10	4		
2271	4.5420	10	4		
2272	4.5440	10	4		
2273	4.5460	10	4		
2274	4.5480	10	4		
2275	4.5500	10	4		
2276	4.5520	10	4		
2277	4.5540	10	4		
2278	4.5560	10	4		
2279	4.5580	10	4		
2280	4.5600	10	4		
2281	4.5620	10	4		
2282	4.5640	10	4		
2283	4.5660	10	4		
2284	4.5680	10	4		
2285	4.5700	10	4		
2286	4.5720	10	4		
2287	4.5740	10	4		
2288	4.5760	10	4		
2289	4.5780	10	4		
2290	4.5800	10	4		
2291	4.5820	10	4		
2292	4.5840	10	4		
2293	4.5860	10	4		
2294	4.5880	10	4		
2295	4.5900	10	4		
2296	4.5920	10	4		
2297	4.5940	10	4		
2298	4.5960	10	5		
2299	4.5980	10	5		
2300	4.6000	10	5		
2301	4.6020	10	5		
2302	4.6040	10	5		
2303	4.6060	10	5		
2304	4.6080	10	5		
2305	4.6100	10	5		
2306	4.6120	10	5		
2307	4.6140	10	5		
2308	4.6160	10	5		
2309	4.6180	10	5		
2310	4.6200	10	5		
2311	4.6220	10	5		
2312	4.6240	10	5		
2313	4.6260	10	5		
2314	4.6280	10	5		
2315	4.6300	10	5		
2316	4.6320	10	5		
2317	4.6340	10	5		
2318	4.6360	10	5		
2319	4.6380	10	5		
2320	4.6400	10	5		
2321	4.6420	10	5		
2322	4.6440	10	5		
2323	4.6460	10	5		
2324	4.6480	10	5		
2325	4.6500	10	5		
2326	4.6520	10	5		
2327	4.6540	10	5		
2328	4.6560	10	5		
2329	4.6580	10	5		
2330	4.6600	10	5		
2331	4.6620	10	5		
2332	4.6640	10	5		
2333	4.6660	10	5		
2334	4.6680	10	5		
2335	4.6700	10	5		
2336	4.6720	10	5		
2337	4.6740	10	5		
2338	4.6760	10	5		
2339	4.6780	10	5		
2340	4.6800	10	5		
2341	4.6820	10	5		
2342	4.6840	10	5		
2343	4.6860	10	5		
2344	4.6880	10	5		
2345	4.6900	10	5		
2346	4.6920	10	5		
2347	4.6940	10	5		
2348	4.6960	10	5		
2349	4.6980	10	5		
2350	4.7000	10	5		
2351	4.7020	10	5		
2352	4.7040	10	5		
2353	4.7060	10	5		
2354	4.7080	10	5		
2355	4.7100	10	5		
2356	4.7120	10	5		
2357	4.7140	10	5		
2358	4.7160	10	5		
2359	4.7180	10	5		
2360	4.7200	10	5		
2361	4.7220	10	5		
2362	4.7240	10	5		
2363	4.7260	10	5		
2364	4.7280	10	5		
2365	4.7300	10	5		
2366	4.7320	10	5		
2367	4.7340	10	5		
2368	4.7360	10	5		
2369	4.7380	10	5		
2370	4.7400	10	5		
2371	4.7420	10	5		
2372	4.7440	10	5		
2373	4.7460	10	5		
2374	4.7480	10	5		
2375	4.7500	10	5		
2376	4.7520	10	5		
2377	4.7540	10	5		
2378	4.7560	10	5		
2379	4.7580	10	5		
2380	4.7600	10	5		
2381	4.7620	10	5		
2382	4.7640	10	5		
2383	4.7660	10	5		
2384	4.7680	10	5		
2385	4.7700	10	5		
2386	4.7720	10	5		
2387	4.7740	10	5		
2388	4.7760	10	5		
2389	4.7780	10	5		
2390	4.7800	10	5		
2391	4.7820	10	5		
2392	4.7840	10	5		
2393	4.7860	10	5		
2394	4.7880	10	5		
2395	4.7900	10	5		
2396	4.7920	10	5		
2397	4.7940	10	5		
2398	4.7960	10	5		
2399	4.7980	10	5		
2400	4.8000	10	5		
2401	4.8020	10	5		
2402	4.8040	10	5		
2403	4.8060	10	4		
2404	4.8080	10	4		
2405	4.8100	10	4		
2406	4.8120	10	4		
2407	4.8140	10	4		
2408	4.8160	10	4		
2409	4.8180	10	4		
2410	4.8200	10	4		
2411	4.8220	10	4		
2412	4.8240	10	4		
2413	4.8260	10	4		
2414	4.8280	10	4		
2415	4.8300	10	4		
2416	4.8320	10	4		
2417	4.8340	10	4		
2418	4.8360	10	4		
2419	4.8380	10	4		
2420	4.8400	10	4		
2421	4.8420	10	4		
2422	4.8440	10	4		
2423	4.8460	10	4		
2424	4.8480	10	4		
2425	4.8500	10	4		
2426	4.8520	10	4		
2427	4.8540	10	4		
2428	4.8560	10	4		
2429	4.8580	10	4		
2430	4.8600	10	4		
2431	4.8620	10	4		
2432	4.8640	10	4		
2433	4.8660	10	4		
2434	4.8680	10	4		
2435	4.8700	10	4		
2436	4.8720	10	4		
2437	4.8740	10	4		
2438	4.8760	10	4		
2439	4.8780	10	4		
2440	4.8800	10	4		
2441	4.8820	10	4		
2442	4.8840	10	4		
2443	4.8860	10	4		
2444	4.8880	10	4		
2445	4.8900	10	4		
2446	4.8920	10	4		
2447	4.8940	10	4		
2448	4.8960	10	4		
2449	4.8980	10	4		
2450	4.9000	10	4		
2451	4.9020	10	4		
2452	4.9040	10	4		
2453	4.9060	10	4		
2454	4.9080	10	4		
2455	4.9100	10	4		
2456	4.9120	10	4		
2457	4.9140	10	4		
2458	4.9160	10	4		
2459	4.9180	10	4		
2460	4.9200	10	4		
2461	4.9220	10	4		
2462	4.9240	10	4		
2463	4.9260	9	4		
2464	4.9280	9	4		
2465	4.9300	9	4		
2466	4.9320	9	4		
2467	4.9340	9	4		
2468	4.9360	9	4		
2469	4.9380	9	4		
2470	4.9400	9	4		
2471	4.9420	9	4		
2472	4.9440	9	4		
2473	4.9460	9	4		
2474	4.9480	9	4		
2475	4.9500	9	4		
2476	4.9520	9	3		
2477	4.9540	9	3		
2478	4.9560	9	3		
2479	4.9580	9	3		
2480	4.9600	9	3		
2481	4.9620	9	3		
2482	4.9640	9	3		
2483	4.9660	9	3		
2484	4.9680	9	3		
2485	4.9700	9	3		
2486	4.9720	9	3		
2487	4.9740	9	3		
2488	4.9760	9	3		
2489	4.9780	9	3		
2490	4.9800	9	3		
2491	4.9820	9	3		
2492	4.9840	9	3		
2493	4.9860	9	3		
2494	4.9880	9	3		
2495	4.9900	9	3		
2496	4.9920	9	3		
2497	4.9940	9	3		
2498	4.9960	9	3		
2499	4.9980	9	3		
2500	5.0000	9	3		
2501	5.0020	9	3		
2502	5.0040	9	3		
2503	5.0060	9	3		
2504	5.0080	9	3		
2505	5.0100	9	3		
2506	5.0120	9	3		
2507	5.0140	9	3		
2508	5.0160	9	3		
2509	5.0180	9	3		
2510	5.0200	9	3		
2511	5.0220	9	3		
2512	5.0240	9	2		
2513	5.0260	9	2		
2514	5.0280	9	2		
2515	5.0300	9	2		
2516	5.0320	9	2		
2517	5.0340	9	2		
2518	5.0360	9	2		
2519	5.0380	9	2		
2520	5.0400	9	2		
2521	5.0420	9	2		
2522	5.0440	9	2		
2523	5.0460	9	2		
2524	5.0480	9	2		
2525	5.0500	9	2		
2526	5.0520	9	2		
2527	5.0540	9	2		
2528	5.0560	9	2		
2529	5.0580	8	2		
2530	5.0600	8	2		
2531	5.0620	8	2		
2532	5.0640	8	2		
2533	5.0660	8	2		
2534	5.0680	8	2		
2535	5.0700	8	2		
2536	5.0720	8	2		
2537	5.0740	8	2		
2538	5.0760	8	2		
2539	5.0780	8	2		
2540	5.0800	8	2		
2541	5.0820	8	2		
2542	5.0840	8	2		
2543	5.0860	8	2		
2544	5.0880	8	2		
2545	5.0900	8	2		
2546	5.0920	8	2		
2547	5.0940	8	2		
2548	5.0960	8	2		
2549	5.0980	8	2		
2550	5.1000	8	2		
2551	5.1020	8	2		
2552	5.1040	8	2		
2553	5.1060	8	2		
2554	5.1080	8	2		
2555	5.1100	8	2		
2556	5.1120	8	2		
2557	5.1140	7	1		
2558	5.1160	7	1		
2559	5.1180	7	1		
2560	5.1200	7	1		
2561	5.1220	7	1		
2562	5.1240	7	1		
2563	5.1260	7	1		
2564	5.1280	7	1		
2565	5.1300	7	1		
2566	5.1320	7	1		
2567	5.1340	7	1		
2568	5.1360	7	1		
2569	5.1380	7	1		
2570	5.1400	7	1		
2571	5.1420	7	1		
2572	5.1440	7	1		
2573	5.1460	7	1		
2574	5.1480	7	1		
2575	5.1500	7	1		
2576	5.1520	7	1		
2577	5.1540	7	1		
2578	5.1560	7	1		
2579	5.1580	7	1		
2580	5.1600	7	1		
2581	5.1620	7	1		
2582	5.1640	6	1		
2583	5.1660	6	1		
2584	5.1680	6	1		
2585	5.1700	6	1		
2586	5.1720	6	1		
2587	5.1740	6	1		
2588	5.1760	6	1		
2589	5.1780	6	0		
2590	5.1800	6	0		
2591	5.1820	6	0		
2592	5.1840	6	0		
2593	5.1860	6	0		
2594	5.1880	6	0		
2595	5.1900	6	0		
2596	5.1920	6	0		
2597	5.1940	6	0		
2598	5.1960	6	0		
2599	5.1980	6	0		
2600	5.2000	6	0		
2601	5.2020	6	0		
2602	5.2040	6	0		
2603	5.2060	6	0		
2604	5.2080	6	0		
2605	5.2100	6	0		
2606	5.2120	6	0		
2607	5.2140	6	0		
2608	5.2160	5	0		
2609	5.2180	5	0		
2610	5.2200	5	0		
2611	5.2220	5	0		
2612	5.2240	5	0		
2613	5.2260	5	0		
2614	5.2280	5	0		
2615	5.2300	5	0		
2616	5.2320	5	0		
2617	5.2340	5	0		
2618	5.2360	5	0		
2619	5.2380	5	0		
2620	5.2400	5	0		
2621	5.2420	5	0		
2622	5.2440	5	0		
2623	5.2460	5	0		
2624	5.2480	5	0		
2625	5.2500	5	0		
2626	5.2520	5	0		
2627	5.2540	5	0		
2628	5.2560	5	0		
2629	5.2580	5	0		
2630	5.2600	5	0		
2631	5.2620	5	0		
2632	5.2640	5	0		
2633	5.2660	4	0		
2634	5.2680	4	-1		
2635	5.2700	4	-1		
2636	5.2720	4	-1		
2637	5.2740	4	-1		
2638	5.2760	4	-1		
2639	5.2780	4	-1		
2640	5.2800	4	-1		
2641	5.2820	4	-1		
2642	5.2840	4	-1		
2643	5.2860	4	-1		
2644	5.2880	4	-1		
2645	5.2900	4	-1		
2646	5.2920	4	-1		
2647	5.2940	4	-1		
2648	5.2960	4	-1		
2649	5.2980	4	-1		
2650	5.3000	4	-1		
2651	5.3020	4	-1		
2652	5.3040	4	-1		
2653	5.3060	4	-1		
2654	5.3080	4	-1		
2655	5.3100	4	-1		
2656	5.3120	4	-1		
2657	5.3140	4	-1		
2658	5.3160	3	-1		
2659	5.3180	3	-1		
2660	5.3200	3	-1		
2661	5.3220	3	-1		
2662	5.3240	3	-1		
2663	5.3260	3	-1		
2664	5.3280	3	-1		
2665	5.3300	3	-1		
2666	5.3320	3	-1		
2667	5.3340	3	-1		
2668	5.3360	3	-2		
2669	5.3380	3	-2		
2670	5.3400	3	-2		
2671	5.3420	3	-2		
2672	5.3440	3	-2		
2673	5.3460	3	-2		
2674	5.3480	3	-2		
2675	5.3500	3	-2		
2676	5.3520	3	-2		
2677	5.3540	3	-2		
2678	5.3560	3	-2		
2679	5.3580	3	-2		
2680	5.3600	3	-2		
2681	5.3620	3	-2		
2682	5.3640	3	-2		
2683	5.3660	3	-2		
2684	5.3680	2	-2		
2685	5.3700	2	-2		
2686	5.3720	2	-2		
2687	5.3740	2	-2		
2688	5.3760	2	-2		
2689	5.3780	2	-2		
2690	5.3800	2	-2		
2691	5.3820	2	-2		
2692	5.3840	2	-2		
2693	5.3860	2	-2		
2694	5.3880	2	-2		
2695	5.3900	2	-2		
2696	5.3920	2	-2		
2697	5.3940	2	-2		
2698	5.3960	2	-2		
2699	5.3980	2	-2		
2700	5.4000	2	-2		
2701	5.4020	2	-2		
2702	5.4040	2	-2		
2703	5.4060	2	-2		
2704	5.4080	2	-2		
2705	5.4100	2	-2		
2706	5.4120	2	-2		
2707	5.4140	2	-2		
2708	5.4160	2	-2		
2709	5.4180	2	-2		
2710	5.4200	1	-2		
2711	5.4220	1	-2		
2712	5.4240	1	-2		
2713	5.4260	1	-2		
2714	5.4280	1	-2		
2715	5.4300	1	-2		
2716	5.4320	1	-2		
2717	5.4340	1	-2		
2718	5.4360	1	-2		
2719	5.4380	1	-2		
2720	5.4400	1	-2		
2721	5.4420	1	-2		
2722	5.4440	1	-2		
2723	5.4460	1	-2		
2724	5.4480	1	-2		
2725	5.4500	1	-2		
2726	5.4520	1	-2		
2727	5.4540	1	-3		
2728	5.4560	1	-3		
2729	5.4580	1	-3		
2730	5.4600	1	-3		
2731	5.4620	1	-3		
2732	5.4640	1	-3		
2733	5.4660	1	-3		
2734	5.4680	1	-3		
2735	5.4700	1	-3		
2736	5.4720	1	-3		
2737	5.4740	1	-3		
2738	5.4760	0	-3		
2739	5.4780	0	-3		
2740	5.4800	0	-3		
2741	5.4820	0	-3		
2742	5.4840	0	-3		
2743	5.4860	0	-3		
2744	5.4880	0	-3		
2745	5.4900	0	-3		
2746	5.4920	0	-3		
2747	5.4940	0	-3		
2748	5.4960	0	-3		
2749	5.4980	0	-3		
2750	5.5000	0	-3		
2751	5.5020	0	-3		
2752	5.5040	0	-3		
2753	5.5060	0	-3		
2754	5.5080	0	-3		
2755	5.5100	0	-3		
2756	5.5120	0	-3		
2757	5.5140	0	-3		
2758	5.5160	0	-3		
2759	5.5180	0	-3		
2760	5.5200	0	-3		
2761	5.5220	0	-3		
2762	5.5240	0	-3		
2763	5.5260	0	-3		
2764	5.5280	0	-3		
2765	5.5300	0	-3		
2766	5.5320	0	-3		
2767	5.5340	0	-3		
2768	5.5360	0	-3		
2769	5.5380	0	-3		
2770	5.5400	-1	-3		
2771	5.5420	-1	-3		
2772	5.5440	-1	-3		
2773	5.5460	-1	-3		
2774	5.5480	-1	-3		
2775	5.5500	-1	-3		
2776	5.5520	-1	-3		
2777	5.5540	-1	-3		
2778	5.5560	-1	-3		
2779	5.5580	-1	-3		
2780	5.5600	-1	-3		
2781	5.5620	-1	-3		
2782	5.5640	-1	-4		
2783	5.5660	-1	-4		
2784	5.5680	-1	-4		
2785	5.5700	-1	-4		
2786	5.5720	-1	-4		
2787	5.5740	-1	-4		
2788	5.5760	-1	-4		
2789	5.5780	-1	-4		
2790	5.5800	-1	-4		
2791	5.5820	-1	-4		
2792	5.5840	-1	-4		
2793	5.5860	-1	-4		
2794	5.5880	-1	-4		
2795	5.5900	-1	-4		
2796	5.5920	-1	-4		
2797	5.5940	-1	-4		
2798	5.5960	-1	-4		
2799	5.5980	-1	-4		
2800	5.6000	-1	-4		
2801	5.6020	-1	-4		
2802	5.6040	-1	-4		
2803	5.6060	-1	-4		
2804	5.6080	-1	-4		
2805	5.6100	-1	-4		
2806	5.6120	-1	-4		
2807	5.6140	-2	-4		
2808	5.6160	-2	-4		
2809	5.6180	-2	-4		
2810	5.6200	-2	-4		
2811	5.6220	-2	-4		
2812	5.6240	-2	-4		
2813	5.6260	-2	-4		
2814	5.6280	-2	-4		
2815	5.6300	-2	-4		
2816	5.6320	-2	-4		
2817	5.6340	-2	-4		
2818	5.6360	-2	-4		
2819	5.6380	-2	-4		
2820	5.6400	-2	-4		
2821	5.6420	-2	-4		
2822	5.6440	-2	-4		
2823	5.6460	-2	-4		
2824	5.6480	-2	-4		
2825	5.6500	-2	-4		
2826	5.6520	-2	-4		
2827	5.6540	-2	-4		
2828	5.6560	-2	-4		
2829	5.6580	-2	-4		
2830	5.6600	-2	-4		
2831	5.6620	-2	-4		
2832	5.6640	-2	-4		
2833	5.6660	-2	-4		
2834	5.6680	-2	-4		
2835	5.6700	-2	-4		
2836	5.6720	-2	-4		
2837	5.6740	-2	-4		
2838	5.6760	-2	-4		
2839	5.6780	-2	-4		
2840	5.6800	-2	-4		
2841	5.6820	-2	-4		
2842	5.6840	-2	-4		
2843	5.6860	-2	-4		
2844	5.6880	-2	-4		
2845	5.6900	-2	-4		
2846	5.6920	-2	-4		
2847	5.6940	-2	-4		
2848	5.6960	-2	-4		
2849	5.6980	-2	-4		
2850	5.7000	-2	-4		
2851	5.7020	-2	-4		
2852	5.7040	-2	-4		
2853	5.7060	-2	-4		
2854	5.7080	-2	-4		
2855	5.7100	-2	-4		
2856	5.7120	-2	-4		
2857	5.7140	-2	-4		
2858	5.7160	-2	-4		
2859	5.7180	-2	-4		
2860	5.7200	-2	-4		
2861	5.7220	-2	-4		
2862	5.7240	-2	-4		
2863	5.7260	-3	-4		
2864	5.7280	-3	-4		
2865	5.7300	-3	-4		
2866	5.7320	-3	-4		
2867	5.7340	-3	-4		
2868	5.7360	-3	-4		
2869	5.7380	-3	-4		
2870	5.7400	-3	-4		
2871	5.7420	-3	-4		
2872	5.7440	-3	-4		
2873	5.7460	-3	-4		
2874	5.7480	-3	-4		
2875	5.7500	-3	-4		
2876	5.7520	-3	-4		
2877	5.7540	-3	-4		
2878	5.7560	-3	-4		
2879	5.7580	-3	-4		
2880	5.7600	-3	-4		
2881	5.7620	-3	-4		
2882	5.7640	-3	-4		
2883	5.7660	-3	-4		
2884	5.7680	-3	-4		
2885	5.7700	-3	-4		
2886	5.7720	-3	-4		
2887	5.7740	-3	-4		
2888	5.7760	-3	-4		
2889	5.7780	-3	-4		
2890	5.7800	-3	-4		
2891	5.7820	-3	-4		
2892	5.7840	-3	-4		
2893	5.7860	-3	-4		
2894	5.7880	-3	-4		
2895	5.7900	-3	-4		
2896	5.7920	-3	-4		
2897	5.7940	-3	-4		
2898	5.7960	-3	-4		
2899	5.7980	-3	-4		
2900	5.8000	-3	-4		
2901	5.8020	-3	-4		
2902	5.8040	-3	-4		
2903	5.8060	-3	-4		
2904	5.8080	-3	-4		
2905	5.8100	-3	-4		
2906	5.8120	-3	-4		
2907	5.8140	-3	-4		
2908	5.8160	-3	-4		
2909	5.8180	-3	-4		
2910	5.8200	-3	-4		
2911	5.8220	-3	-4		
2912	5.8240	-3	-4		
2913	5.8260	-3	-4		
2914	5.8280	-3	-4		
2915	5.8300	-3	-4		
2916	5.8320	-3	-4		
2917	5.8340	-3	-4		
2918	5.8360	-3	-4		
2919	5.8380	-3	-4		
2920	5.8400	-3	-4		
2921	5.8420	-3	-4		
2922	5.8440	-3	-4		
2923	5.8460	-3	-4		
2924	5.8480	-3	-4		
2925	5.8500	-3	-4		
2926	5.8520	-3	-4		
2927	5.8540	-3	-4		
2928	5.8560	-3	-4		
2929	5.8580	-3	-4		
2930	5.8600	-3	-4		
2931	5.8620	-3	-4		
2932	5.8640	-3	-4		
2933	5.8660	-3	-4		
2934	5.8680	-3	-4		
2935	5.8700	-3	-4		
2936	5.8720	-3	-4		
2937	5.8740	-3	-4		
2938	5.8760	-3	-4		
2939	5.8780	-3	-4		
2940	5.8800	-3	-4		
2941	5.8820	-3	-4		
2942	5.8840	-3	-4		
2943	5.8860	-3	-4		
2944	5.8880	-3	-4		
2945	5.8900	-3	-4		
2946	5.8920	-3	-4		
2947	5.8940	-3	-4		
2948	5.8960	-3	-4		
2949	5.8980	-3	-4		
2950	5.9000	-3	-4		
2951	5.9020	-3	-4		
2952	5.9040	-3	-4		
2953	5.9060	-3	-4		
2954	5.9080	-3	-4		
2955	5.9100	-3	-4		
2956	5.9120	-3	-4		
2957	5.9140	-3	-4		
2958	5.9160	-3	-4		
2959	5.9180	-3	-4		
2960	5.9200	-3	-4		
2961	5.9220	-3	-4		
2962	5.9240	-3	-4		
2963	5.9260	-3	-4		
2964	5.9280	-3	-4		
2965	5.9300	-3	-4		
2966	5.9320	-3	-4		
2967	5.9340	-3	-4		
2968	5.9360	-3	-4		
2969	5.9380	-3	-4		
2970	5.9400	-3	-4		
2971	5.9420	-3	-4		
2972	5.9440	-3	-4		
2973	5.9460	-3	-4		
2974	5.9480	-3	-4		
2975	5.9500	-3	-4		
2976	5.9520	-3	-4		
2977	5.9540	-3	-4		
2978	5.9560	-3	-4		
2979	5.9580	-3	-4		
2980	5.9600	-3	-4		
2981	5.9620	-3	-4		
2982	5.9640	-3	-4		
2983	5.9660	-3	-4		
2984	5.9680	-3	-4		
2985	5.9700	-3	-4		
2986	5.9720	-3	-4		
2987	5.9740	-3	-4		
2988	5.9760	-3	-4		
2989	5.9780	-3	-4		
2990	5.9800	-3	-4		
2991	5.9820	-3	-4		
2992	5.9840	-3	-4		
2993	5.9860	-2	-4		
2994	5.9880	-2	-4		
2995	5.9900	-2	-4		
2996	5.9920	-2	-4		
2997	5.9940	-2	-4		
2998	5.9960	-2	-4		
2999	5.9980	-2	-4		
3000	6.0000	-2	-4		
3001	6.0020	-2	-4		
3002	6.0040	-2	-4		
3003	6.0060	-2	-4		
3004	6.0080	-2	-4		
3005	6.0100	-2	-4		
3006	6.0120	-2	-4		
3007	6.0140	-2	-4		
3008	6.0160	-2	-4		
3009	6.0180	-2	-4		
3010	6.0200	-2	-4		
3011	6.0220	-2	-4		
3012	6.0240	-2	-4		
3013	6.0260	-2	-4		
3014	6.0280	-2	-4		
3015	6.0300	-2	-4		
3016	6.0320	-2	-4		
3017	6.0340	-2	-4		
3018	6.0360	-2	-4		
3019	6.0380	-2	-4		
3020	6.0400	-2	-4		
3021	6.0420	-2	-4		
3022	6.0440	-2	-4		
3023	6.0460	-2	-4		
3024	6.0480	-2	-4		
3025	6.0500	-2	-4		
3026	6.0520	-2	-4		
3027	6.0540	-2	-4		
3028	6.0560	-2	-4		
3029	6.0580	-2	-4		
3030	6.0600	-2	-4		
3031	6.0620	-2	-4		
3032	6.0640	-2	-4		
3033	6.0660	-2	-4		
3034	6.0680	-2	-4		
3035	6.0700	-2	-4		
3036	6.0720	-2	-4		
3037	6.0740	-2	-4		
3038	6.0760	-2	-4		
3039	6.0780	-2	-4		
3040	6.0800	-2	-4		
3041	6.0820	-2	-4		
3042	6.0840	-2	-4		
3043	6.0860	-2	-4		
3044	6.0880	-2	-4		
3045	6.0900	-2	-4		
3046	6.0920	-1	-4		
3047	6.0940	-1	-4		
3048	6.0960	-1	-4		
3049	6.0980	-1	-4		
3050	6.1000	-1	-4		
3051	6.1020	-1	-4		
3052	6.1040	-1	-4		
3053	6.1060	-1	-4		
3054	6.1080	-1	-4		
3055	6.1100	-1	-4		
3056	6.1120	-1	-4		
3057	6.1140	-1	-4		
3058	6.1160	-1	-4		
3059	6.1180	-1	-4		
3060	6.1200	-1	-4		
3061	6.1220	-1	-4		
3062	6.1240	-1	-4		
3063	6.1260	-1	-4		
3064	6.1280	-1	-4		
3065	6.1300	-1	-4		
3066	6.1320	-1	-4		
3067	6.1340	-1	-4		
3068	6.1360	-1	-4		
3069	6.1380	-1	-4		
3070	6.1400	-1	-4		
3071	6.1420	-1	-4		
3072	6.1440	-1	-4		
3073	6.1460	-1	-4		
3074	6.1480	-1	-4		
3075	6.1500	-1	-4		
3076	6.1520	-1	-3		
3077	6.1540	-1	-3		
3078	6.1560	-1	-3		
3079	6.1580	-1	-3		
3080	6.1600	-1	-3		
3081	6.1620	-1	-3		
3082	6.1640	-1	-3		
3083	6.1660	-1	-3		
3084	6.1680	0	-3		
3085	6.1700	0	-3		
3086	6.1720	0	-3		
3087	6.1740	0	-3		
3088	6.1760	0	-3		
3089	6.1780	0	-3		
3090	6.1800	0	-3		
3091	6.1820	0	-3		
3092	6.1840	0	-3		
3093	6.1860	0	-3		
3094	6.1880	0	-3		
3095	6.1900	0	-3		
3096	6.1920	0	-3		
3097	6.1940	0	-3		
3098	6.1960	0	-3		
3099	6.1980	0	-3		
3100	6.2000	0	-3		
3101	6.2020	0	-3		
3102	6.2040	0	-3		
3103	6.2060	0	-3		
3104	6.2080	0	-3		
3105	6.2100	0	-3		
3106	6.2120	0	-3		
3107	6.2140	0	-3		
3108	6.2160	0	-3		
3109	6.2180	0	-3		
3110	6.2200	0	-3		
3111	6.2220	0	-3		
3112	6.2240	0	-3		
3113	6.2260	0	-3		
3114	6.2280	0	-3		
3115	6.2300	1	-3		
3116	6.2320	1	-3		
3117	6.2340	1	-3		
3118	6.2360	1	-3		
3119	6.2380	1	-3		
3120	6.2400	1	-3		
3121	6.2420	1	-3		
3122	6.2440	1	-3		
3123	6.2460	1	-3		
3124	6.2480	1	-3		
3125	6.2500	1	-3		
3126	6.2520	1	-3		
3127	6.2540	1	-3		
3128	6.2560	1	-3		
3129	6.2580	1	-3		
3130	6.2600	1	-3		
3131	6.2620	1	-3		
3132	6.2640	1	-3		
3133	6.2660	1	-3		
3134	6.2680	1	-3		
3135	6.2700	1	-3		
3136	6.2720	1	-3		
3137	6.2740	1	-2		
3138	6.2760	1	-2		
3139	6.2780	1	-2		
3140	6.2800	1	-2		
3141	6.2820	1	-2		
3142	6.2840	1	-2		
3143	6.2860	1	-2		
3144	6.2880	2	-2		
3145	6.2900	2	-2		
3146	6.2920	2	-2		
3147	6.2940	2	-2		
3148	6.2960	2	-2		
3149	6.2980	2	-2		
3150	6.3000	2	-2		
3151	6.3020	2	-2		
3152	6.3040	2	-2		
3153	6.3060	2	-2		
3154	6.3080	2	-2		
3155	6.3100	2	-2		
3156	6.3120	2	-2		
3157	6.3140	2	-2		
3158	6.3160	2	-2		
3159	6.3180	2	-2		
3160	6.3200	2	-2		
3161	6.3220	2	-2		
3162	6.3240	2	-2		
3163	6.3260	2	-2		
3164	6.3280	2	-2		
3165	6.3300	2	-2		
3166	6.3320	2	-2		
3167	6.3340	2	-2		
3168	6.3360	2	-2		
3169	6.3380	2	-2		
3170	6.3400	2	-2		
3171	6.3420	3	-2		
3172	6.3440	3	-2		
3173	6.3460	3	-2		
3174	6.3480	3	-2		
3175	6.3500	3	-2		
3176	6.3520	3	-2		
3177	6.3540	3	-2		
3178	6.3560	3	-2		
3179	6.3580	3	-2		
3180	6.3600	3	-2		
3181	6.3620	3	-2		
3182	6.3640	3	-2		
3183	6.3660	3	-2		
3184	6.3680	3	-2		
3185	6.3700	3	-2		
3186	6.3720	3	-2		
3187	6.3740	3	-2		
3188	6.3760	3	-2		
3189	6.3780	3	-2		
3190	6.3800	3	-2		
3191	6.3820	3	-2		
3192	6.3840	3	-2		
3193	6.3860	3	-2		
3194	6.3880	3	-2		
3195	6.3900	3	-2		
3196	6.3920	4	-2		
3197	6.3940	4	-2		
3198	6.3960	4	-2		
3199	6.3980	4	-2		
3200	6.4000	4	-1		
3201	6.4020	4	-1		
3202	6.4040	4	-1		
3203	6.4060	4	-1		
3204	6.4080	4	-1		
3205	6.4100	4	-1		
3206	6.4120	4	-1		
3207	6.4140	4	-1		
3208	6.4160	4	-1		
3209	6.4180	4	-1		
3210	6.4200	4	-1		
3211	6.4220	4	-1		
3212	6.4240	4	-1		
3213	6.4260	4	-1		
3214	6.4280	4	-1		
3215	6.4300	4	-1		
3216	6.4320	4	-1		
3217	6.4340	4	-1		
3218	6.4360	4	-1		
3219	6.4380	4	-1		
3220	6.4400	4	-1		
3221	6.4420	4	-1		
3222	6.4440	5	-1		
3223	6.4460	5	-1		
3224	6.4480	5	-1		
3225	6.4500	5	-1		
3226	6.4520	5	-1		
3227	6.4540	5	-1		
3228	6.4560	5	-1		
3229	6.4580	5	-1		
3230	6.4600	5	-1		
3231	6.4620	5	-1		
3232	6.4640	5	-1		
3233	6.4660	5	-1		
3234	6.4680	5	-1		
3235	6.4700	5	0		
3236	6.4720	5	0		
3237	6.4740	5	0		
3238	6.4760	5	0		
3239	6.4780	5	0		
3240	6.4800	5	0		
3241	6.4820	5	0		
3242	6.4840	5	0		
3243	6.4860	5	0		
3244	6.4880	5	0		
3245	6.4900	5	0		
3246	6.4920	5	0		
3247	6.4940	6	0		
3248	6.4960	6	0		
3249	6.4980	6	0		
3250	6.5000	6	0		
3251	6.5020	6	0		
3252	6.5040	6	0		
3253	6.5060	6	0		
3254	6.5080	6	0		
3255	6.5100	6	0		
3256	6.5120	6	0		
3257	6.5140	6	0		
3258	6.5160	6	0		
3259	6.5180	6	0		
3260	6.5200	6	0		
3261	6.5220	6	0		
3262	6.5240	6	0		
3263	6.5260	6	0		
3264	6.5280	6	0		
3265	6.5300	6	0		
3266	6.5320	6	0		
3267	6.5340	6	0		
3268	6.5360	6	0		
3269	6.5380	6	0		
3270	6.5400	6	0		
3271	6.5420	6	0		
3272	6.5440	7	0		
3273	6.5460	7	0		
3274	6.5480	7	0		
3275	6.5500	7	0		
3276	6.5520	7	0		
3277	6.5540	7	0		
3278	6.5560	7	0		
3279	6.5580	7	0		
3280	6.5600	7	0		
3281	6.5620	7	0		
3282	6.5640	7	0		
3283	6.5660	7	1		
3284	6.5680	7	1		
3285	6.5700	7	1		
3286	6.5720	7	1		
3287	6.5740	7	1		
3288	6.5760	7	1		
3289	6.5780	7	1		
3290	6.5800	7	1		
3291	6.5820	7	1		
3292	6.5840	7	1		
3293	6.5860	7	1		
3294	6.5880	7	1		
3295	6.5900	7	1		
3296	6.5920	7	1		
3297	6.5940	7	1		
3298	6.5960	8	1		
3299	6.5980	8	1		
3300	6.6000	8	1		
3301	6.6020	8	1		
3302	6.6040	8	1		
3303	6.6060	8	1		
3304	6.6080	8	1		
3305	6.6100	8	1		
3306	6.6120	8	1		
3307	6.6140	8	1		
3308	6.6160	8	1		
3309	6.6180	8	1		
3310	6.6200	8	1		
3311	6.6220	8	1		
3312	6.6240	8	1		
3313	6.6260	8	1		
3314	6.6280	8	2		
3315	6.6300	8	2		
3316	6.6320	8	2		
3317	6.6340	8	2		
3318	6.6360	8	2		
3319	6.6380	8	2		
3320	6.6400	8	2		
3321	6.6420	8	2		
3322	6.6440	8	2		
3323	6.6460	8	2		
3324	6.6480	8	2		
3325	6.6500	8	2		
3326	6.6520	8	2		
3327	6.6540	9	2		
3328	6.6560	9	2		
3329	6.6580	9	2		
3330	6.6600	9	2		
3331	6.6620	9	2		
3332	6.6640	9	2		
3333	6.6660	9	2		
3334	6.6680	9	2		
3335	6.6700	9	2		
3336	6.6720	9	2		
3337	6.6740	9	2		
3338	6.6760	9	2		
3339	6.6780	9	2		
3340	6.6800	9	2		
3341	6.6820	9	2		
3342	6.6840	9	2		
3343	6.6860	9	2		
3344	6.6880	9	2		
3345	6.6900	9	2		
3346	6.6920	9	2		
3347	6.6940	9	2		
3348	6.6960	9	2		
3349	6.6980	9	2		
3350	6.7000	9	2		
3351	6.7020	9	2		
3352	6.7040	9	2		
3353	6.7060	9	2		
3354	6.7080	9	2		
3355	6.7100	9	2		
3356	6.7120	9	2		
3357	6.7140	9	2		
3358	6.7160	9	2		
3359	6.7180	9	2		
3360	6.7200	9	2		
3361	6.7220	9	3		
3362	6.7240	9	3		
3363	6.7260	9	3		
3364	6.7280	9	3		
3365	6.7300	9	3		
3366	6.7320	9	3		
3367	6.7340	9	3		
3368	6.7360	9	3		
3369	6.7380	9	3		
3370	6.7400	9	3		
3371	6.7420	9	3		
3372	6.7440	9	3		
3373	6.7460	9	3		
3374	6.7480	9	3		
3375	6.7500	9	3		
3376	6.7520	9	3		
3377	6.7540	9	3		
3378	6.7560	9	3		
3379	6.7580	9	3		
3380	6.7600	9	3		
3381	6.7620	9	3		
3382	6.7640	9	3		
3383	6.7660	9	3		
3384	6.7680	9	3		
3385	6.7700	9	3		
3386	6.7720	9	3		
3387	6.7740	9	3		
3388	6.7760	9	3		
3389	6.7780	9	3		
3390	6.7800	9	3		
3391	6.7820	9	3		
3392	6.7840	9	3		
3393	6.7860	10	3		
3394	6.7880	10	3		
3395	6.7900	10	3		
3396	6.7920	10	3		
3397	6.7940	10	3		
3398	6.7960	10	4		
3399	6.7980	10	4		
3400	6.8000	10	4		
3401	6.8020	10	4		
3402	6.8040	10	4		
3403	6.8060	10	4		
3404	6.8080	10	4		
3405	6.8100	10	4		
3406	6.8120	10	4		
3407	6.8140	10	4		
3408	6.8160	10	4		
3409	6.8180	10	4		
3410	6.8200	10	4		
3411	6.8220	10	4		
3412	6.8240	10	4		
3413	6.8260	10	4		
3414	6.8280	10	4		
3415	6.8300	10	4		
3416	6.8320	10	4		
3417	6.8340	10	4		
3418	6.8360	10	4		
3419	6.8380	10	4		
3420	6.8400	10	4		
3421	6.8420	10	4		
3422	6.8440	10	4		
3423	6.8460	10	4		
3424	6.8480	10	4		
3425	6.8500	10	4		
3426	6.8520	10	4		
3427	6.8540	10	4		
3428	6.8560	10	4		
3429	6.8580	10	4		
3430	6.8600	10	4		
3431	6.8620	10	4		
3432	6.8640	10	4		
3433	6.8660	10	4		
3434	6.8680	10	4		
3435	6.8700	10	4		
3436	6.8720	10	4		
3437	6.8740	10	4		
3438	6.8760	10	4		
3439	6.8780	10	4		
3440	6.8800	10	4		
3441	6.8820	10	4		
3442	6.8840	10	4		
3443	6.8860	10	4		
3444	6.8880	10	4		
3445	6.8900	10	4		
3446	6.8920	10	4		
3447	6.8940	10	4		
3448	6.8960	10	4		
3449	6.8980	10	4		
3450	6.9000	10	4		
3451	6.9020	10	4		
3452	6.9040	10	4		
3453	6.9060	10	4		
3454	6.9080	10	4		
3455	6.9100	10	4		
3456	6.9120	10	4		
3457	6.9140	10	4		
3458	6.9160	10	4		
3459	6.9180	10	4		
3460	6.9200	10	4		
3461	6.9220	10	4		
3462	6.9240	10	4		
3463	6.9260	10	4		
3464	6.9280	10	4		
3465	6.9300	10	4		
3466	6.9320	10	4		
3467	6.9340	10	4		
3468	6.9360	10	4		
3469	6.9380	10	4		
3470	6.9400	10	4		
3471	6.9420	10	4		
3472	6.9440	10	4		
3473	6.9460	10	4		
3474	6.9480	10	4		
3475	6.9500	10	4		
3476	6.9520	10	4		
3477	6.9540	10	5		
3478	6.9560	10	5		
3479	6.9580	10	5		
3480	6.9600	10	5		
3481	6.9620	10	5		
3482	6.9640	10	5		
3483	6.9660	10	5		
3484	6.9680	10	5		
3485	6.9700	10	5		
3486	6.9720	10	5		
3487	6.9740	10	5		
3488	6.9760	10	5		
3489	6.9780	10	5		
3490	6.9800	10	5		
3491	6.9820	10	5		
3492	6.9840	10	5		
3493	6.9860	10	5		
3494	6.9880	10	5		
3495	6.9900	10	5		
3496	6.9920	10	5		
3497	6.9940	10	5		
3498	6.9960	10	5		
3499	6.9980	10	5		
3500	7.0000	10	5		
3501	7.0020	10	5		
3502	7.0040	10	5		
3503	7.0060	10	5		
3504	7.0080	10	5		
3505	7.0100	10	5		
3506	7.0120	10	5		
3507	7.0140	10	5		
3508	7.0160	10	5		
3509	7.0180	10	5		
3510	7.0200	10	5		
3511	7.0220	10	5		
3512	7.0240	10	5		
3513	7.0260	10	5		
3514	7.0280	10	5		
3515	7.0300	10	5		
3516	7.0320	10	5		
3517	7.0340	10	5		
3518	7.0360	10	5		
3519	7.0380	10	5		
3520	7.0400	10	5		
3521	7.0420	10	5		
3522	7.0440	10	5		
3523	7.0460	10	5		
3524	7.0480	10	5		
3525	7.0500	10	5		
3526	7.0520	10	5		
3527	7.0540	10	5		
3528	7.0560	10	5		
3529	7.0580	10	5		
3530	7.0600	10	5		
3531	7.0620	10	5		
3532	7.0640	10	5		
3533	7.0660	10	5		
3534	7.0680	10	5		
3535	7.0700	10	5		
3536	7.0720	10	5		
3537	7.0740	10	5		
3538	7.0760	10	5		
3539	7.0780	10	5		
3540	7.0800	10	5		
3541	7.0820	10	5		
3542	7.0840	10	5		
3543	7.0860	10	5		
3544	7.0880	10	5		
3545	7.0900	10	5		
3546	7.0920	10	5		
3547	7.0940	10	5		
3548	7.0960	10	5		
3549	7.0980	10	5		
3550	7.1000	10	5		
3551	7.1020	10	5		
3552	7.1040	10	5		
3553	7.1060	10	5		
3554	7.1080	10	5		
3555	7.1100	10	5		
3556	7.1120	10	5		
3557	7.1140	10	5		
3558	7.1160	10	5		
3559	7.1180	10	5		
3560	7.1200	10	5		
3561	7.1220	10	5		
3562	7.1240	10	5		
3563	7.1260	10	5		
3564	7.1280	10	5		
3565	7.1300	10	4		
3566	7.1320	10	4		
3567	7.1340	10	4		
3568	7.1360	10	4		
3569	7.1380	10	4		
3570	7.1400	10	4		
3571	7.1420	10	4		
3572	7.1440	10	4		
3573	7.1460	10	4		
3574	7.1480	10	4		
3575	7.1500	10	4		
3576	7.1520	10	4		
3577	7.1540	10	4		
3578	7.1560	10	4		
3579	7.1580	10	4		
3580	7.1600	10	4		
3581	7.1620	10	4		
3582	7.1640	10	4		
3583	7.1660	10	4		
3584	7.1680	10	4		
3585	7.1700	10	4		
3586	7.1720	10	4		
3587	7.1740	10	4		
3588	7.1760	10	4		
3589	7.1780	10	4		
3590	7.1800	10	4		
3591	7.1820	10	4		
3592	7.1840	10	4		
3593	7.1860	10	4		
3594	7.1880	10	4		
3595	7.1900	10	4		
3596	7.1920	10	4		
3597	7.1940	10	4		
3598	7.1960	10	4		
3599	7.1980	10	4		
3600	7.2000	10	4		
3601	7.2020	10	4		
3602	7.2040	10	4		
3603	7.2060	10	4		
3604	7.2080	10	4		
3605	7.2100	10	4		
3606	7.2120	10	4		
3607	7.2140	10	4		
3608	7.2160	10	4		
3609	7.2180	10	4		
3610	7.2200	10	4		
3611	7.2220	10	4		
3612	7.2240	10	4		
3613	7.2260	10	4		
3614	7.2280	10	4		
3615	7.2300	10	4		
3616	7.2320	10	4		
3617	7.2340	10	4		
3618	7.2360	10	4		
3619	7.2380	10	4		
3620	7.2400	10	4		
3621	7.2420	10	4		
3622	7.2440	10	4		
3623	7.2460	10	4		
3624	7.2480	10	4		
3625	7.2500	10	4		
3626	7.2520	10	4		
3627	7.2540	10	4		
3628	7.2560	10	4		
3629	7.2580	10	4		
3630	7.2600	10	4		
3631	7.2620	10	4		
3632	7.2640	10	4		
3633	7.2660	10	4		
3634	7.2680	10	4		
3635	7.2700	10	4		
3636	7.2720	10	4		
3637	7.2740	10	4		
3638	7.2760	10	4		
3639	7.2780	10	4		
3640	7.2800	10	4		
3641	7.2820	10	4		
3642	7.2840	10	4		
3643	7.2860	10	4		
3644	7.2880	10	4		
3645	7.2900	10	4		
3646	7.2920	10	4		
3647	7.2940	9	4		
3648	7.2960	9	4		
3649	7.2980	9	3		
3650	7.3000	9	3		
3651	7.3020	9	3		
3652	7.3040	9	3		
3653	7.3060	9	3		
3654	7.3080	9	3		
3655	7.3100	9	3		
3656	7.3120	9	3		
3657	7.3140	9	3		
3658	7.3160	9	3		
3659	7.3180	9	3		
3660	7.3200	9	3		
3661	7.3220	9	3		
3662	7.3240	9	3		
3663	7.3260	9	3		
3664	7.3280	9	3		
3665	7.3300	9	3		
3666	7.3320	9	3		
3667	7.3340	9	3		
3668	7.3360	9	3		
3669	7.3380	9	3		
3670	7.3400	9	3		
3671	7.3420	9	3		
3672	7.3440	9	3		
3673	7.3460	9	3		
3674	7.3480	9	3		
3675	7.3500	9	3		
3676	7.3520	9	3		
3677	7.3540	9	3		
3678	7.3560	9	3		
3679	7.3580	9	3		
3680	7.3600	9	3		
3681	7.3620	9	3		
3682	7.3640	9	3		
3683	7.3660	9	3		
3684	7.3680	9	3		
3685	7.3700	9	3		
3686	7.3720	9	3		
3687	7.3740	9	3		
3688	7.3760	9	2		
3689	7.3780	9	2		
3690	7.3800	9	2		
3691	7.3820	9	2		
3692	7.3840	9	2		
3693	7.3860	9	2		
3694	7.3880	9	2		
3695	7.3900	9	2		
3696	7.3920	9	2		
3697	7.3940	9	2		
3698	7.3960	9	2		
3699	7.3980	9	2		
3700	7.4000	9	2		
3701	7.4020	9	2		
3702	7.4040	9	2		
3703	7.4060	9	2		
3704	7.4080	9	2		
3705	7.4100	9	2		
3706	7.4120	9	2		
3707	7.4140	9	2		
3708	7.4160	9	2		
3709	7.4180	9	2		
3710	7.4200	9	2		
3711	7.4220	9	2		
3712	7.4240	9	2		
3713	7.4260	8	2		
3714	7.4280	8	2		
3715	7.4300	8	2		
3716	7.4320	8	2		
3717	7.4340	8	2		
3718	7.4360	8	2		
3719	7.4380	8	2		
3720	7.4400	8	2		
3721	7.4420	8	2		
3722	7.4440	8	2		
3723	7.4460	8	2		
3724	7.4480	8	2		
3725	7.4500	8	2		
3726	7.4520	8	2		
3727	7.4540	8	2		
3728	7.4560	8	2		
3729	7.4580	8	2		
3730	7.4600	8	2		
3731	7.4620	8	2		
3732	7.4640	8	2		
3733	7.4660	8	2		
3734	7.4680	8	2		
3735	7.4700	8	2		
3736	7.4720	8	2		
3737	7.4740	8	2		
3738	7.4760	8	2		
3739	7.4780	8	1		
3740	7.4800	8	1		
3741	7.4820	7	1		
3742	7.4840	7	1		
3743	7.4860	7	1		
3744	7.4880	7	1		
3745	7.4900	7	1		
3746	7.4920	7	1		
3747	7.4940	7	1		
3748	7.4960	7	1		
3749	7.4980	7	1		
3750	7.5000	7	1		
3751	7.5020	7	1		
3752	7.5040	7	1		
3753	7.5060	7	1		
3754	7.5080	7	1		
3755	7.5100	7	1		
3756	7.5120	7	1		
3757	7.5140	7	1		
3758	7.5160	7	1		
3759	7.5180	7	1		
3760	7.5200	7	1		
3761	7.5220	7	1		
3762	7.5240	7	1		
3763	7.5260	7	1		
3764	7.5280	7	1		
3765	7.5300	7	1		
3766	7.5320	6	1		
3767	7.5340	6	1		
3768	7.5360	6	1		
3769	7.5380	6	1		
3770	7.5400	6	1		
3771	7.5420	6	1		
3772	7.5440	6	0		
3773	7.5460	6	0		
3774	7.5480	6	0		
3775	7.5500	6	0		
3776	7.5520	6	0		
3777	7.5540	6	0		
3778	7.5560	6	0		
3779	7.5580	6	0		
3780	7.5600	6	0		
3781	7.5620	6	0		
3782	7.5640	6	0		
3783	7.5660	6	0		
3784	7.5680	6	0		
3785	7.5700	6	0		
3786	7.5720	6	0		
3787	7.5740	6	0		
3788	7.5760	6	0		
3789	7.5780	6	0		
3790	7.5800	6	0		
3791	7.5820	6	0		
3792	7.5840	5	0		
3793	7.5860	5	0		
3794	7.5880	5	0		
3795	7.5900	5	0		
3796	7.5920	5	0		
3797	7.5940	5	0		
3798	7.5960	5	0		
3799	7.5980	5	0		
3800	7.6000	5	0		
3801	7.6020	5	0		
3802	7.6040	5	0		
3803	7.6060	5	0		
3804	7.6080	5	0		
3805	7.6100	5	0		
3806	7.6120	5	0		
3807	7.6140	5	0		
3808	7.6160	5	0		
3809	7.6180	5	0		
3810	7.6200	5	0		
3811	7.6220	5	0		
3812	7.6240	5	0		
3813	7.6260	5	0		
3814	7.6280	5	0		
3815	7.6300	5	0		
3816	7.6320	5	0		
3817	7.6340	4	0		
3818	7.6360	4	0		
3819	7.6380	4	0		
3820	7.6400	4	0		
3821	7.6420	4	0		
3822	7.6440	4	0		
3823	7.6460	4	-1		
3824	7.6480	4	-1		
3825	7.6500	4	-1		
3826	7.6520	4	-1		
3827	7.6540	4	-1		
3828	7.6560	4	-1		
3829	7.6580	4	-1		
3830	7.6600	4	-1		
3831	7.6620	4	-1		
3832	7.6640	4	-1		
3833	7.6660	4	-1		
3834	7.6680	4	-1		
3835	7.6700	4	-1		
3836	7.6720	4	-1		
3837	7.6740	4	-1		
3838	7.6760	4	-1		
3839	7.6780	4	-1		
3840	7.6800	4	-1		
3841	7.6820	4	-1		
3842	7.6840	3	-1		
3843	7.6860	3	-1		
3844	7.6880	3	-1		
3845	7.6900	3	-1		
3846	7.6920	3	-1		
3847	7.6940	3	-1		
3848	7.6960	3	-1		
3849	7.6980	3	-1		
3850	7.7000	3	-1		
3851	7.7020	3	-1		
3852	7.7040	3	-1		
3853	7.7060	3	-1		
3854	7.7080	3	-1		
3855	7.7100	3	-1		
3856	7.7120	3	-1		
3857	7.7140	3	-1		
3858	7.7160	3	-1		
3859	7.7180	3	-2		
3860	7.7200	3	-2		
3861	7.7220	3	-2		
3862	7.7240	3	-2		
3863	7.7260	3	-2		
3864	7.7280	3	-2		
3865	7.7300	3	-2		
3866	7.7320	3	-2		
3867	7.7340	2	-2		
3868	7.7360	2	-2		
3869	7.7380	2	-2		
3870	7.7400	2	-2		
3871	7.7420	2	-2		
3872	7.7440	2	-2		
3873	7.7460	2	-2		
3874	7.7480	2	-2		
3875	7.7500	2	-2		
3876	7.7520	2	-2		
3877	7.7540	2	-2		
3878	7.7560	2	-2		
3879	7.7580	2	-2		
3880	7.7600	2	-2		
3881	7.7620	2	-2		
3882	7.7640	2	-2		
3883	7.7660	2	-2		
3884	7.7680	2	-2		
3885	7.7700	2	-2		
3886	7.7720	2	-2		
3887	7.7740	2	-2		
3888	7.7760	2	-2		
3889	7.7780	2	-2		
3890	7.7800	2	-2		
3891	7.7820	2	-2		
3892	7.7840	2	-2		
3893	7.7860	2	-2		
3894	7.7880	1	-2		
3895	7.7900	1	-2		
3896	7.7920	1	-2		
3897	7.7940	1	-2		
3898	7.7960	1	-2		
3899	7.7980	1	-2		
3900	7.8000	1	-2		
3901	7.8020	1	-2		
3902	7.8040	1	-2		
3903	7.8060	1	-2		
3904	7.8080	1	-2		
3905	7.8100	1	-2		
3906	7.8120	1	-2		
3907	7.8140	1	-2		
3908	7.8160	1	-2		
3909	7.8180	1	-2		
3910	7.8200	1	-2		
3911	7.8220	1	-2		
3912	7.8240	1	-2		
3913	7.8260	1	-2		
3914	7.8280	1	-2		
3915	7.8300	1	-2		
3916	7.8320	1	-2		
3917	7.8340	1	-2		
3918	7.8360	1	-2		
3919	7.8380	1	-2		
3920	7.8400	1	-2		
3921	7.8420	1	-2		
3922	7.8440	0	-3		
3923	7.8460	0	-3		
3924	7.8480	0	-3		
3925	7.8500	0	-3		
3926	7.8520	0	-3		
3927	7.8540	0	-3		
3928	7.8560	0	-3		
3929	7.8580	0	-3		
3930	7.8600	0	-3		
3931	7.8620	0	-3		
3932	7.8640	0	-3		
3933	7.8660	0	-3		
3934	7.8680	0	-3		
3935	7.8700	0	-3		
3936	7.8720	0	-3		
3937	7.8740	0	-3		
3938	7.8760	0	-3		
3939	7.8780	0	-3		
3940	7.8800	0	-3		
3941	7.8820	0	-3		
3942	7.8840	0	-3		
3943	7.8860	0	-3		
3944	7.8880	0	-3		
3945	7.8900	0	-3		
3946	7.8920	0	-3		
3947	7.8940	0	-3		
3948	7.8960	0	-3		
3949	7.8980	0	-3		
3950	7.9000	0	-3		
3951	7.9020	0	-3		
3952	7.9040	0	-3		
3953	7.9060	0	-3		
3954	7.9080	-1	-3		
3955	7.9100	-1	-3		
3956	7.9120	-1	-3		
3957	7.9140	-1	-3		
3958	7.9160	-1	-3		
3959	7.9180	-1	-3		
3960	7.9200	-1	-3		
3961	7.9220	-1	-3		
3962	7.9240	-1	-3		
3963	7.9260	-1	-3		
3964	7.9280	-1	-3		
3965	7.9300	-1	-3		
3966	7.9320	-1	-3		
3967	7.9340	-1	-3		
3968	7.9360	-1	-3		
3969	7.9380	-1	-3		
3970	7.9400	-1	-3		
3971	7.9420	-1	-3		
3972	7.9440	-1	-3		
3973	7.9460	-1	-3		
3974	7.9480	-1	-3		
3975	7.9500	-1	-3		
3976	7.9520	-1	-3		
3977	7.9540	-1	-4		
3978	7.9560	-1	-4		
3979	7.9580	-1	-4		
3980	7.9600	-1	-4		
3981	7.9620	-1	-4		
3982	7.9640	-1	-4		
3983	7.9660	-1	-4		
3984	7.9680	-1	-4		
3985	7.9700	-1	-4		
3986	7.9720	-1	-4		
3987	7.9740	-1	-4		
3988	7.9760	-1	-4		
3989	7.9780	-1	-4		
3990	7.9800	-1	-4		
3991	7.9820	-2	-4		
3992	7.9840	-2	-4		
3993	7.9860	-2	-4		
3994	7.9880	-2	-4		
3995	7.9900	-2	-4		
3996	7.9920	-2	-4		
3997	7.9940	-2	-4		
3998	7.9960	-2	-4		
3999	7.9980	-2	-4		
4000	8.0000	-2	-4		
4001	8.0020	-2	-4		
4002	8.0040	-2	-4		
4003	8.0060	-2	-4		
4004	8.0080	-2	-4		
4005	8.0100	-2	-4		
4006	8.0120	-2	-4		
4007	8.0140	-2	-4		
4008	8.0160	-2	-4		
4009	8.0180	-2	-4		
4010	8.0200	-2	-4		
4011	8.0220	-2	-4		
4012	8.0240	-2	-4		
4013	8.0260	-2	-4		
4014	8.0280	-2	-4		
4015	8.0300	-2	-4		
4016	8.0320	-2	-4		
4017	8.0340	-2	-4		
4018	8.0360	-2	-4		
4019	8.0380	-2	-4		
4020	8.0400	-2	-4		
4021	8.0420	-2	-4		
4022	8.0440	-2	-4		
4023	8.0460	-2	-4		
4024	8.0480	-2	-4		
4025	8.0500	-2	-4		
4026	8.0520	-2	-4		
4027	8.0540	-2	-4		
4028	8.0560	-2	-4		
4029	8.0580	-2	-4		
4030	8.0600	-2	-4		
4031	8.0620	-2	-4		
4032	8.0640	-2	-4		
4033	8.0660	-2	-4		
4034	8.0680	-2	-4		
4035	8.0700	-2	-4		
4036	8.0720	-2	-4		
4037	8.0740	-2	-4		
4038	8.0760	-2	-4		
4039	8.0780	-2	-4		
4040	8.0800	-2	-4		
4041	8.0820	-2	-4		
4042	8.0840	-2	-4		
4043	8.0860	-3	-4		
4044	8.0880	-3	-4		
4045	8.0900	-3	-4		
4046	8.0920	-3	-4		
4047	8.0940	-3	-4		
4048	8.0960	-3	-4		
4049	8.0980	-3	-4		
4050	8.1000	-3	-4		
4051	8.1020	-3	-4		
4052	8.1040	-3	-4		
4053	8.1060	-3	-4		
4054	8.1080	-3	-4		
4055	8.1100	-3	-4		
4056	8.1120	-3	-4		
4057	8.1140	-3	-4		
4058	8.1160	-3	-4		
4059	8.1180	-3	-4		
4060	8.1200	-3	-4		
4061	8.1220	-3	-4		
4062	8.1240	-3	-4		
4063	8.1260	-3	-4		
4064	8.1280	-3	-4		
4065	8.1300	-3	-4		
4066	8.1320	-3	-4		
4067	8.1340	-3	-4		
4068	8.1360	-3	-4		
4069	8.1380	-3	-4		
4070	8.1400	-3	-4		
4071	8.1420	-3	-4		
4072	8.1440	-3	-4		
4073	8.1460	-3	-4		
4074	8.1480	-3	-4		
4075	8.1500	-3	-4		
4076	8.1520	-3	-4		
4077	8.1540	-3	-4		
4078	8.1560	-3	-4		
4079	8.1580	-3	-4		
4080	8.1600	-3	-4		
4081	8.1620	-3	-4		
4082	8.1640	-3	-4		
4083	8.1660	-3	-4		
4084	8.1680	-3	-4		
4085	8.1700	-3	-4		
4086	8.1720	-3	-4		
4087	8.1740	-3	-4		
4088	8.1760	-3	-4		
4089	8.1780	-3	-4		
4090	8.1800	-3	-4		
4091	8.1820	-3	-4		
4092	8.1840	-3	-4		
4093	8.1860	-3	-4		
4094	8.1880	-3	-4		
4095	8.1900	-3	-4		
4096	8.1920	-3	-4		
4097	8.1940	-3	-4		
4098	8.1960	-3	-4		
4099	8.1980	-3	-4		
4100	8.2000	-3	-4		
4101	8.2020	-3	-4		
4102	8.2040	-3	-4		
4103	8.2060	-3	-4		
4104	8.2080	-3	-4		
4105	8.2100	-3	-4		
4106	8.2120	-3	-4		
4107	8.2140	-3	-4		
4108	8.2160	-3	-4		
4109	8.2180	-3	-4		
4110	8.2200	-3	-4		
4111	8.2220	-3	-4		
4112	8.2240	-3	-4		
4113	8.2260	-3	-4		
4114	8.2280	-3	-4		
4115	8.2300	-3	-4		
4116	8.2320	-3	-4		
4117	8.2340	-3	-4		
4118	8.2360	-3	-4		
4119	8.2380	-3	-4		
4120	8.2400	-3	-4		
4121	8.2420	-3	-4		
4122	8.2440	-3	-4		
4123	8.2460	-3	-4		
4124	8.2480	-3	-4		
4125	8.2500	-3	-4		
4126	8.2520	-3	-4		
4127	8.2540	-3	-4		
4128	8.2560	-3	-4		
4129	8.2580	-3	-4		
4130	8.2600	-3	-4		
4131	8.2620	-3	-4		
4132	8.2640	-3	-4		
4133	8.2660	-3	-4		
4134	8.2680	-3	-4		
4135	8.2700	-3	-4		
4136	8.2720	-3	-4		
4137	8.2740	-3	-4		
4138	8.2760	-3	-4		
4139	8.2780	-3	-4		
4140	8.2800	-3	-4		
4141	8.2820	-3	-4		
4142	8.2840	-3	-4		
4143	8.2860	-3	-4		
4144	8.2880	-3	-4		
4145	8.2900	-3	-4		
4146	8.2920	-3	-4		
4147	8.2940	-3	-4		
4148	8.2960	-3	-4		
4149	8.2980	-3	-4		
4150	8.3000	-3	-4		
4151	8.3020	-3	-4		
4152	8.3040	-3	-4		
4153	8.3060	-3	-4		
4154	8.3080	-3	-4		
4155	8.3100	-3	-4		
4156	8.3120	-3	-4		
4157	8.3140	-3	-4		
4158	8.3160	-3	-4		
4159	8.3180	-3	-4		
4160	8.3200	-3	-4		
4161	8.3220	-3	-4		
4162	8.3240	-3	-4		
4163	8.3260	-3	-4		
4164	8.3280	-3	-4		
4165	8.3300	-3	-4		
4166	8.3320	-3	-4		
4167	8.3340	-3	-4		
4168	8.3360	-3	-4		
4169	8.3380	-3	-4		
4170	8.3400	-3	-4		
4171	8.3420	-3	-4		
4172	8.3440	-3	-4		
4173	8.3460	-3	-4		
4174	8.3480	-3	-4		
4175	8.3500	-3	-4		
4176	8.3520	-3	-4		
4177	8.3540	-3	-4		
4178	8.3560	-3	-4		
4179	8.3580	-3	-4		
4180	8.3600	-3	-4		
4181	8.3620	-3	-4		
4182	8.3640	-3	-4		
4183	8.3660	-3	-4		
4184	8.3680	-2	-4		
4185	8.3700	-2	-4		
4186	8.3720	-2	-4		
4187	8.3740	-2	-4		
4188	8.3760	-2	-4		
4189	8.3780	-2	-4		
4190	8.3800	-2	-4		
4191	8.3820	-2	-4		
4192	8.3840	-2	-4		
4193	8.3860	-2	-4		
4194	8.3880	-2	-4		
4195	8.3900	-2	-4		
4196	8.3920	-2	-4		
4197	8.3940	-2	-4		
4198	8.3960	-2	-4		
4199	8.3980	-2	-4		
4200	8.4000	-2	-4		
4201	8.4020	-2	-4		
4202	8.4040	-2	-4		
4203	8.4060	-2	-4		
4204	8.4080	-2	-4		
4205	8.4100	-2	-4		
4206	8.4120	-2	-4		
4207	8.4140	-2	-4		
4208	8.4160	-2	-4		
4209	8.4180	-2	-4		
4210	8.4200	-2	-4		
4211	8.4220	-2	-4		
4212	8.4240	-2	-4		
4213	8.4260	-2	-4		
4214	8.4280	-2	-4		
4215	8.4300	-2	-4		
4216	8.4320	-2	-4		
4217	8.4340	-2	-4		
4218	8.4360	-2	-4		
4219	8.4380	-2	-4		
4220	8.4400	-2	-4		
4221	8.4420	-2	-4		
4222	8.4440	-2	-4		
4223	8.4460	-2	-4		
4224	8.4480	-2	-4		
4225	8.4500	-2	-4		
4226	8.4520	-2	-4		
4227	8.4540	-2	-4		
4228	8.4560	-2	-4		
4229	8.4580	-2	-4		
4230	8.4600	-2	-4		
4231	8.4620	-2	-4		
4232	8.4640	-2	-4		
4233	8.4660	-2	-4		
4234	8.4680	-1	-4		
4235	8.4700	-1	-4		
4236	8.4720	-1	-4		
4237	8.4740	-1	-4		
4238	8.4760	-1	-4		
4239	8.4780	-1	-4		
4240	8.4800	-1	-4		
4241	8.4820	-1	-4		
4242	8.4840	-1	-4		
4243	8.4860	-1	-4		
4244	8.4880	-1	-4		
4245	8.4900	-1	-4		
4246	8.4920	-1	-4		
4247	8.4940	-1	-4		
4248	8.4960	-1	-4		
4249	8.4980	-1	-4		
4250	8.5000	-1	-4		
4251	8.5020	-1	-4		
4252	8.5040	-1	-4		
4253	8.5060	-1	-4		
4254	8.5080	-1	-3		
4255	8.5100	-1	-3		
4256	8.5120	-1	-3		
4257	8.5140	-1	-3		
4258	8.5160	-1	-3		
4259	8.5180	-1	-3		
4260	8.5200	-1	-3		
4261	8.5220	-1	-3		
4262	8.5240	-1	-3		
4263	8.5260	-1	-3		
4264	8.5280	-1	-3		
4265	8.5300	-1	-3		
4266	8.5320	-1	-3		
4267	8.5340	-1	-3		
4268	8.5360	-1	-3		
4269	8.5380	-1	-3		
4270	8.5400	-1	-3		
4271	8.5420	0	-3		
4272	8.5440	0	-3		
4273	8.5460	0	-3		
4274	8.5480	0	-3		
4275	8.5500	0	-3		
4276	8.5520	0	-3		
4277	8.5540	0	-3		
4278	8.5560	0	-3		
4279	8.5580	0	-3		
4280	8.5600	0	-3		
4281	8.5620	0	-3		
4282	8.5640	0	-3		
4283	8.5660	0	-3		
4284	8.5680	0	-3		
4285	8.5700	0	-3		
4286	8.5720	0	-3		
4287	8.5740	0	-3		
4288	8.5760	0	-3		
4289	8.5780	0	-3		
4290	8.5800	0	-3		
4291	8.5820	0	-3		
4292	8.5840	0	-3		
4293	8.5860	0	-3		
4294	8.5880	0	-3		
4295	8.5900	0	-3		
4296	8.5920	0	-3		
4297	8.5940	0	-3		
4298	8.5960	0	-3		
4299	8.5980	0	-3		
4300	8.6000	0	-3		
4301	8.6020	0	-3		
4302	8.6040	0	-3		
4303	8.6060	1	-3		
4304	8.6080	1	-3		
4305	8.6100	1	-3		
4306	8.6120	1	-3		
4307	8.6140	1	-3		
4308	8.6160	1	-3		
4309	8.6180	1	-2		
4310	8.6200	1	-2		
4311	8.6220	1	-2		
4312	8.6240	1	-2		
4313	8.6260	1	-2		
4314	8.6280	1	-2		
4315	8.6300	1	-2		
4316	8.6320	1	-2		
4317	8.6340	1	-2		
4318	8.6360	1	-2		
4319	8.6380	1	-2		
4320	8.6400	1	-2		
4321	8.6420	1	-2		
4322	8.6440	1	-2		
4323	8.6460	1	-2		
4324	8.6480	1	-2		
4325	8.6500	1	-2		
4326	8.6520	1	-2		
4327	8.6540	1	-2		
4328	8.6560	1	-2		
4329	8.6580	1	-2		
4330	8.6600	1	-2		
4331	8.6620	2	-2		
4332	8.6640	2	-2		
4333	8.6660	2	-2		
4334	8.6680	2	-2		
4335	8.6700	2	-2		
4336	8.6720	2	-2		
4337	8.6740	2	-2		
4338	8.6760	2	-2		
4339	8.6780	2	-2		
4340	8.6800	2	-2		
4341	8.6820	2	-2		
4342	8.6840	2	-2		
4343	8.6860	2	-2		
4344	8.6880	2	-2		
4345	8.6900	2	-2		
4346	8.6920	2	-2		
4347	8.6940	2	-2		
4348	8.6960	2	-2		
4349	8.6980	2	-2		
4350	8.7000	2	-2		
4351	8.7020	2	-2		
4352	8.7040	2	-2		
4353	8.7060	2	-2		
4354	8.7080	2	-2		
4355	8.7100	2	-2		
4356	8.7120	2	-2		
4357	8.7140	2	-2		
4358	8.7160	3	-2		
4359	8.7180	3	-2		
4360	8.7200	3	-2		
4361	8.7220	3	-2		
4362	8.7240	3	-2		
4363	8.7260	3	-2		
4364	8.7280	3	-2		
4365	8.7300	3	-2		
4366	8.7320	3	-2		
4367	8.7340	3	-2		
4368	8.7360	3	-2		
4369	8.7380	3	-2		
4370	8.7400	3	-2		
4371	8.7420	3	-2		
4372	8.7440	3	-2		
4373	8.7460	3	-2		
4374	8.7480	3	-1		
4375	8.7500	3	-1		
4376	8.7520	3	-1		
4377	8.7540	3	-1		
4378	8.7560	3	-1		
4379	8.7580	3	-1		
4380	8.7600	3	-1		
4381	8.7620	3	-1		
4382	8.7640	3	-1		
4383	8.7660	3	-1		
4384	8.7680	4	-1		
4385	8.7700	4	-1		
4386	8.7720	4	-1		
4387	8.7740	4	-1		
4388	8.7760	4	-1		
4389	8.7780	4	-1		
4390	8.7800	4	-1		
4391	8.7820	4	-1		
4392	8.7840	4	-1		
4393	8.7860	4	-1		
4394	8.7880	4	-1		
4395	8.7900	4	-1		
4396	8.7920	4	-1		
4397	8.7940	4	-1		
4398	8.7960	4	-1		
4399	8.7980	4	-1		
4400	8.8000	4	-1		
4401	8.8020	4	-1		
4402	8.8040	4	-1		
4403	8.8060	4	-1		
4404	8.8080	4	-1		
4405	8.8100	4	-1		
4406	8.8120	4	-1		
4407	8.8140	4	-1		
4408	8.8160	4	-1		
4409	8.8180	5	-1		
4410	8.8200	5	-1		
4411	8.8220	5	-1		
4412	8.8240	5	-1		
4413	8.8260	5	-1		
4414	8.8280	5	0		
4415	8.8300	5	0		
4416	8.8320	5	0		
4417	8.8340	5	0		
4418	8.8360	5	0		
4419	8.8380	5	0		
4420	8.8400	5	0		
4421	8.8420	5	0		
4422	8.8440	5	0		
4423	8.8460	5	0		
4424	8.8480	5	0		
4425	8.8500	5	0		
4426	8.8520	5	0		
4427	8.8540	5	0		
4428	8.8560	5	0		
4429	8.8580	5	0		
4430	8.8600	5	0		
4431	8.8620	5	0		
4432	8.8640	5	0		
4433	8.8660	6	0		
4434	8.8680	6	0		
4435	8.8700	6	0		
4436	8.8720	6	0		
4437	8.8740	6	0		
4438	8.8760	6	0		
4439	8.8780	6	0		
4440	8.8800	6	0		
4441	8.8820	6	0		
4442	8.8840	6	0		
4443	8.8860	6	0		
4444	8.8880	6	0		
4445	8.8900	6	0		
4446	8.8920	6	0		
4447	8.8940	6	0		
4448	8.8960	6	0		
4449	8.8980	6	0		
4450	8.9000	6	0		
4451	8.9020	6	0		
4452	8.9040	6	0		
4453	8.9060	6	0		
4454	8.9080	6	0		
4455	8.9100	6	0		
4456	8.9120	6	0		
4457	8.9140	6	0		
4458	8.9160	6	0		
4459	8.9180	7	0		
4460	8.9200	7	0		
4461	8.9220	7	0		
4462	8.9240	7	0		
4463	8.9260	7	0		
4464	8.9280	7	0		
4465	8.9300	7	0		
4466	8.9320	7	0		
4467	8.9340	7	0		
4468	8.9360	7	1		
4469	8.9380	7	1		
4470	8.9400	7	1		
4471	8.9420	7	1		
4472	8.9440	7	1		
4473	8.9460	7	1		
4474	8.9480	7	1		
4475	8.9500	7	1		
4476	8.9520	7	1		
4477	8.9540	7	1		
4478	8.9560	7	1		
4479	8.9580	7	1		
4480	8.9600	7	1		
4481	8.9620	7	1		
4482	8.9640	7	1		
4483	8.9660	7	1		
4484	8.9680	7	1		
4485	8.9700	8	1		
4486	8.9720	8	1		
4487	8.9740	8	1		
4488	8.9760	8	1		
4489	8.9780	8	1		
4490	8.9800	8	1		
4491	8.9820	8	1		
4492	8.9840	8	1		
4493	8.9860	8	1		
4494	8.9880	8	1		
4495	8.9900	8	1		
4496	8.9920	8	1		
4497	8.9940	8	1		
4498	8.9960	8	1		
4499	8.9980	8	1		
4500	9.0000	8	1		
4501	9.0020	8	1		
4502	9.0040	8	1		
4503	9.0060	8	2		
4504	9.0080	8	2		
4505	9.0100	8	2		
4506	9.0120	8	2		
4507	9.0140	8	2		
4508	9.0160	8	2		
4509	9.0180	8	2		
4510	9.0200	8	2		
4511	9.0220	8	2		
4512	9.0240	8	2		
4513	9.0260	9	2		
4514	9.0280	9	2		
4515	9.0300	9	2		
4516	9.0320	9	2		
4517	9.0340	9	2		
4518	9.0360	9	2		
4519	9.0380	9	2		
4520	9.0400	9	2		
4521	9.0420	9	2		
4522	9.0440	9	2		
4523	9.0460	9	2		
4524	9.0480	9	2		
4525	9.0500	9	2		
4526	9.0520	9	2		
4527	9.0540	9	2		
4528	9.0560	9	2		
4529	9.0580	9	2		
4530	9.0600	9	2		
4531	9.0620	9	2		
4532	9.0640	9	2		
4533	9.0660	9	2		
4534	9.0680	9	2		
4535	9.0700	9	2		
4536	9.0720	9	2		
4537	9.0740	9	2		
4538	9.0760	9	2		
4539	9.0780	9	2		
4540	9.0800	9	2		
4541	9.0820	9	2		
4542	9.0840	9	2		
4543	9.0860	9	2		
4544	9.0880	9	2		
4545	9.0900	9	2		
4546	9.0920	9	2		
4547	9.0940	9	2		
4548	9.0960	9	2		
4549	9.0980	9	2		
4550	9.1000	9	2		
4551	9.1020	9	2		
4552	9.1040	9	2		
4553	9.1060	9	2		
4554	9.1080	9	3		
4555	9.1100	9	3		
4556	9.1120	9	3		
4557	9.1140	9	3		
4558	9.1160	9	3		
4559	9.1180	9	3		
4560	9.1200	9	3		
4561	9.1220	9	3		
4562	9.1240	9	3		
4563	9.1260	9	3		
4564	9.1280	9	3		
4565	9.1300	9	3		
4566	9.1320	9	3		
4567	9.1340	9	3		
4568	9.1360	9	3		
4569	9.1380	9	3		
4570	9.1400	9	3		
4571	9.1420	9	3		
4572	9.1440	9	3		
4573	9.1460	9	3		
4574	9.1480	9	3		
4575	9.1500	9	3		
4576	9.1520	9	3		
4577	9.1540	9	3		
4578	9.1560	9	3		
4579	9.1580	10	3		
4580	9.1600	10	3		
4581	9.1620	10	3		
4582	9.1640	10	3		
4583	9.1660	10	3		
4584	9.1680	10	3		
4585	9.1700	10	3		
4586	9.1720	10	3		
4587	9.1740	10	3		
4588	9.1760	10	3		
4589	9.1780	10	3		
4590	9.1800	10	3		
4591	9.1820	10	3		
4592	9.1840	10	3		
4593	9.1860	10	3		
4594	9.1880	10	4		
4595	9.1900	10	4		
4596	9.1920	10	4		
4597	9.1940	10	4		
4598	9.1960	10	4		
4599	9.1980	10	4		
4600	9.2000	10	4		
4601	9.2020	10	4		
4602	9.2040	10	4		
4603	9.2060	10	4		
4604	9.2080	10	4		
4605	9.2100	10	4		
4606	9.2120	10	4		
4607	9.2140	10	4		
4608	9.2160	10	4		
4609	9.2180	10	4		
4610	9.2200	10	4		
4611	9.2220	10	4		
4612	9.2240	10	4		
4613	9.2260	10	4		
4614	9.2280	10	4		
4615	9.2300	10	4		
4616	9.2320	10	4		
4617	9.2340	10	4		
4618	9.2360	10	4		
4619	9.2380	10	4		
4620	9.2400	10	4		
4621	9.2420	10	4		
4622	9.2440	10	4		
4623	9.2460	10	4		
4624	9.2480	10	4		
4625	9.2500	10	4		
4626	9.2520	10	4		
4627	9.2540	10	4		
4628	9.2560	10	4		
4629	9.2580	10	4		
4630	9.2600	10	4		
4631	9.2620	10	4		
4632	9.2640	10	4		
4633	9.2660	10	4		
4634	9.2680	10	4		
4635	9.2700	10	4		
4636	9.2720	10	4		
4637	9.2740	10	4		
4638	9.2760	10	4		
4639	9.2780	10	4		
4640	9.2800	10	4		
4641	9.2820	10	4		
4642	9.2840	10	4		
4643	9.2860	10	4		
4644	9.2880	10	4		
4645	9.2900	10	4		
4646	9.2920	10	4		
4647	9.2940	10	4		
4648	9.2960	10	4		
4649	9.2980	10	4		
4650	9.3000	10	4		
4651	9.3020	10	4		
4652	9.3040	10	4		
4653	9.3060	10	4		
4654	9.3080	10	4		
4655	9.3100	10	4		
4656	9.3120	10	4		
4657	9.3140	10	4		
4658	9.3160	10	4		
4659	9.3180	10	4		
4660	9.3200	10	4		
4661	9.3220	10	4		
4662	9.3240	10	4		
4663	9.3260	10	4		
4664	9.3280	10	4		
4665	9.3300	10	4		
4666	9.3320	10	4		
4667	9.3340	10	4		
4668	9.3360	10	4		
4669	9.3380	10	4		
4670	9.3400	10	4		
4671	9.3420	10	4		
4672	9.3440	10	4		
4673	9.3460	10	5		
4674	9.3480	10	5		
4675	9.3500	10	5		
4676	9.3520	10	5		
4677	9.3540	10	5		
4678	9.3560	10	5		
4679	9.3580	10	5		
4680	9.3600	10	5		
4681	9.3620	10	5		
4682	9.3640	10	5		
4683	9.3660	10	5		
4684	9.3680	10	5		
4685	9.3700	10	5		
4686	9.3720	10	5		
4687	9.3740	10	5		
4688	9.3760	10	5		
4689	9.3780	10	5		
4690	9.3800	10	5		
4691	9.3820	10	5		
4692	9.3840	10	5		
4693	9.3860	10	5		
4694	9.3880	10	5		
4695	9.3900	10	5		
4696	9.3920	10	5		
4697	9.3940	10	5		
4698	9.3960	10	5		
4699	9.3980	10	5		
4700	9.4000	10	5		
4701	9.4020	10	5		
4702	9.4040	10	5		
4703	9.4060	10	5		
4704	9.4080	10	5		
4705	9.4100	10	5		
4706	9.4120	10	5		
4707	9.4140	10	5		
4708	9.4160	10	5		
4709	9.4180	10	5		
4710	9.4200	10	5		
4711	9.4220	10	5		
4712	9.4240	10	5		
4713	9.4260	10	5		
4714	9.4280	10	5		
4715	9.4300	10	5		
4716	9.4320	10	5		
4717	9.4340	10	5		
4718	9.4360	10	5		
4719	9.4380	10	5		
4720	9.4400	10	5		
4721	9.4420	10	5		
4722	9.4440	10	5		
4723	9.4460	10	5		
4724	9.4480	10	5		
4725	9.4500	10	5		
4726	9.4520	10	5		
4727	9.4540	10	5		
4728	9.4560	10	5		
4729	9.4580	10	5		
4730	9.4600	10	5		
4731	9.4620	10	5		
4732	9.4640	10	5		
4733	9.4660	10	5		
4734	9.4680	10	5		
4735	9.4700	10	5		
4736	9.4720	10	5		
4737	9.4740	10	5		
4738	9.4760	10	5		
4739	9.4780	10	5		
4740	9.4800	10	5		
4741	9.4820	10	5		
4742	9.4840	10	5		
4743	9.4860	10	5		
4744	9.4880	10	5		
4745	9.4900	10	5		
4746	9.4920	10	5		
4747	9.4940	10	5		
4748	9.4960	10	5		
4749	9.4980	10	5		
4750	9.5000	10	5		
4751	9.5020	10	5		
4752	9.5040	10	5		
4753	9.5060	10	5		
4754	9.5080	10	5		
4755	9.5100	10	5		
4756	9.5120	10	5		
4757	9.5140	10	5		
4758	9.5160	10	5		
4759	9.5180	10	5		
4760	9.5200	10	5		
4761	9.5220	10	5		
4762	9.5240	10	5		
4763	9.5260	10	5		
4764	9.5280	10	5		
4765	9.5300	10	5		
4766	9.5320	10	5		
4767	9.5340	10	5		
4768	9.5360	10	5		
4769	9.5380	10	5		
4770	9.5400	10	5		
4771	9.5420	10	5		
4772	9.5440	10	5		
4773	9.5460	10	5		
4774	9.5480	10	5		
4775	9.5500	10	5		
4776	9.5520	10	5		
4777	9.5540	10	4		
4778	9.5560	10	4		
4779	9.5580	10	4		
4780	9.5600	10	4		
4781	9.5620	10	4		
4782	9.5640	10	4		
4783	9.5660	10	4		
4784	9.5680	10	4		
4785	9.5700	10	4		
4786	9.5720	10	4		
4787	9.5740	10	4		
4788	9.5760	10	4		
4789	9.5780	10	4		
4790	9.5800	10	4		
4791	9.5820	10	4		
4792	9.5840	10	4		
4793	9.5860	10	4		
4794	9.5880	10	4		
4795	9.5900	10	4		
4796	9.5920	10	4		
4797	9.5940	10	4		
4798	9.5960	10	4		
4799	9.5980	10	4		
4800	9.6000	10	4		
4801	9.6020	10	4		
4802	9.6040	10	4		
4803	9.6060	10	4		
4804	9.6080	10	4		
4805	9.6100	10	4		
4806	9.6120	10	4		
4807	9.6140	10	4		
4808	9.6160	10	4		
4809	9.6180	10	4		
4810	9.6200	10	4		
4811	9.6220	10	4		
4812	9.6240	10	4		
4813	9.6260	10	4		
4814	9.6280	10	4		
4815	9.6300	10	4		
4816	9.6320	10	4		
4817	9.6340	10	4		
4818	9.6360	10	4		
4819	9.6380	10	4		
4820	9.6400	10	4		
4821	9.6420	10	4		
4822	9.6440	10	4		
4823	9.6460	10	4		
4824	9.6480	10	4		
4825	9.6500	10	4		
4826	9.6520	10	4		
4827	9.6540	10	4		
4828	9.6560	10	4		
4829	9.6580	10	4		
4830	9.6600	10	4		
4831	9.6620	10	4		
4832	9.6640	9	4		
4833	9.6660	9	4		
4834	9.6680	9	4		
4835	9.6700	9	4		
4836	9.6720	9	4		
4837	9.6740	9	4		
4838	9.6760	9	4		
4839	9.6780	9	4		
4840	9.6800	9	4		
4841	9.6820	9	4		
4842	9.6840	9	4		
4843	9.6860	9	4		
4844	9.6880	9	4		
4845	9.6900	9	4		
4846	9.6920	9	4		
4847	9.6940	9	4		
4848	9.6960	9	4		
4849	9.6980	9	4		
4850	9.7000	9	3		
4851	9.7020	9	3		
4852	9.7040	9	3		
4853	9.7060	9	3		
4854	9.7080	9	3		
4855	9.7100	9	3		
4856	9.7120	9	3		
4857	9.7140	9	3		
4858	9.7160	9	3		
4859	9.7180	9	3		
4860	9.7200	9	3		
4861	9.7220	9	3		
4862	9.7240	9	3		
4863	9.7260	9	3		
4864	9.7280	9	3		
4865	9.7300	9	3		
4866	9.7320	9	3		
4867	9.7340	9	3		
4868	9.7360	9	3		
4869	9.7380	9	3		
4870	9.7400	9	3		
4871	9.7420	9	3		
4872	9.7440	9	3		
4873	9.7460	9	3		
4874	9.7480	9	3		
4875	9.7500	9	3		
4876	9.7520	9	3		
4877	9.7540	9	3		
4878	9.7560	9	3		
4879	9.7580	9	3		
4880	9.7600	9	3		
4881	9.7620	9	3		
4882	9.7640	9	3		
4883	9.7660	9	3		
4884	9.7680	9	3		
4885	9.7700	9	2		
4886	9.7720	9	2		
4887	9.7740	9	2		
4888	9.7760	9	2		
4889	9.7780	9	2		
4890	9.7800	9	2		
4891	9.7820	9	2		
4892	9.7840	9	2		
4893	9.7860	9	2		
4894	9.7880	9	2		
4895	9.7900	9	2		
4896	9.7920	9	2		
4897	9.7940	9	2		
4898	9.7960	8	2		
4899	9.7980	8	2		
4900	9.8000	8	2		
4901	9.8020	8	2		
4902	9.8040	8	2		
4903	9.8060	8	2		
4904	9.8080	8	2		
4905	9.8100	8	2		
4906	9.8120	8	2		
4907	9.8140	8	2		
4908	9.8160	8	2		
4909	9.8180	8	2		
4910	9.8200	8	2		
4911	9.8220	8	2		
4912	9.8240	8	2		
4913	9.8260	8	2		
4914	9.8280	8	2		
4915	9.8300	8	2		
4916	9.8320	8	2		
4917	9.8340	8	2		
4918	9.8360	8	2		
4919	9.8380	8	2		
4920	9.8400	8	2		
4921	9.8420	8	2		
4922	9.8440	8	2		
4923	9.8460	8	2		
4924	9.8480	8	2		
4925	9.8500	8	2		
4926	9.8520	7	2		
4927	9.8540	7	2		
4928	9.8560	7	2		
4929	9.8580	7	2		
4930	9.8600	7	1		
4931	9.8620	7	1		
4932	9.8640	7	1		
4933	9.8660	7	1		
4934	9.8680	7	1		
4935	9.8700	7	1		
4936	9.8720	7	1		
4937	9.8740	7	1		
4938	9.8760	7	1		
4939	9.8780	7	1		
4940	9.8800	7	1		
4941	9.8820	7	1		
4942	9.8840	7	1		
4943	9.8860	7	1		
4944	9.8880	7	1		
4945	9.8900	7	1		
4946	9.8920	7	1		
4947	9.8940	7	1		
4948	9.8960	7	1		
4949	9.8980	7	1		
4950	9.9000	7	1		
4951	9.9020	7	1		
4952	9.9040	6	1		
4953	9.9060	6	1		
4954	9.9080	6	1		
4955	9.9100	6	1		
4956	9.9120	6	1		
4957	9.9140	6	1		
4958	9.9160	6	1		
4959	9.9180	6	0		
4960	9.9200	6	0		
4961	9.9220	6	0		
4962	9.9240	6	0		
4963	9.9260	6	0		
4964	9.9280	6	0		
4965	9.9300	6	0		
4966	9.9320	6	0		
4967	9.9340	6	0		
4968	9.9360	6	0		
4969	9.9380	6	0		
4970	9.9400	6	0		
4971	9.9420	6	0		
4972	9.9440	6	0		
4973	9.9460	6	0		
4974	9.9480	6	0		
4975	9.9500	6	0		
4976	9.9520	6	0		
4977	9.9540	6	0		
4978	9.9560	5	0		
4979	9.9580	5	0		
4980	9.9600	5	0		
4981	9.9620	5	0		
4982	9.9640	5	0		
4983	9.9660	5	0		
4984	9.9680	5	0		
4985	9.9700	5	0		
4986	9.9720	5	0		
4987	9.9740	5	0		
4988	9.9760	5	0		
4989	9.9780	5	0		
4990	9.9800	5	0		
4991	9.9820	5	0		
4992	9.9840	5	0		
4993	9.9860	5	0		
4994	9.9880	5	0		
4995	9.9900	5	0		
4996	9.9920	5	0		
4997	9.9940	5	0		
4998	9.9960	5	0		
4999	9.9980	5	0		
5000	10.0000	5	0		
