#	time(s)	count A	count B	count C	count D
1	0.0020	17	-6		
2	0.0040	17	-6		
3	0.0060	17	-5		
4	0.0080	17	-5		
5	0.0100	17	-5		
6	0.0120	17	-5		
7	0.0140	18	-5		
8	0.0160	18	-5		
9	0.0180	18	-5		
10	0.0200	18	-5		
11	0.0220	18	-5		
12	0.0240	18	-5		
13	0.0260	18	-5		
14	0.0280	18	-5		
15	0.0300	18	-5		
16	0.0320	18	-5		
17	0.0340	18	-5		
18	0.0360	18	-4		
19	0.0380	18	-4		
20	0.0400	18	-4		
21	0.0420	18	-4		
22	0.0440	18	-4		
23	0.0460	18	-4		
24	0.0480	18	-4		
25	0.0500	18	-4		
26	0.0520	18	-4		
27	0.0540	18	-4		
28	0.0560	18	-4		
29	0.0580	18	-4		
30	0.0600	19	-4		
31	0.0620	19	-4		
32	0.0640	19	-4		
33	0.0660	19	-4		
34	0.0680	19	-4		
35	0.0700	19	-4		
36	0.0720	19	-4		
37	0.0740	19	-4		
38	0.0760	19	-4		
39	0.0780	19	-3		
40	0.0800	19	-3		
41	0.0820	20	-3		
42	0.0840	20	-3		
43	0.0860	20	-3		
44	0.0880	20	-3		
45	0.0900	20	-3		
46	0.0920	20	-3		
47	0.0940	20	-3		
48	0.0960	20	-3		
49	0.0980	20	-3		
50	0.1000	20	-3		
51	0.1020	20	-3		
52	0.1040	20	-2		
53	0.1060	20	-2		
54	0.1080	20	-2		
55	0.1100	20	-2		
56	0.1120	20	-2		
57	0.1140	20	-2		
58	0.1160	20	-2		
59	0.1180	20	-2		
60	0.1200	20	-2		
61	0.1220	21	-2		
62	0.1240	21	-2		
63	0.1260	21	-2		
64	0.1280	21	-2		
65	0.1300	21	-2		
66	0.1320	21	-2		
67	0.1340	21	-2		
68	0.1360	21	-2		
69	0.1380	21	-2		
70	0.1400	21	-1		
71	0.1420	21	-1		
72	0.1440	22	-1		
73	0.1460	22	-1		
74	0.1480	22	-1		
75	0.1500	22	-1		
76	0.1520	22	-1		
77	0.1540	22	-1		
78	0.1560	22	-1		
79	0.1580	22	-1		
80	0.1600	22	-1		
81	0.1620	22	-1		
82	0.1640	22	-1		
83	0.1660	22	0		
84	0.1680	22	0		
85	0.1700	22	0		
86	0.1720	22	0		
87	0.1740	22	0		
88	0.1760	22	0		
89	0.1780	22	0		
90	0.1800	22	0		
91	0.1820	22	0		
92	0.1840	23	0		
93	0.1860	23	0		
94	0.1880	23	0		
95	0.1900	23	0		
96	0.1920	23	0		
97	0.1940	23	0		
98	0.1960	23	0		
99	0.1980	23	0		
100	0.2000	23	1		
101	0.2020	23	1		
102	0.2040	24	1		
103	0.2060	24	1		
104	0.2080	24	1		
105	0.2100	24	1		
106	0.2120	24	1		
107	0.2140	24	1		
108	0.2160	24	1		
109	0.2180	24	1		
110	0.2200	24	1		
111	0.2220	24	1		
112	0.2240	24	2		
113	0.2260	24	2		
114	0.2280	24	2		
115	0.2300	24	2		
116	0.2320	24	2		
117	0.2340	24	2		
118	0.2360	24	2		
119	0.2380	24	2		
120	0.2400	24	2		
121	0.2420	24	2		
122	0.2440	24	2		
123	0.2460	25	2		
124	0.2480	25	2		
125	0.2500	25	2		
126	0.2520	25	2		
127	0.2540	25	2		
128	0.2560	25	2		
129	0.2580	25	2		
130	0.2600	25	2		
131	0.2620	25	3		
132	0.2640	25	3		
133	0.2660	25	3		
134	0.2680	26	3		
135	0.2700	26	3		
136	0.2720	26	3		
137	0.2740	26	3		
138	0.2760	26	3		
139	0.2780	26	3		
140	0.2800	26	3		
141	0.2820	26	3		
142	0.2840	26	3		
143	0.2860	26	3		
144	0.2880	26	4		
145	0.2900	26	4		
146	0.2920	26	4		
147	0.2940	26	4		
148	0.2960	26	4		
149	0.2980	26	4		
150	0.3000	26	4		
151	0.3020	26	4		
152	0.3040	26	4		
153	0.3060	26	4		
154	0.3080	26	4		
155	0.3100	26	4		
156	0.3120	26	4		
157	0.3140	26	4		
158	0.3160	26	4		
159	0.3180	26	4		
160	0.3200	26	4		
161	0.3220	26	4		
162	0.3240	26	4		
163	0.3260	26	4		
164	0.3280	26	5		
165	0.3300	26	5		
166	0.3320	26	5		
167	0.3340	26	5		
168	0.3360	26	5		
169	0.3380	26	5		
170	0.3400	26	5		
171	0.3420	26	5		
172	0.3440	26	5		
173	0.3460	26	5		
174	0.3480	26	5		
175	0.3500	26	5		
176	0.3520	26	5		
177	0.3540	26	5		
178	0.3560	26	5		
179	0.3580	26	5		
180	0.3600	27	6		
181	0.3620	27	6		
182	0.3640	27	6		
183	0.3660	27	6		
184	0.3680	27	6		
185	0.3700	27	6		
186	0.3720	27	6		
187	0.3740	27	6		
188	0.3760	27	6		
189	0.3780	27	6		
190	0.3800	27	6		
191	0.3820	27	6		
192	0.3840	27	6		
193	0.3860	27	6		
194	0.3880	27	6		
195	0.3900	27	6		
196	0.3920	27	6		
197	0.3940	28	6		
198	0.3960	28	6		
199	0.3980	28	6		
200	0.4000	28	6		
201	0.4020	28	6		
202	0.4040	28	6		
203	0.4060	28	6		
204	0.4080	28	6		
205	0.4100	28	6		
206	0.4120	28	6		
207	0.4140	28	6		
208	0.4160	27	6		
209	0.4180	27	7		
210	0.4200	27	7		
211	0.4220	27	7		
212	0.4240	27	7		
213	0.4260	27	7		
214	0.4280	27	7		
215	0.4300	27	7		
216	0.4320	27	7		
217	0.4340	27	7		
218	0.4360	27	7		
219	0.4380	27	7		
220	0.4400	27	7		
221	0.4420	27	7		
222	0.4440	27	7		
223	0.4460	27	7		
224	0.4480	27	7		
225	0.4500	27	7		
226	0.4520	27	7		
227	0.4540	27	7		
228	0.4560	27	7		
229	0.4580	27	7		
230	0.4600	27	7		
231	0.4620	27	7		
232	0.4640	27	7		
233	0.4660	27	7		
234	0.4680	27	7		
235	0.4700	27	7		
236	0.4720	27	7		
237	0.4740	27	7		
238	0.4760	27	7		
239	0.4780	27	7		
240	0.4800	27	7		
241	0.4820	27	7		
242	0.4840	27	7		
243	0.4860	27	8		
244	0.4880	27	8		
245	0.4900	27	8		
246	0.4920	27	8		
247	0.4940	27	8		
248	0.4960	27	8		
249	0.4980	27	8		
250	0.5000	27	8		
251	0.5020	27	8		
252	0.5040	28	8		
253	0.5060	28	8		
254	0.5080	28	8		
255	0.5100	28	8		
256	0.5120	28	8		
257	0.5140	28	8		
258	0.5160	28	8		
259	0.5180	28	8		
260	0.5200	28	8		
261	0.5220	28	8		
262	0.5240	28	8		
263	0.5260	28	8		
264	0.5280	28	8		
265	0.5300	28	8		
266	0.5320	28	8		
267	0.5340	28	8		
268	0.5360	27	8		
269	0.5380	27	8		
270	0.5400	27	8		
271	0.5420	27	8		
272	0.5440	27	8		
273	0.5460	27	8		
274	0.5480	27	8		
275	0.5500	27	8		
276	0.5520	27	8		
277	0.5540	27	8		
278	0.5560	27	8		
279	0.5580	27	8		
280	0.5600	27	8		
281	0.5620	27	8		
282	0.5640	27	8		
283	0.5660	27	8		
284	0.5680	27	8		
285	0.5700	27	8		
286	0.5720	27	8		
287	0.5740	27	8		
288	0.5760	27	8		
289	0.5780	27	8		
290	0.5800	27	8		
291	0.5820	27	8		
292	0.5840	27	8		
293	0.5860	27	8		
294	0.5880	27	8		
295	0.5900	27	7		
296	0.5920	27	7		
297	0.5940	27	7		
298	0.5960	27	7		
299	0.5980	27	7		
300	0.6000	27	7		
301	0.6020	27	7		
302	0.6040	27	7		
303	0.6060	27	7		
304	0.6080	27	7		
305	0.6100	28	7		
306	0.6120	28	7		
307	0.6140	28	7		
308	0.6160	28	7		
309	0.6180	28	7		
310	0.6200	28	7		
311	0.6220	28	7		
312	0.6240	28	7		
313	0.6260	28	7		
314	0.6280	28	7		
315	0.6300	28	7		
316	0.6320	27	7		
317	0.6340	27	7		
318	0.6360	27	7		
319	0.6380	27	7		
320	0.6400	27	7		
321	0.6420	27	7		
322	0.6440	27	7		
323	0.6460	27	7		
324	0.6480	27	7		
325	0.6500	27	7		
326	0.6520	27	7		
327	0.6540	27	6		
328	0.6560	27	6		
329	0.6580	27	6		
330	0.6600	27	6		
331	0.6620	27	6		
332	0.6640	27	6		
333	0.6660	27	6		
334	0.6680	26	6		
335	0.6700	26	6		
336	0.6720	26	6		
337	0.6740	26	6		
338	0.6760	26	6		
339	0.6780	26	6		
340	0.6800	26	6		
341	0.6820	26	6		
342	0.6840	26	6		
343	0.6860	26	6		
344	0.6880	26	6		
345	0.6900	26	6		
346	0.6920	26	6		
347	0.6940	26	6		
348	0.6960	26	6		
349	0.6980	26	6		
350	0.7000	26	6		
351	0.7020	26	6		
352	0.7040	26	6		
353	0.7060	26	6		
354	0.7080	26	6		
355	0.7100	26	6		
356	0.7120	26	5		
357	0.7140	26	5		
358	0.7160	26	5		
359	0.7180	26	5		
360	0.7200	26	5		
361	0.7220	26	5		
362	0.7240	26	5		
363	0.7260	26	5		
364	0.7280	26	5		
365	0.7300	26	5		
366	0.7320	26	5		
367	0.7340	26	5		
368	0.7360	26	5		
369	0.7380	26	5		
370	0.7400	26	5		
371	0.7420	26	5		
372	0.7440	26	4		
373	0.7460	26	4		
374	0.7480	26	4		
375	0.7500	26	4		
376	0.7520	26	4		
377	0.7540	26	4		
378	0.7560	26	4		
379	0.7580	25	4		
380	0.7600	25	4		
381	0.7620	25	4		
382	0.7640	25	4		
383	0.7660	25	4		
384	0.7680	25	4		
385	0.7700	25	4		
386	0.7720	25	4		
387	0.7740	25	4		
388	0.7760	25	4		
389	0.7780	25	4		
390	0.7800	24	4		
391	0.7820	24	4		
392	0.7840	24	4		
393	0.7860	24	3		
394	0.7880	24	3		
395	0.7900	24	3		
396	0.7920	24	3		
397	0.7940	24	3		
398	0.7960	24	3		
399	0.7980	24	3		
400	0.8000	24	3		
401	0.8020	24	3		
402	0.8040	24	3		
403	0.8060	24	3		
404	0.8080	24	3		
405	0.8100	24	2		
406	0.8120	24	2		
407	0.8140	24	2		
408	0.8160	24	2		
409	0.8180	24	2		
410	0.8200	24	2		
411	0.8220	23	2		
412	0.8240	23	2		
413	0.8260	23	2		
414	0.8280	23	2		
415	0.8300	23	2		
416	0.8320	23	2		
417	0.8340	23	2		
418	0.8360	23	2		
419	0.8380	23	2		
420	0.8400	23	2		
421	0.8420	22	2		
422	0.8440	22	2		
423	0.8460	22	1		
424	0.8480	22	1		
425	0.8500	22	1		
426	0.8520	22	1		
427	0.8540	22	1		
428	0.8560	22	1		
429	0.8580	22	1		
430	0.8600	22	1		
431	0.8620	22	1		
432	0.8640	22	1		
433	0.8660	22	1		
434	0.8680	22	1		
435	0.8700	22	0		
436	0.8720	22	0		
437	0.8740	22	0		
438	0.8760	22	0		
439	0.8780	22	0		
440	0.8800	22	0		
441	0.8820	21	0		
442	0.8840	21	0		
443	0.8860	21	0		
444	0.8880	21	0		
445	0.8900	21	0		
446	0.8920	21	0		
447	0.8940	21	0		
448	0.8960	21	0		
449	0.8980	21	0		
450	0.9000	21	0		
451	0.9020	20	0		
452	0.9040	20	-1		
453	0.9060	20	-1		
454	0.9080	20	-1		
455	0.9100	20	-1		
456	0.9120	20	-1		
457	0.9140	20	-1		
458	0.9160	20	-1		
459	0.9180	20	-1		
460	0.9200	20	-1		
461	0.9220	20	-1		
462	0.9240	20	-1		
463	0.9260	20	-2		
464	0.9280	20	-2		
465	0.9300	20	-2		
466	0.9320	20	-2		
467	0.9340	20	-2		
468	0.9360	20	-2		
469	0.9380	20	-2		
470	0.9400	20	-2		
471	0.9420	19	-2		
472	0.9440	19	-2		
473	0.9460	19	-2		
474	0.9480	19	-2		
475	0.9500	19	-2		
476	0.9520	19	-2		
477	0.9540	19	-2		
478	0.9560	19	-2		
479	0.9580	19	-2		
480	0.9600	19	-2		
481	0.9620	19	-3		
482	0.9640	18	-3		
483	0.9660	18	-3		
484	0.9680	18	-3		
485	0.9700	18	-3		
486	0.9720	18	-3		
487	0.9740	18	-3		
488	0.9760	18	-3		
489	0.9780	18	-3		
490	0.9800	18	-3		
491	0.9820	18	-3		
492	0.9840	18	-3		
493	0.9860	18	-3		
494	0.9880	18	-4		
495	0.9900	18	-4		
496	0.9920	18	-4		
497	0.9940	18	-4		
498	0.9960	18	-4		
499	0.9980	18	-4		
500	1.0000	18	-4		
501	1.0020	18	-4		
502	1.0040	18	-4		
503	1.0060	18	-4		
504	1.0080	18	-4		
505	1.0100	17	-4		
506	1.0120	17	-4		
507	1.0140	17	-4		
508	1.0160	17	-4		
509	1.0180	17	-4		
510	1.0200	17	-4		
511	1.0220	17	-4		
512	1.0240	17	-4		
513	1.0260	17	-5		
514	1.0280	17	-5		
515	1.0300	17	-5		
516	1.0320	17	-5		
517	1.0340	17	-5		
518	1.0360	16	-5		
519	1.0380	16	-5		
520	1.0400	16	-5		
521	1.0420	16	-5		
522	1.0440	16	-5		
523	1.0460	16	-5		
524	1.0480	16	-5		
525	1.0500	16	-5		
526	1.0520	16	-5		
527	1.0540	16	-5		
528	1.0560	16	-6		
529	1.0580	16	-6		
530	1.0600	16	-6		
531	1.0620	16	-6		
532	1.0640	16	-6		
533	1.0660	16	-6		
534	1.0680	16	-6		
535	1.0700	16	-6		
536	1.0720	16	-6		
537	1.0740	16	-6		
538	1.0760	16	-6		
539	1.0780	16	-6		
540	1.0800	16	-6		
541	1.0820	16	-6		
542	1.0840	16	-6		
543	1.0860	16	-6		
544	1.0880	16	-6		
545	1.0900	16	-6		
546	1.0920	16	-6		
547	1.0940	16	-6		
548	1.0960	16	-6		
549	1.0980	16	-6		
550	1.1000	15	-6		
551	1.1020	15	-6		
552	1.1040	15	-7		
553	1.1060	15	-7		
554	1.1080	15	-7		
555	1.1100	15	-7		
556	1.1120	15	-7		
557	1.1140	15	-7		
558	1.1160	15	-7		
559	1.1180	15	-7		
560	1.1200	15	-7		
561	1.1220	15	-7		
562	1.1240	15	-7		
563	1.1260	15	-7		
564	1.1280	15	-7		
565	1.1300	15	-7		
566	1.1320	15	-7		
567	1.1340	15	-7		
568	1.1360	15	-7		
569	1.1380	15	-7		
570	1.1400	15	-7		
571	1.1420	15	-7		
572	1.1440	14	-7		
573	1.1460	14	-7		
574	1.1480	14	-7		
575	1.1500	14	-7		
576	1.1520	14	-8		
577	1.1540	14	-8		
578	1.1560	14	-8		
579	1.1580	14	-8		
580	1.1600	14	-8		
581	1.1620	14	-8		
582	1.1640	14	-8		
583	1.1660	14	-8		
584	1.1680	14	-8		
585	1.1700	14	-8		
586	1.1720	14	-8		
587	1.1740	14	-8		
588	1.1760	14	-8		
589	1.1780	14	-8		
590	1.1800	14	-8		
591	1.1820	14	-8		
592	1.1840	14	-8		
593	1.1860	14	-8		
594	1.1880	14	-8		
595	1.1900	14	-8		
596	1.1920	14	-8		
597	1.1940	14	-8		
598	1.1960	14	-8		
599	1.1980	14	-8		
600	1.2000	14	-8		
601	1.2020	14	-8		
602	1.2040	14	-8		
603	1.2060	14	-8		
604	1.2080	14	-8		
605	1.2100	14	-8		
606	1.2120	14	-8		
607	1.2140	14	-8		
608	1.2160	14	-8		
609	1.2180	14	-8		
610	1.2200	14	-8		
611	1.2220	14	-8		
612	1.2240	14	-8		
613	1.2260	14	-8		
614	1.2280	14	-8		
615	1.2300	14	-8		
616	1.2320	14	-8		
617	1.2340	14	-8		
618	1.2360	14	-8		
619	1.2380	14	-8		
620	1.2400	14	-8		
621	1.2420	14	-8		
622	1.2440	14	-8		
623	1.2460	14	-8		
624	1.2480	14	-8		
625	1.2500	14	-8		
626	1.2520	14	-8		
627	1.2540	14	-8		
628	1.2560	14	-8		
629	1.2580	14	-8		
630	1.2600	14	-8		
631	1.2620	14	-8		
632	1.2640	14	-8		
633	1.2660	14	-8		
634	1.2680	14	-8		
635	1.2700	14	-8		
636	1.2720	14	-8		
637	1.2740	14	-8		
638	1.2760	14	-8		
639	1.2780	14	-8		
640	1.2800	14	-8		
641	1.2820	14	-8		
642	1.2840	14	-8		
643	1.2860	14	-8		
644	1.2880	14	-8		
645	1.2900	14	-8		
646	1.2920	14	-8		
647	1.2940	14	-8		
648	1.2960	14	-8		
649	1.2980	14	-8		
650	1.3000	14	-8		
651	1.3020	14	-8		
652	1.3040	14	-8		
653	1.3060	14	-8		
654	1.3080	14	-8		
655	1.3100	14	-8		
656	1.3120	14	-8		
657	1.3140	15	-8		
658	1.3160	15	-8		
659	1.3180	15	-8		
660	1.3200	15	-8		
661	1.3220	15	-8		
662	1.3240	15	-8		
663	1.3260	15	-8		
664	1.3280	15	-8		
665	1.3300	15	-8		
666	1.3320	15	-8		
667	1.3340	15	-7		
668	1.3360	15	-7		
669	1.3380	15	-7		
670	1.3400	15	-7		
671	1.3420	15	-7		
672	1.3440	15	-7		
673	1.3460	15	-7		
674	1.3480	15	-7		
675	1.3500	15	-7		
676	1.3520	15	-7		
677	1.3540	15	-7		
678	1.3560	15	-7		
679	1.3580	15	-7		
680	1.3600	16	-7		
681	1.3620	16	-7		
682	1.3640	16	-7		
683	1.3660	16	-7		
684	1.3680	16	-7		
685	1.3700	16	-7		
686	1.3720	16	-7		
687	1.3740	16	-7		
688	1.3760	16	-7		
689	1.3780	16	-7		
690	1.3800	16	-7		
691	1.3820	16	-6		
692	1.3840	16	-6		
693	1.3860	16	-6		
694	1.3880	16	-6		
695	1.3900	16	-6		
696	1.3920	16	-6		
697	1.3940	16	-6		
698	1.3960	16	-6		
699	1.3980	16	-6		
700	1.4000	16	-6		
701	1.4020	16	-6		
702	1.4040	16	-6		
703	1.4060	16	-6		
704	1.4080	16	-6		
705	1.4100	16	-6		
706	1.4120	16	-6		
707	1.4140	16	-6		
708	1.4160	16	-6		
709	1.4180	16	-6		
710	1.4200	17	-6		
711	1.4220	17	-6		
712	1.4240	17	-6		
713	1.4260	17	-6		
714	1.4280	17	-6		
715	1.4300	17	-6		
716	1.4320	17	-5		
717	1.4340	17	-5		
718	1.4360	17	-5		
719	1.4380	17	-5		
720	1.4400	17	-5		
721	1.4420	17	-5		
722	1.4440	17	-5		
723	1.4460	17	-5		
724	1.4480	18	-5		
725	1.4500	18	-5		
726	1.4520	18	-5		
727	1.4540	18	-5		
728	1.4560	18	-5		
729	1.4580	18	-5		
730	1.4600	18	-5		
731	1.4620	18	-4		
732	1.4640	18	-4		
733	1.4660	18	-4		
734	1.4680	18	-4		
735	1.4700	18	-4		
736	1.4720	18	-4		
737	1.4740	18	-4		
738	1.4760	18	-4		
739	1.4780	18	-4		
740	1.4800	18	-4		
741	1.4820	18	-4		
742	1.4840	18	-4		
743	1.4860	18	-4		
744	1.4880	18	-4		
745	1.4900	18	-4		
746	1.4920	19	-4		
747	1.4940	19	-4		
748	1.4960	19	-4		
749	1.4980	19	-4		
750	1.5000	19	-3		
751	1.5020	19	-3		
752	1.5040	19	-3		
753	1.5060	19	-3		
754	1.5080	19	-3		
755	1.5100	19	-3		
756	1.5120	19	-3		
757	1.5140	20	-3		
758	1.5160	20	-3		
759	1.5180	20	-3		
760	1.5200	20	-3		
761	1.5220	20	-3		
762	1.5240	20	-3		
763	1.5260	20	-2		
764	1.5280	20	-2		
765	1.5300	20	-2		
766	1.5320	20	-2		
767	1.5340	20	-2		
768	1.5360	20	-2		
769	1.5380	20	-2		
770	1.5400	20	-2		
771	1.5420	20	-2		
772	1.5440	20	-2		
773	1.5460	20	-2		
774	1.5480	20	-2		
775	1.5500	20	-2		
776	1.5520	20	-2		
777	1.5540	20	-2		
778	1.5560	21	-2		
779	1.5580	21	-2		
780	1.5600	21	-2		
781	1.5620	21	-1		
782	1.5640	21	-1		
783	1.5660	21	-1		
784	1.5680	21	-1		
785	1.5700	21	-1		
786	1.5720	21	-1		
787	1.5740	21	-1		
788	1.5760	22	-1		
789	1.5780	22	-1		
790	1.5800	22	-1		
791	1.5820	22	-1		
792	1.5840	22	-1		
793	1.5860	22	0		
794	1.5880	22	0		
795	1.5900	22	0		
796	1.5920	22	0		
797	1.5940	22	0		
798	1.5960	22	0		
799	1.5980	22	0		
800	1.6000	22	0		
801	1.6020	22	0		
802	1.6040	22	0		
803	1.6060	22	0		
804	1.6080	22	0		
805	1.6100	22	0		
806	1.6120	22	0		
807	1.6140	22	0		
808	1.6160	23	0		
809	1.6180	23	0		
810	1.6200	23	1		
811	1.6220	23	1		
812	1.6240	23	1		
813	1.6260	23	1		
814	1.6280	23	1		
815	1.6300	23	1		
816	1.6320	23	1		
817	1.6340	23	1		
818	1.6360	24	1		
819	1.6380	24	1		
820	1.6400	24	1		
821	1.6420	24	1		
822	1.6440	24	2		
823	1.6460	24	2		
824	1.6480	24	2		
825	1.6500	24	2		
826	1.6520	24	2		
827	1.6540	24	2		
828	1.6560	24	2		
829	1.6580	24	2		
830	1.6600	24	2		
831	1.6620	24	2		
832	1.6640	24	2		
833	1.6660	24	2		
834	1.6680	24	2		
835	1.6700	24	2		
836	1.6720	24	2		
837	1.6740	24	2		
838	1.6760	24	2		
839	1.6780	25	2		
840	1.6800	25	2		
841	1.6820	25	3		
842	1.6840	25	3		
843	1.6860	25	3		
844	1.6880	25	3		
845	1.6900	25	3		
846	1.6920	25	3		
847	1.6940	25	3		
848	1.6960	25	3		
849	1.6980	25	3		
850	1.7000	25	3		
851	1.7020	26	3		
852	1.7040	26	3		
853	1.7060	26	3		
854	1.7080	26	4		
855	1.7100	26	4		
856	1.7120	26	4		
857	1.7140	26	4		
858	1.7160	26	4		
859	1.7180	26	4		
860	1.7200	26	4		
861	1.7220	26	4		
862	1.7240	26	4		
863	1.7260	26	4		
864	1.7280	26	4		
865	1.7300	26	4		
866	1.7320	26	4		
867	1.7340	26	4		
868	1.7360	26	4		
869	1.7380	26	4		
870	1.7400	26	4		
871	1.7420	26	4		
872	1.7440	26	4		
873	1.7460	26	4		
874	1.7480	26	4		
875	1.7500	26	5		
876	1.7520	26	5		
877	1.7540	26	5		
878	1.7560	26	5		
879	1.7580	26	5		
880	1.7600	26	5		
881	1.7620	26	5		
882	1.7640	26	5		
883	1.7660	26	5		
884	1.7680	26	5		
885	1.7700	26	5		
886	1.7720	26	5		
887	1.7740	26	5		
888	1.7760	26	5		
889	1.7780	26	5		
890	1.7800	26	5		
891	1.7820	26	5		
892	1.7840	26	6		
893	1.7860	26	6		
894	1.7880	26	6		
895	1.7900	26	6		
896	1.7920	27	6		
897	1.7940	27	6		
898	1.7960	27	6		
899	1.7980	27	6		
900	1.8000	27	6		
901	1.8020	27	6		
902	1.8040	27	6		
903	1.8060	27	6		
904	1.8080	27	6		
905	1.8100	27	6		
906	1.8120	27	6		
907	1.8140	27	6		
908	1.8160	27	6		
909	1.8180	27	6		
910	1.8200	27	6		
911	1.8220	27	6		
912	1.8240	27	6		
913	1.8260	28	6		
914	1.8280	28	6		
915	1.8300	28	6		
916	1.8320	28	6		
917	1.8340	28	6		
918	1.8360	28	6		
919	1.8380	28	6		
920	1.8400	28	6		
921	1.8420	28	6		
922	1.8440	28	6		
923	1.8460	28	6		
924	1.8480	27	7		
925	1.8500	27	7		
926	1.8520	27	7		
927	1.8540	27	7		
928	1.8560	27	7		
929	1.8580	27	7		
930	1.8600	27	7		
931	1.8620	27	7		
932	1.8640	27	7		
933	1.8660	27	7		
934	1.8680	27	7		
935	1.8700	27	7		
936	1.8720	27	7		
937	1.8740	27	7		
938	1.8760	27	7		
939	1.8780	27	7		
940	1.8800	27	7		
941	1.8820	27	7		
942	1.8840	27	7		
943	1.8860	27	7		
944	1.8880	27	7		
945	1.8900	27	7		
946	1.8920	27	7		
947	1.8940	27	7		
948	1.8960	27	7		
949	1.8980	27	7		
950	1.9000	27	7		
951	1.9020	27	7		
952	1.9040	27	7		
953	1.9060	27	7		
954	1.9080	27	7		
955	1.9100	27	7		
956	1.9120	27	7		
957	1.9140	27	7		
958	1.9160	27	7		
959	1.9180	27	7		
960	1.9200	27	7		
961	1.9220	27	7		
962	1.9240	27	7		
963	1.9260	27	7		
964	1.9280	28	7		
965	1.9300	28	7		
966	1.9320	28	7		
967	1.9340	28	7		
968	1.9360	28	7		
969	1.9380	28	7		
970	1.9400	28	7		
971	1.9420	28	7		
972	1.9440	28	7		
973	1.9460	28	7		
974	1.9480	28	7		
975	1.9500	28	7		
976	1.9520	28	7		
977	1.9540	28	7		
978	1.9560	28	7		
979	1.9580	28	7		
980	1.9600	28	7		
981	1.9620	28	7		
982	1.9640	28	7		
983	1.9660	28	7		
984	1.9680	28	7		
985	1.9700	27	7		
986	1.9720	27	7		
987	1.9740	27	7		
988	1.9760	27	7		
989	1.9780	27	7		
990	1.9800	27	7		
991	1.9820	27	7		
992	1.9840	27	7		
993	1.9860	27	7		
994	1.9880	27	7		
995	1.9900	27	7		
996	1.9920	27	7		
997	1.9940	27	7		
998	1.9960	27	7		
999	1.9980	27	7		
1000	2.0000	27	7		
1001	2.0020	27	7		
1002	2.0040	27	7		
1003	2.0060	27	7		
1004	2.0080	27	7		
1005	2.0100	27	7		
1006	2.0120	27	7		
1007	2.0140	27	7		
1008	2.0160	27	7		
1009	2.0180	27	7		
1010	2.0200	27	7		
1011	2.0220	27	7		
1012	2.0240	27	7		
1013	2.0260	27	7		
1014	2.0280	27	7		
1015	2.0300	27	7		
1016	2.0320	27	7		
1017	2.0340	27	7		
1018	2.0360	27	7		
1019	2.0380	27	7		
1020	2.0400	27	7		
1021	2.0420	27	7		
1022	2.0440	28	7		
1023	2.0460	28	7		
1024	2.0480	28	7		
1025	2.0500	28	7		
1026	2.0520	28	7		
1027	2.0540	28	7		
1028	2.0560	28	7		
1029	2.0580	28	6		
1030	2.0600	28	6		
1031	2.0620	28	6		
1032	2.0640	27	6		
1033	2.0660	27	6		
1034	2.0680	27	6		
1035	2.0700	27	6		
1036	2.0720	27	6		
1037	2.0740	27	6		
1038	2.0760	27	6		
1039	2.0780	27	6		
1040	2.0800	27	6		
1041	2.0820	27	6		
1042	2.0840	27	6		
1043	2.0860	27	6		
1044	2.0880	27	6		
1045	2.0900	27	6		
1046	2.0920	27	6		
1047	2.0940	27	6		
1048	2.0960	27	6		
1049	2.0980	27	6		
1050	2.1000	26	6		
1051	2.1020	26	6		
1052	2.1040	26	6		
1053	2.1060	26	6		
1054	2.1080	26	6		
1055	2.1100	26	6		
1056	2.1120	26	6		
1057	2.1140	26	6		
1058	2.1160	26	6		
1059	2.1180	26	6		
1060	2.1200	26	6		
1061	2.1220	26	5		
1062	2.1240	26	5		
1063	2.1260	26	5		
1064	2.1280	26	5		
1065	2.1300	26	5		
1066	2.1320	26	5		
1067	2.1340	26	5		
1068	2.1360	26	5		
1069	2.1380	26	5		
1070	2.1400	26	5		
1071	2.1420	26	5		
1072	2.1440	26	5		
1073	2.1460	26	5		
1074	2.1480	26	5		
1075	2.1500	26	5		
1076	2.1520	26	5		
1077	2.1540	26	5		
1078	2.1560	26	5		
1079	2.1580	26	4		
1080	2.1600	26	4		
1081	2.1620	26	4		
1082	2.1640	26	4		
1083	2.1660	26	4		
1084	2.1680	26	4		
1085	2.1700	26	4		
1086	2.1720	26	4		
1087	2.1740	26	4		
1088	2.1760	26	4		
1089	2.1780	26	4		
1090	2.1800	26	4		
1091	2.1820	26	4		
1092	2.1840	26	4		
1093	2.1860	26	4		
1094	2.1880	26	4		
1095	2.1900	25	4		
1096	2.1920	25	4		
1097	2.1940	25	4		
1098	2.1960	25	4		
1099	2.1980	25	4		
1100	2.2000	25	4		
1101	2.2020	25	3		
1102	2.2040	25	3		
1103	2.2060	25	3		
1104	2.2080	25	3		
1105	2.2100	25	3		
1106	2.2120	24	3		
1107	2.2140	24	3		
1108	2.2160	24	3		
1109	2.2180	24	3		
1110	2.2200	24	3		
1111	2.2220	24	3		
1112	2.2240	24	3		
1113	2.2260	24	3		
1114	2.2280	24	2		
1115	2.2300	24	2		
1116	2.2320	24	2		
1117	2.2340	24	2		
1118	2.2360	24	2		
1119	2.2380	24	2		
1120	2.2400	24	2		
1121	2.2420	24	2		
1122	2.2440	24	2		
1123	2.2460	24	2		
1124	2.2480	24	2		
1125	2.2500	24	2		
1126	2.2520	24	2		
1127	2.2540	23	2		
1128	2.2560	23	2		
1129	2.2580	23	2		
1130	2.2600	23	2		
1131	2.2620	23	2		
1132	2.2640	23	2		
1133	2.2660	23	2		
1134	2.2680	23	1		
1135	2.2700	23	1		
1136	2.2720	23	1		
1137	2.2740	22	1		
1138	2.2760	22	1		
1139	2.2780	22	1		
1140	2.2800	22	1		
1141	2.2820	22	1		
1142	2.2840	22	1		
1143	2.2860	22	1		
1144	2.2880	22	1		
1145	2.2900	22	1		
1146	2.2920	22	0		
1147	2.2940	22	0		
1148	2.2960	22	0		
1149	2.2980	22	0		
1150	2.3000	22	0		
1151	2.3020	22	0		
1152	2.3040	22	0		
1153	2.3060	22	0		
1154	2.3080	22	0		
1155	2.3100	22	0		
1156	2.3120	22	0		
1157	2.3140	21	0		
1158	2.3160	21	0		
1159	2.3180	21	0		
1160	2.3200	21	0		
1161	2.3220	21	0		
1162	2.3240	21	0		
1163	2.3260	21	0		
1164	2.3280	21	-1		
1165	2.3300	21	-1		
1166	2.3320	21	-1		
1167	2.3340	20	-1		
1168	2.3360	20	-1		
1169	2.3380	20	-1		
1170	2.3400	20	-1		
1171	2.3420	20	-1		
1172	2.3440	20	-1		
1173	2.3460	20	-1		
1174	2.3480	20	-1		
1175	2.3500	20	-1		
1176	2.3520	20	-1		
1177	2.3540	20	-2		
1178	2.3560	20	-2		
1179	2.3580	20	-2		
1180	2.3600	20	-2		
1181	2.3620	20	-2		
1182	2.3640	20	-2		
1183	2.3660	20	-2		
1184	2.3680	20	-2		
1185	2.3700	20	-2		
1186	2.3720	20	-2		
1187	2.3740	20	-2		
1188	2.3760	19	-2		
1189	2.3780	19	-2		
1190	2.3800	19	-2		
1191	2.3820	19	-2		
1192	2.3840	19	-2		
1193	2.3860	19	-2		
1194	2.3880	19	-2		
1195	2.3900	19	-2		
1196	2.3920	19	-3		
1197	2.3940	19	-3		
1198	2.3960	19	-3		
1199	2.3980	18	-3		
1200	2.4000	18	-3		
1201	2.4020	18	-3		
1202	2.4040	18	-3		
1203	2.4060	18	-3		
1204	2.4080	18	-3		
1205	2.4100	18	-3		
1206	2.4120	18	-3		
1207	2.4140	18	-3		
1208	2.4160	18	-3		
1209	2.4180	18	-4		
1210	2.4200	18	-4		
1211	2.4220	18	-4		
1212	2.4240	18	-4		
1213	2.4260	18	-4		
1214	2.4280	18	-4		
1215	2.4300	18	-4		
1216	2.4320	18	-4		
1217	2.4340	18	-4		
1218	2.4360	18	-4		
1219	2.4380	18	-4		
1220	2.4400	18	-4		
1221	2.4420	17	-4		
1222	2.4440	17	-4		
1223	2.4460	17	-4		
1224	2.4480	17	-4		
1225	2.4500	17	-4		
1226	2.4520	17	-4		
1227	2.4540	17	-4		
1228	2.4560	17	-4		
1229	2.4580	17	-4		
1230	2.4600	17	-4		
1231	2.4620	17	-5		
1232	2.4640	17	-5		
1233	2.4660	17	-5		
1234	2.4680	17	-5		
1235	2.4700	16	-5		
1236	2.4720	16	-5		
1237	2.4740	16	-5		
1238	2.4760	16	-5		
1239	2.4780	16	-5		
1240	2.4800	16	-5		
1241	2.4820	16	-5		
1242	2.4840	16	-5		
1243	2.4860	16	-5		
1244	2.4880	16	-5		
1245	2.4900	16	-5		
1246	2.4920	16	-5		
1247	2.4940	16	-6		
1248	2.4960	16	-6		
1249	2.4980	16	-6		
1250	2.5000	16	-6		
1251	2.5020	16	-6		
1252	2.5040	16	-6		
1253	2.5060	16	-6		
1254	2.5080	16	-6		
1255	2.5100	16	-6		
1256	2.5120	16	-6		
1257	2.5140	16	-6		
1258	2.5160	16	-6		
1259	2.5180	16	-6		
1260	2.5200	16	-6		
1261	2.5220	16	-6		
1262	2.5240	16	-6		
1263	2.5260	16	-6		
1264	2.5280	16	-6		
1265	2.5300	16	-6		
1266	2.5320	15	-6		
1267	2.5340	15	-6		
1268	2.5360	15	-6		
1269	2.5380	15	-6		
1270	2.5400	15	-6		
1271	2.5420	15	-6		
1272	2.5440	15	-6		
1273	2.5460	15	-6		
1274	2.5480	15	-6		
1275	2.5500	15	-6		
1276	2.5520	15	-7		
1277	2.5540	15	-7		
1278	2.5560	15	-7		
1279	2.5580	15	-7		
1280	2.5600	15	-7		
1281	2.5620	15	-7		
1282	2.5640	15	-7		
1283	2.5660	15	-7		
1284	2.5680	15	-7		
1285	2.5700	15	-7		
1286	2.5720	15	-7		
1287	2.5740	15	-7		
1288	2.5760	15	-7		
1289	2.5780	14	-7		
1290	2.5800	14	-7		
1291	2.5820	14	-7		
1292	2.5840	14	-7		
1293	2.5860	14	-7		
1294	2.5880	14	-7		
1295	2.5900	14	-7		
1296	2.5920	14	-7		
1297	2.5940	14	-7		
1298	2.5960	14	-7		
1299	2.5980	14	-7		
1300	2.6000	14	-7		
1301	2.6020	14	-7		
1302	2.6040	14	-7		
1303	2.6060	14	-7		
1304	2.6080	14	-7		
1305	2.6100	14	-7		
1306	2.6120	14	-7		
1307	2.6140	14	-7		
1308	2.6160	14	-7		
1309	2.6180	14	-8		
1310	2.6200	14	-8		
1311	2.6220	14	-8		
1312	2.6240	14	-8		
1313	2.6260	14	-8		
1314	2.6280	14	-8		
1315	2.6300	14	-8		
1316	2.6320	14	-8		
1317	2.6340	14	-8		
1318	2.6360	14	-8		
1319	2.6380	14	-8		
1320	2.6400	14	-8		
1321	2.6420	14	-8		
1322	2.6440	14	-8		
1323	2.6460	14	-8		
1324	2.6480	14	-8		
1325	2.6500	14	-8		
1326	2.6520	14	-8		
1327	2.6540	14	-8		
1328	2.6560	14	-8		
1329	2.6580	14	-8		
1330	2.6600	14	-8		
1331	2.6620	14	-8		
1332	2.6640	14	-8		
1333	2.6660	14	-8		
1334	2.6680	14	-8		
1335	2.6700	14	-8		
1336	2.6720	14	-8		
1337	2.6740	14	-8		
1338	2.6760	14	-8		
1339	2.6780	14	-8		
1340	2.6800	14	-8		
1341	2.6820	14	-8		
1342	2.6840	14	-8		
1343	2.6860	14	-8		
1344	2.6880	14	-8		
1345	2.6900	14	-8		
1346	2.6920	14	-8		
1347	2.6940	14	-8		
1348	2.6960	14	-8		
1349	2.6980	14	-8		
1350	2.7000	14	-8		
1351	2.7020	14	-8		
1352	2.7040	14	-8		
1353	2.7060	14	-8		
1354	2.7080	14	-8		
1355	2.7100	14	-8		
1356	2.7120	14	-8		
1357	2.7140	14	-8		
1358	2.7160	14	-8		
1359	2.7180	14	-8		
1360	2.7200	14	-8		
1361	2.7220	14	-8		
1362	2.7240	14	-8		
1363	2.7260	14	-8		
1364	2.7280	14	-8		
1365	2.7300	14	-8		
1366	2.7320	14	-8		
1367	2.7340	14	-8		
1368	2.7360	14	-7		
1369	2.7380	14	-7		
1370	2.7400	14	-7		
1371	2.7420	14	-7		
1372	2.7440	14	-7		
1373	2.7460	14	-7		
1374	2.7480	15	-7		
1375	2.7500	15	-7		
1376	2.7520	15	-7		
1377	2.7540	15	-7		
1378	2.7560	15	-7		
1379	2.7580	15	-7		
1380	2.7600	15	-7		
1381	2.7620	15	-7		
1382	2.7640	15	-7		
1383	2.7660	15	-7		
1384	2.7680	15	-7		
1385	2.7700	15	-7		
1386	2.7720	15	-7		
1387	2.7740	15	-7		
1388	2.7760	15	-7		
1389	2.7780	15	-7		
1390	2.7800	15	-7		
1391	2.7820	15	-7		
1392	2.7840	15	-7		
1393	2.7860	15	-7		
1394	2.7880	15	-7		
1395	2.7900	15	-7		
1396	2.7920	16	-7		
1397	2.7940	16	-7		
1398	2.7960	16	-7		
1399	2.7980	16	-7		
1400	2.8000	16	-7		
1401	2.8020	16	-6		
1402	2.8040	16	-6		
1403	2.8060	16	-6		
1404	2.8080	16	-6		
1405	2.8100	16	-6		
1406	2.8120	16	-6		
1407	2.8140	16	-6		
1408	2.8160	16	-6		
1409	2.8180	16	-6		
1410	2.8200	16	-6		
1411	2.8220	16	-6		
1412	2.8240	16	-6		
1413	2.8260	16	-6		
1414	2.8280	16	-6		
1415	2.8300	16	-6		
1416	2.8320	16	-6		
1417	2.8340	16	-6		
1418	2.8360	16	-6		
1419	2.8380	16	-6		
1420	2.8400	16	-6		
1421	2.8420	16	-6		
1422	2.8440	16	-6		
1423	2.8460	16	-6		
1424	2.8480	16	-6		
1425	2.8500	16	-6		
1426	2.8520	17	-6		
1427	2.8540	17	-6		
1428	2.8560	17	-6		
1429	2.8580	17	-6		
1430	2.8600	17	-5		
1431	2.8620	17	-5		
1432	2.8640	17	-5		
1433	2.8660	17	-5		
1434	2.8680	17	-5		
1435	2.8700	17	-5		
1436	2.8720	17	-5		
1437	2.8740	17	-5		
1438	2.8760	17	-5		
1439	2.8780	17	-5		
1440	2.8800	18	-5		
1441	2.8820	18	-5		
1442	2.8840	18	-5		
1443	2.8860	18	-5		
1444	2.8880	18	-5		
1445	2.8900	18	-5		
1446	2.8920	18	-4		
1447	2.8940	18	-4		
1448	2.8960	18	-4		
1449	2.8980	18	-4		
1450	2.9000	18	-4		
1451	2.9020	18	-4		
1452	2.9040	18	-4		
1453	2.9060	18	-4		
1454	2.9080	18	-4		
1455	2.9100	18	-4		
1456	2.9120	18	-4		
1457	2.9140	18	-4		
1458	2.9160	18	-4		
1459	2.9180	18	-4		
1460	2.9200	18	-4		
1461	2.9220	18	-4		
1462	2.9240	19	-4		
1463	2.9260	19	-4		
1464	2.9280	19	-4		
1465	2.9300	19	-4		
1466	2.9320	19	-4		
1467	2.9340	19	-3		
1468	2.9360	19	-3		
1469	2.9380	19	-3		
1470	2.9400	19	-3		
1471	2.9420	19	-3		
1472	2.9440	19	-3		
1473	2.9460	19	-3		
1474	2.9480	20	-3		
1475	2.9500	20	-3		
1476	2.9520	20	-3		
1477	2.9540	20	-3		
1478	2.9560	20	-3		
1479	2.9580	20	-3		
1480	2.9600	20	-3		
1481	2.9620	20	-2		
1482	2.9640	20	-2		
1483	2.9660	20	-2		
1484	2.9680	20	-2		
1485	2.9700	20	-2		
1486	2.9720	20	-2		
1487	2.9740	20	-2		
1488	2.9760	20	-2		
1489	2.9780	20	-2		
1490	2.9800	20	-2		
1491	2.9820	20	-2		
1492	2.9840	20	-2		
1493	2.9860	20	-2		
1494	2.9880	21	-2		
1495	2.9900	21	-2		
1496	2.9920	21	-2		
1497	2.9940	21	-2		
1498	2.9960	21	-2		
1499	2.9980	21	-2		
1500	3.0000	21	-1		
1501	3.0020	21	-1		
1502	3.0040	21	-1		
1503	3.0060	21	-1		
1504	3.0080	22	-1		
1505	3.0100	22	-1		
1506	3.0120	22	-1		
1507	3.0140	22	-1		
1508	3.0160	22	-1		
1509	3.0180	22	-1		
1510	3.0200	22	-1		
1511	3.0220	22	-1		
1512	3.0240	22	0		
1513	3.0260	22	0		
1514	3.0280	22	0		
1515	3.0300	22	0		
1516	3.0320	22	0		
1517	3.0340	22	0		
1518	3.0360	22	0		
1519	3.0380	22	0		
1520	3.0400	22	0		
1521	3.0420	22	0		
1522	3.0440	22	0		
1523	3.0460	22	0		
1524	3.0480	23	0		
1525	3.0500	23	0		
1526	3.0520	23	0		
1527	3.0540	23	0		
1528	3.0560	23	0		
1529	3.0580	23	0		
1530	3.0600	23	0		
1531	3.0620	23	1		
1532	3.0640	23	1		
1533	3.0660	23	1		
1534	3.0680	23	1		
1535	3.0700	24	1		
1536	3.0720	24	1		
1537	3.0740	24	1		
1538	3.0760	24	1		
1539	3.0780	24	1		
1540	3.0800	24	1		
1541	3.0820	24	1		
1542	3.0840	24	1		
1543	3.0860	24	1		
1544	3.0880	24	2		
1545	3.0900	24	2		
1546	3.0920	24	2		
1547	3.0940	24	2		
1548	3.0960	24	2		
1549	3.0980	24	2		
1550	3.1000	24	2		
1551	3.1020	24	2		
1552	3.1040	24	2		
1553	3.1060	24	2		
1554	3.1080	24	2		
1555	3.1100	25	2		
1556	3.1120	25	2		
1557	3.1140	25	2		
1558	3.1160	25	2		
1559	3.1180	25	2		
1560	3.1200	25	2		
1561	3.1220	25	2		
1562	3.1240	25	2		
1563	3.1260	25	3		
1564	3.1280	25	3		
1565	3.1300	25	3		
1566	3.1320	25	3		
1567	3.1340	26	3		
1568	3.1360	26	3		
1569	3.1380	26	3		
1570	3.1400	26	3		
1571	3.1420	26	3		
1572	3.1440	26	3		
1573	3.1460	26	3		
1574	3.1480	26	3		
1575	3.1500	26	3		
1576	3.1520	26	3		
1577	3.1540	26	4		
1578	3.1560	26	4		
1579	3.1580	26	4		
1580	3.1600	26	4		
1581	3.1620	26	4		
1582	3.1640	26	4		
1583	3.1660	26	4		
1584	3.1680	26	4		
1585	3.1700	26	4		
1586	3.1720	26	4		
1587	3.1740	26	4		
1588	3.1760	26	4		
1589	3.1780	26	4		
1590	3.1800	26	4		
1591	3.1820	26	4		
1592	3.1840	26	4		
1593	3.1860	26	4		
1594	3.1880	26	4		
1595	3.1900	26	4		
1596	3.1920	26	4		
1597	3.1940	26	4		
1598	3.1960	26	4		
1599	3.1980	26	5		
1600	3.2000	26	5		
1601	3.2020	26	5		
1602	3.2040	26	5		
1603	3.2060	26	5		
1604	3.2080	26	5		
1605	3.2100	26	5		
1606	3.2120	26	5		
1607	3.2140	26	5		
1608	3.2160	26	5		
1609	3.2180	26	5		
1610	3.2200	26	5		
1611	3.2220	26	5		
1612	3.2240	27	5		
1613	3.2260	27	5		
1614	3.2280	27	5		
1615	3.2300	27	5		
1616	3.2320	27	6		
1617	3.2340	27	6		
1618	3.2360	27	6		
1619	3.2380	27	6		
1620	3.2400	27	6		
1621	3.2420	27	6		
1622	3.2440	27	6		
1623	3.2460	27	6		
1624	3.2480	27	6		
1625	3.2500	27	6		
1626	3.2520	27	6		
1627	3.2540	27	6		
1628	3.2560	27	6		
1629	3.2580	27	6		
1630	3.2600	28	6		
1631	3.2620	28	6		
1632	3.2640	28	6		
1633	3.2660	28	6		
1634	3.2680	28	6		
1635	3.2700	28	6		
1636	3.2720	28	6		
1637	3.2740	28	6		
1638	3.2760	28	6		
1639	3.2780	28	6		
1640	3.2800	27	6		
1641	3.2820	27	6		
1642	3.2840	27	6		
1643	3.2860	27	6		
1644	3.2880	27	6		
1645	3.2900	27	6		
1646	3.2920	27	6		
1647	3.2940	27	6		
1648	3.2960	27	6		
1649	3.2980	27	6		
1650	3.3000	27	7		
1651	3.3020	27	7		
1652	3.3040	27	7		
1653	3.3060	27	7		
1654	3.3080	27	7		
1655	3.3100	27	7		
1656	3.3120	27	7		
1657	3.3140	27	7		
1658	3.3160	27	7		
1659	3.3180	27	7		
1660	3.3200	27	7		
1661	3.3220	27	7		
1662	3.3240	27	7		
1663	3.3260	27	7		
1664	3.3280	27	7		
1665	3.3300	27	7		
1666	3.3320	27	7		
1667	3.3340	27	7		
1668	3.3360	27	7		
1669	3.3380	27	7		
1670	3.3400	27	7		
1671	3.3420	27	7		
1672	3.3440	27	7		
1673	3.3460	27	7		
1674	3.3480	27	7		
1675	3.3500	27	7		
1676	3.3520	27	7		
1677	3.3540	27	7		
1678	3.3560	27	7		
1679	3.3580	27	7		
1680	3.3600	27	7		
1681	3.3620	27	7		
1682	3.3640	27	7		
1683	3.3660	28	7		
1684	3.3680	28	7		
1685	3.3700	28	7		
1686	3.3720	28	7		
1687	3.3740	28	7		
1688	3.3760	28	7		
1689	3.3780	28	7		
1690	3.3800	28	7		
1691	3.3820	28	7		
1692	3.3840	28	7		
1693	3.3860	28	7		
1694	3.3880	28	7		
1695	3.3900	28	7		
1696	3.3920	28	7		
1697	3.3940	28	7		
1698	3.3960	28	7		
1699	3.3980	28	7		
1700	3.4000	27	7		
1701	3.4020	27	7		
1702	3.4040	27	7		
1703	3.4060	27	7		
1704	3.4080	27	7		
1705	3.4100	27	7		
1706	3.4120	27	7		
1707	3.4140	27	7		
1708	3.4160	27	7		
1709	3.4180	27	7		
1710	3.4200	27	7		
1711	3.4220	27	7		
1712	3.4240	27	7		
1713	3.4260	27	7		
1714	3.4280	27	7		
1715	3.4300	27	7		
1716	3.4320	27	7		
1717	3.4340	27	7		
1718	3.4360	27	7		
1719	3.4380	27	7		
1720	3.4400	27	7		
1721	3.4420	27	7		
1722	3.4440	27	7		
1723	3.4460	27	7		
1724	3.4480	27	7		
1725	3.4500	27	7		
1726	3.4520	27	7		
1727	3.4540	27	7		
1728	3.4560	27	7		
1729	3.4580	27	7		
1730	3.4600	27	7		
1731	3.4620	27	7		
1732	3.4640	27	7		
1733	3.4660	27	7		
1734	3.4680	27	7		
1735	3.4700	27	7		
1736	3.4720	27	7		
1737	3.4740	27	7		
1738	3.4760	28	7		
1739	3.4780	28	7		
1740	3.4800	28	7		
1741	3.4820	28	7		
1742	3.4840	28	7		
1743	3.4860	28	7		
1744	3.4880	28	7		
1745	3.4900	28	7		
1746	3.4920	28	7		
1747	3.4940	28	7		
1748	3.4960	28	7		
1749	3.4980	27	7		
1750	3.5000	27	7		
1751	3.5020	27	7		
1752	3.5040	27	7		
1753	3.5060	27	7		
1754	3.5080	27	7		
1755	3.5100	27	6		
1756	3.5120	27	6		
1757	3.5140	27	6		
1758	3.5160	27	6		
1759	3.5180	27	6		
1760	3.5200	27	6		
1761	3.5220	27	6		
1762	3.5240	27	6		
1763	3.5260	27	6		
1764	3.5280	27	6		
1765	3.5300	27	6		
1766	3.5320	26	6		
1767	3.5340	26	6		
1768	3.5360	26	6		
1769	3.5380	26	6		
1770	3.5400	26	6		
1771	3.5420	26	6		
1772	3.5440	26	6		
1773	3.5460	26	6		
1774	3.5480	26	6		
1775	3.5500	26	6		
1776	3.5520	26	6		
1777	3.5540	26	6		
1778	3.5560	26	6		
1779	3.5580	26	6		
1780	3.5600	26	6		
1781	3.5620	26	6		
1782	3.5640	26	6		
1783	3.5660	26	6		
1784	3.5680	26	6		
1785	3.5700	26	6		
1786	3.5720	26	6		
1787	3.5740	26	5		
1788	3.5760	26	5		
1789	3.5780	26	5		
1790	3.5800	26	5		
1791	3.5820	26	5		
1792	3.5840	26	5		
1793	3.5860	26	5		
1794	3.5880	26	5		
1795	3.5900	26	5		
1796	3.5920	26	5		
1797	3.5940	26	5		
1798	3.5960	26	5		
1799	3.5980	26	5		
1800	3.6000	26	5		
1801	3.6020	26	5		
1802	3.6040	26	5		
1803	3.6060	26	5		
1804	3.6080	26	4		
1805	3.6100	26	4		
1806	3.6120	26	4		
1807	3.6140	26	4		
1808	3.6160	26	4		
1809	3.6180	26	4		
1810	3.6200	26	4		
1811	3.6220	25	4		
1812	3.6240	25	4		
1813	3.6260	25	4		
1814	3.6280	25	4		
1815	3.6300	25	4		
1816	3.6320	25	4		
1817	3.6340	25	4		
1818	3.6360	25	4		
1819	3.6380	25	4		
1820	3.6400	25	4		
1821	3.6420	25	4		
1822	3.6440	25	4		
1823	3.6460	24	4		
1824	3.6480	24	4		
1825	3.6500	24	3		
1826	3.6520	24	3		
1827	3.6540	24	3		
1828	3.6560	24	3		
1829	3.6580	24	3		
1830	3.6600	24	3		
1831	3.6620	24	3		
1832	3.6640	24	3		
1833	3.6660	24	3		
1834	3.6680	24	3		
1835	3.6700	24	3		
1836	3.6720	24	3		
1837	3.6740	24	3		
1838	3.6760	24	3		
1839	3.6780	24	2		
1840	3.6800	24	2		
1841	3.6820	24	2		
1842	3.6840	24	2		
1843	3.6860	23	2		
1844	3.6880	23	2		
1845	3.6900	23	2		
1846	3.6920	23	2		
1847	3.6940	23	2		
1848	3.6960	23	2		
1849	3.6980	23	2		
1850	3.7000	23	2		
1851	3.7020	23	2		
1852	3.7040	23	2		
1853	3.7060	22	2		
1854	3.7080	22	2		
1855	3.7100	22	2		
1856	3.7120	22	2		
1857	3.7140	22	1		
1858	3.7160	22	1		
1859	3.7180	22	1		
1860	3.7200	22	1		
1861	3.7220	22	1		
1862	3.7240	22	1		
1863	3.7260	22	1		
1864	3.7280	22	1		
1865	3.7300	22	1		
1866	3.7320	22	1		
1867	3.7340	22	1		
1868	3.7360	22	1		
1869	3.7380	22	1		
1870	3.7400	22	0		
1871	3.7420	22	0		
1872	3.7440	22	0		
1873	3.7460	21	0		
1874	3.7480	21	0		
1875	3.7500	21	0		
1876	3.7520	21	0		
1877	3.7540	21	0		
1878	3.7560	21	0		
1879	3.7580	21	0		
1880	3.7600	21	0		
1881	3.7620	21	0		
1882	3.7640	21	0		
1883	3.7660	21	0		
1884	3.7680	20	0		
1885	3.7700	20	0		
1886	3.7720	20	0		
1887	3.7740	20	-1		
1888	3.7760	20	-1		
1889	3.7780	20	-1		
1890	3.7800	20	-1		
1891	3.7820	20	-1		
1892	3.7840	20	-1		
1893	3.7860	20	-1		
1894	3.7880	20	-1		
1895	3.7900	20	-1		
1896	3.7920	20	-1		
1897	3.7940	20	-1		
1898	3.7960	20	-1		
1899	3.7980	20	-2		
1900	3.8000	20	-2		
1901	3.8020	20	-2		
1902	3.8040	20	-2		
1903	3.8060	20	-2		
1904	3.8080	19	-2		
1905	3.8100	19	-2		
1906	3.8120	19	-2		
1907	3.8140	19	-2		
1908	3.8160	19	-2		
1909	3.8180	19	-2		
1910	3.8200	19	-2		
1911	3.8220	19	-2		
1912	3.8240	19	-2		
1913	3.8260	19	-2		
1914	3.8280	19	-2		
1915	3.8300	18	-2		
1916	3.8320	18	-2		
1917	3.8340	18	-3		
1918	3.8360	18	-3		
1919	3.8380	18	-3		
1920	3.8400	18	-3		
1921	3.8420	18	-3		
1922	3.8440	18	-3		
1923	3.8460	18	-3		
1924	3.8480	18	-3		
1925	3.8500	18	-3		
1926	3.8520	18	-3		
1927	3.8540	18	-3		
1928	3.8560	18	-3		
1929	3.8580	18	-3		
1930	3.8600	18	-4		
1931	3.8620	18	-4		
1932	3.8640	18	-4		
1933	3.8660	18	-4		
1934	3.8680	18	-4		
1935	3.8700	18	-4		
1936	3.8720	18	-4		
1937	3.8740	18	-4		
1938	3.8760	17	-4		
1939	3.8780	17	-4		
1940	3.8800	17	-4		
1941	3.8820	17	-4		
1942	3.8840	17	-4		
1943	3.8860	17	-4		
1944	3.8880	17	-4		
1945	3.8900	17	-4		
1946	3.8920	17	-4		
1947	3.8940	17	-4		
1948	3.8960	17	-4		
1949	3.8980	17	-4		
1950	3.9000	17	-5		
1951	3.9020	16	-5		
1952	3.9040	16	-5		
1953	3.9060	16	-5		
1954	3.9080	16	-5		
1955	3.9100	16	-5		
1956	3.9120	16	-5		
1957	3.9140	16	-5		
1958	3.9160	16	-5		
1959	3.9180	16	-5		
1960	3.9200	16	-5		
1961	3.9220	16	-5		
1962	3.9240	16	-5		
1963	3.9260	16	-5		
1964	3.9280	16	-6		
1965	3.9300	16	-6		
1966	3.9320	16	-6		
1967	3.9340	16	-6		
1968	3.9360	16	-6		
1969	3.9380	16	-6		
1970	3.9400	16	-6		
1971	3.9420	16	-6		
1972	3.9440	16	-6		
1973	3.9460	16	-6		
1974	3.9480	16	-6		
1975	3.9500	16	-6		
1976	3.9520	16	-6		
1977	3.9540	16	-6		
1978	3.9560	16	-6		
1979	3.9580	16	-6		
1980	3.9600	16	-6		
1981	3.9620	16	-6		
1982	3.9640	16	-6		
1983	3.9660	15	-6		
1984	3.9680	15	-6		
1985	3.9700	15	-6		
1986	3.9720	15	-6		
1987	3.9740	15	-6		
1988	3.9760	15	-6		
1989	3.9780	15	-7		
1990	3.9800	15	-7		
1991	3.9820	15	-7		
1992	3.9840	15	-7		
1993	3.9860	15	-7		
1994	3.9880	15	-7		
1995	3.9900	15	-7		
1996	3.9920	15	-7		
1997	3.9940	15	-7		
1998	3.9960	15	-7		
1999	3.9980	15	-7		
2000	4.0000	15	-7		
2001	4.0020	15	-7		
2002	4.0040	15	-7		
2003	4.0060	15	-7		
2004	4.0080	15	-7		
2005	4.0100	14	-7		
2006	4.0120	14	-7		
2007	4.0140	14	-7		
2008	4.0160	14	-7		
2009	4.0180	14	-7		
2010	4.0200	14	-7		
2011	4.0220	14	-7		
2012	4.0240	14	-8		
2013	4.0260	14	-8		
2014	4.0280	14	-8		
2015	4.0300	14	-8		
2016	4.0320	14	-8		
2017	4.0340	14	-8		
2018	4.0360	14	-8		
2019	4.0380	14	-8		
2020	4.0400	14	-8		
2021	4.0420	14	-8		
2022	4.0440	14	-8		
2023	4.0460	14	-8		
2024	4.0480	14	-8		
2025	4.0500	14	-8		
2026	4.0520	14	-8		
2027	4.0540	14	-8		
2028	4.0560	14	-8		
2029	4.0580	14	-8		
2030	4.0600	14	-8		
2031	4.0620	14	-8		
2032	4.0640	14	-8		
2033	4.0660	14	-8		
2034	4.0680	14	-8		
2035	4.0700	14	-8		
2036	4.0720	14	-8		
2037	4.0740	14	-8		
2038	4.0760	14	-8		
2039	4.0780	14	-8		
2040	4.0800	14	-8		
2041	4.0820	14	-8		
2042	4.0840	14	-8		
2043	4.0860	14	-8		
2044	4.0880	14	-8		
2045	4.0900	14	-8		
2046	4.0920	14	-8		
2047	4.0940	14	-8		
2048	4.0960	14	-8		
2049	4.0980	14	-8		
2050	4.1000	14	-8		
2051	4.1020	14	-8		
2052	4.1040	14	-8		
2053	4.1060	14	-8		
2054	4.1080	14	-8		
2055	4.1100	14	-8		
2056	4.1120	14	-8		
2057	4.1140	14	-8		
2058	4.1160	14	-8		
2059	4.1180	14	-8		
2060	4.1200	14	-8		
2061	4.1220	14	-8		
2062	4.1240	14	-8		
2063	4.1260	14	-8		
2064	4.1280	14	-8		
2065	4.1300	14	-8		
2066	4.1320	14	-8		
2067	4.1340	14	-8		
2068	4.1360	14	-8		
2069	4.1380	14	-8		
2070	4.1400	14	-8		
2071	4.1420	14	-8		
2072	4.1440	14	-8		
2073	4.1460	14	-8		
2074	4.1480	14	-8		
2075	4.1500	14	-8		
2076	4.1520	14	-8		
2077	4.1540	14	-8		
2078	4.1560	14	-8		
2079	4.1580	14	-8		
2080	4.1600	14	-8		
2081	4.1620	14	-8		
2082	4.1640	14	-8		
2083	4.1660	14	-8		
2084	4.1680	14	-8		
2085	4.1700	14	-8		
2086	4.1720	14	-8		
2087	4.1740	14	-8		
2088	4.1760	14	-8		
2089	4.1780	14	-8		
2090	4.1800	15	-8		
2091	4.1820	15	-8		
2092	4.1840	15	-8		
2093	4.1860	15	-8		
2094	4.1880	15	-8		
2095	4.1900	15	-8		
2096	4.1920	15	-8		
2097	4.1940	15	-8		
2098	4.1960	15	-8		
2099	4.1980	15	-8		
2100	4.2000	15	-8		
2101	4.2020	15	-8		
2102	4.2040	15	-8		
2103	4.2060	15	-8		
2104	4.2080	15	-8		
2105	4.2100	15	-7		
2106	4.2120	15	-7		
2107	4.2140	15	-7		
2108	4.2160	15	-7		
2109	4.2180	15	-7		
2110	4.2200	15	-7		
2111	4.2220	15	-7		
2112	4.2240	16	-7		
2113	4.2260	16	-7		
2114	4.2280	16	-7		
2115	4.2300	16	-7		
2116	4.2320	16	-7		
2117	4.2340	16	-7		
2118	4.2360	16	-7		
2119	4.2380	16	-7		
2120	4.2400	16	-7		
2121	4.2420	16	-7		
2122	4.2440	16	-7		
2123	4.2460	16	-7		
2124	4.2480	16	-7		
2125	4.2500	16	-7		
2126	4.2520	16	-7		
2127	4.2540	16	-7		
2128	4.2560	16	-6		
2129	4.2580	16	-6		
2130	4.2600	16	-6		
2131	4.2620	16	-6		
2132	4.2640	16	-6		
2133	4.2660	16	-6		
2134	4.2680	16	-6		
2135	4.2700	16	-6		
2136	4.2720	16	-6		
2137	4.2740	16	-6		
2138	4.2760	16	-6		
2139	4.2780	16	-6		
2140	4.2800	16	-6		
2141	4.2820	16	-6		
2142	4.2840	16	-6		
2143	4.2860	17	-6		
2144	4.2880	17	-6		
2145	4.2900	17	-6		
2146	4.2920	17	-6		
2147	4.2940	17	-6		
2148	4.2960	17	-6		
2149	4.2980	17	-6		
2150	4.3000	17	-6		
2151	4.3020	17	-6		
2152	4.3040	17	-5		
2153	4.3060	17	-5		
2154	4.3080	17	-5		
2155	4.3100	17	-5		
2156	4.3120	18	-5		
2157	4.3140	18	-5		
2158	4.3160	18	-5		
2159	4.3180	18	-5		
2160	4.3200	18	-5		
2161	4.3220	18	-5		
2162	4.3240	18	-5		
2163	4.3260	18	-5		
2164	4.3280	18	-5		
2165	4.3300	18	-5		
2166	4.3320	18	-5		
2167	4.3340	18	-4		
2168	4.3360	18	-4		
2169	4.3380	18	-4		
2170	4.3400	18	-4		
2171	4.3420	18	-4		
2172	4.3440	18	-4		
2173	4.3460	18	-4		
2174	4.3480	18	-4		
2175	4.3500	18	-4		
2176	4.3520	18	-4		
2177	4.3540	18	-4		
2178	4.3560	18	-4		
2179	4.3580	19	-4		
2180	4.3600	19	-4		
2181	4.3620	19	-4		
2182	4.3640	19	-4		
2183	4.3660	19	-4		
2184	4.3680	19	-4		
2185	4.3700	19	-4		
2186	4.3720	19	-3		
2187	4.3740	19	-3		
2188	4.3760	19	-3		
2189	4.3780	19	-3		
2190	4.3800	20	-3		
2191	4.3820	20	-3		
2192	4.3840	20	-3		
2193	4.3860	20	-3		
2194	4.3880	20	-3		
2195	4.3900	20	-3		
2196	4.3920	20	-3		
2197	4.3940	20	-3		
2198	4.3960	20	-2		
2199	4.3980	20	-2		
2200	4.4000	20	-2		
2201	4.4020	20	-2		
2202	4.4040	20	-2		
2203	4.4060	20	-2		
2204	4.4080	20	-2		
2205	4.4100	20	-2		
2206	4.4120	20	-2		
2207	4.4140	20	-2		
2208	4.4160	20	-2		
2209	4.4180	20	-2		
2210	4.4200	21	-2		
2211	4.4220	21	-2		
2212	4.4240	21	-2		
2213	4.4260	21	-2		
2214	4.4280	21	-2		
2215	4.4300	21	-2		
2216	4.4320	21	-1		
2217	4.4340	21	-1		
2218	4.4360	21	-1		
2219	4.4380	21	-1		
2220	4.4400	22	-1		
2221	4.4420	22	-1		
2222	4.4440	22	-1		
2223	4.4460	22	-1		
2224	4.4480	22	-1		
2225	4.4500	22	-1		
2226	4.4520	22	-1		
2227	4.4540	22	0		
2228	4.4560	22	0		
2229	4.4580	22	0		
2230	4.4600	22	0		
2231	4.4620	22	0		
2232	4.4640	22	0		
2233	4.4660	22	0		
2234	4.4680	22	0		
2235	4.4700	22	0		
2236	4.4720	22	0		
2237	4.4740	22	0		
2238	4.4760	22	0		
2239	4.4780	22	0		
2240	4.4800	22	0		
2241	4.4820	23	0		
2242	4.4840	23	0		
2243	4.4860	23	0		
2244	4.4880	23	1		
2245	4.4900	23	1		
2246	4.4920	23	1		
2247	4.4940	23	1		
2248	4.4960	23	1		
2249	4.4980	23	1		
2250	4.5000	23	1		
2251	4.5020	24	1		
2252	4.5040	24	1		
2253	4.5060	24	1		
2254	4.5080	24	1		
2255	4.5100	24	2		
2256	4.5120	24	2		
2257	4.5140	24	2		
2258	4.5160	24	2		
2259	4.5180	24	2		
2260	4.5200	24	2		
2261	4.5220	24	2		
2262	4.5240	24	2		
2263	4.5260	24	2		
2264	4.5280	24	2		
2265	4.5300	24	2		
2266	4.5320	24	2		
2267	4.5340	24	2		
2268	4.5360	24	2		
2269	4.5380	24	2		
2270	4.5400	24	2		
2271	4.5420	24	2		
2272	4.5440	25	2		
2273	4.5460	25	3		
2274	4.5480	25	3		
2275	4.5500	25	3		
2276	4.5520	25	3		
2277	4.5540	25	3		
2278	4.5560	25	3		
2279	4.5580	25	3		
2280	4.5600	25	3		
2281	4.5620	25	3		
2282	4.5640	25	3		
2283	4.5660	26	3		
2284	4.5680	26	3		
2285	4.5700	26	3		
2286	4.5720	26	4		
2287	4.5740	26	4		
2288	4.5760	26	4		
2289	4.5780	26	4		
2290	4.5800	26	4		
2291	4.5820	26	4		
2292	4.5840	26	4		
2293	4.5860	26	4		
2294	4.5880	26	4		
2295	4.5900	26	4		
2296	4.5920	26	4		
2297	4.5940	26	4		
2298	4.5960	26	4		
2299	4.5980	26	4		
2300	4.6000	26	4		
2301	4.6020	26	4		
2302	4.6040	26	4		
2303	4.6060	26	4		
2304	4.6080	26	4		
2305	4.6100	26	5		
2306	4.6120	26	5		
2307	4.6140	26	5		
2308	4.6160	26	5		
2309	4.6180	26	5		
2310	4.6200	26	5		
2311	4.6220	26	5		
2312	4.6240	26	5		
2313	4.6260	26	5		
2314	4.6280	26	5		
2315	4.6300	26	5		
2316	4.6320	26	5		
2317	4.6340	26	5		
2318	4.6360	26	5		
2319	4.6380	26	5		
2320	4.6400	26	5		
2321	4.6420	26	6		
2322	4.6440	26	6		
2323	4.6460	26	6		
2324	4.6480	26	6		
2325	4.6500	26	6		
2326	4.6520	26	6		
2327	4.6540	26	6		
2328	4.6560	27	6		
2329	4.6580	27	6		
2330	4.6600	27	6		
2331	4.6620	27	6		
2332	4.6640	27	6		
2333	4.6660	27	6		
2334	4.6680	27	6		
2335	4.6700	27	6		
2336	4.6720	27	6		
2337	4.6740	27	6		
2338	4.6760	27	6		
2339	4.6780	27	6		
2340	4.6800	27	6		
2341	4.6820	27	6		
2342	4.6840	27	6		
2343	4.6860	27	6		
2344	4.6880	27	6		
2345	4.6900	27	6		
2346	4.6920	28	6		
2347	4.6940	28	6		
2348	4.6960	28	6		
2349	4.6980	28	6		
2350	4.7000	28	7		
2351	4.7020	28	7		
2352	4.7040	28	7		
2353	4.7060	28	7		
2354	4.7080	28	7		
2355	4.7100	28	7		
2356	4.7120	27	7		
2357	4.7140	27	7		
2358	4.7160	27	7		
2359	4.7180	27	7		
2360	4.7200	27	7		
2361	4.7220	27	7		
2362	4.7240	27	7		
2363	4.7260	27	7		
2364	4.7280	27	7		
2365	4.7300	27	7		
2366	4.7320	27	7		
2367	4.7340	27	7		
2368	4.7360	27	7		
2369	4.7380	27	7		
2370	4.7400	27	7		
2371	4.7420	27	7		
2372	4.7440	27	7		
2373	4.7460	27	7		
2374	4.7480	27	7		
2375	4.7500	27	7		
2376	4.7520	27	7		
2377	4.7540	27	7		
2378	4.7560	27	7		
2379	4.7580	27	7		
2380	4.7600	27	7		
2381	4.7620	27	7		
2382	4.7640	27	8		
2383	4.7660	27	8		
2384	4.7680	27	8		
2385	4.7700	27	8		
2386	4.7720	27	8		
2387	4.7740	27	8		
2388	4.7760	27	8		
2389	4.7780	27	8		
2390	4.7800	27	8		
2391	4.7820	27	8		
2392	4.7840	27	8		
2393	4.7860	28	8		
2394	4.7880	28	8		
2395	4.7900	28	8		
2396	4.7920	28	8		
2397	4.7940	28	8		
2398	4.7960	28	8		
2399	4.7980	28	8		
2400	4.8000	28	8		
2401	4.8020	28	8		
2402	4.8040	28	8		
2403	4.8060	28	8		
2404	4.8080	28	8		
2405	4.8100	28	8		
2406	4.8120	28	8		
2407	4.8140	28	8		
2408	4.8160	28	8		
2409	4.8180	28	8		
2410	4.8200	28	8		
2411	4.8220	28	8		
2412	4.8240	28	8		
2413	4.8260	28	8		
2414	4.8280	28	8		
2415	4.8300	28	8		
2416	4.8320	28	8		
2417	4.8340	28	8		
2418	4.8360	28	8		
2419	4.8380	27	8		
2420	4.8400	27	8		
2421	4.8420	27	8		
2422	4.8440	27	8		
2423	4.8460	27	8		
2424	4.8480	27	8		
2425	4.8500	27	8		
2426	4.8520	27	8		
2427	4.8540	27	8		
2428	4.8560	27	8		
2429	4.8580	27	8		
2430	4.8600	27	8		
2431	4.8620	27	8		
2432	4.8640	27	8		
2433	4.8660	27	8		
2434	4.8680	27	8		
2435	4.8700	27	8		
2436	4.8720	27	8		
2437	4.8740	27	7		
2438	4.8760	27	7		
2439	4.8780	27	7		
2440	4.8800	27	7		
2441	4.8820	27	7		
2442	4.8840	27	7		
2443	4.8860	27	7		
2444	4.8880	27	7		
2445	4.8900	27	7		
2446	4.8920	27	7		
2447	4.8940	27	7		
2448	4.8960	27	7		
2449	4.8980	27	7		
2450	4.9000	27	7		
2451	4.9020	27	7		
2452	4.9040	27	7		
2453	4.9060	27	7		
2454	4.9080	27	7		
2455	4.9100	28	7		
2456	4.9120	28	7		
2457	4.9140	28	7		
2458	4.9160	28	7		
2459	4.9180	28	7		
2460	4.9200	28	7		
2461	4.9220	28	7		
2462	4.9240	28	7		
2463	4.9260	28	7		
2464	4.9280	28	7		
2465	4.9300	27	7		
2466	4.9320	27	7		
2467	4.9340	27	7		
2468	4.9360	27	7		
2469	4.9380	27	6		
2470	4.9400	27	6		
2471	4.9420	27	6		
2472	4.9440	27	6		
2473	4.9460	27	6		
2474	4.9480	27	6		
2475	4.9500	27	6		
2476	4.9520	27	6		
2477	4.9540	27	6		
2478	4.9560	27	6		
2479	4.9580	27	6		
2480	4.9600	27	6		
2481	4.9620	27	6		
2482	4.9640	27	6		
2483	4.9660	26	6		
2484	4.9680	26	6		
2485	4.9700	26	6		
2486	4.9720	26	6		
2487	4.9740	26	6		
2488	4.9760	26	6		
2489	4.9780	26	6		
2490	4.9800	26	6		
2491	4.9820	26	6		
2492	4.9840	26	6		
2493	4.9860	26	6		
2494	4.9880	26	6		
2495	4.9900	26	6		
2496	4.9920	26	6		
2497	4.9940	26	6		
2498	4.9960	26	5		
2499	4.9980	26	5		
2500	5.0000	26	5		
2501	5.0020	26	5		
2502	5.0040	26	5		
2503	5.0060	26	5		
2504	5.0080	26	5		
2505	5.0100	26	5		
2506	5.0120	26	5		
2507	5.0140	26	5		
2508	5.0160	26	5		
2509	5.0180	26	5		
2510	5.0200	26	5		
2511	5.0220	26	5		
2512	5.0240	26	5		
2513	5.0260	26	5		
2514	5.0280	26	4		
2515	5.0300	26	4		
2516	5.0320	26	4		
2517	5.0340	26	4		
2518	5.0360	26	4		
2519	5.0380	26	4		
2520	5.0400	26	4		
2521	5.0420	26	4		
2522	5.0440	26	4		
2523	5.0460	26	4		
2524	5.0480	26	4		
2525	5.0500	26	4		
2526	5.0520	26	4		
2527	5.0540	26	4		
2528	5.0560	25	4		
2529	5.0580	25	4		
2530	5.0600	25	4		
2531	5.0620	25	4		
2532	5.0640	25	4		
2533	5.0660	25	4		
2534	5.0680	25	3		
2535	5.0700	25	3		
2536	5.0720	25	3		
2537	5.0740	25	3		
2538	5.0760	25	3		
2539	5.0780	25	3		
2540	5.0800	24	3		
2541	5.0820	24	3		
2542	5.0840	24	3		
2543	5.0860	24	3		
2544	5.0880	24	3		
2545	5.0900	24	3		
2546	5.0920	24	3		
2547	5.0940	24	3		
2548	5.0960	24	2		
2549	5.0980	24	2		
2550	5.1000	24	2		
2551	5.1020	24	2		
2552	5.1040	24	2		
2553	5.1060	24	2		
2554	5.1080	24	2		
2555	5.1100	24	2		
2556	5.1120	24	2		
2557	5.1140	24	2		
2558	5.1160	24	2		
2559	5.1180	24	2		
2560	5.1200	23	2		
2561	5.1220	23	2		
2562	5.1240	23	2		
2563	5.1260	23	2		
2564	5.1280	23	2		
2565	5.1300	23	1		
2566	5.1320	23	1		
2567	5.1340	23	1		
2568	5.1360	23	1		
2569	5.1380	23	1		
2570	5.1400	22	1		
2571	5.1420	22	1		
2572	5.1440	22	1		
2573	5.1460	22	1		
2574	5.1480	22	1		
2575	5.1500	22	1		
2576	5.1520	22	1		
2577	5.1540	22	1		
2578	5.1560	22	0		
2579	5.1580	22	0		
2580	5.1600	22	0		
2581	5.1620	22	0		
2582	5.1640	22	0		
2583	5.1660	22	0		
2584	5.1680	22	0		
2585	5.1700	22	0		
2586	5.1720	22	0		
2587	5.1740	22	0		
2588	5.1760	22	0		
2589	5.1780	22	0		
2590	5.1800	21	0		
2591	5.1820	21	0		
2592	5.1840	21	0		
2593	5.1860	21	0		
2594	5.1880	21	0		
2595	5.1900	21	-1		
2596	5.1920	21	-1		
2597	5.1940	21	-1		
2598	5.1960	21	-1		
2599	5.1980	21	-1		
2600	5.2000	21	-1		
2601	5.2020	20	-1		
2602	5.2040	20	-1		
2603	5.2060	20	-1		
2604	5.2080	20	-1		
2605	5.2100	20	-1		
2606	5.2120	20	-1		
2607	5.2140	20	-2		
2608	5.2160	20	-2		
2609	5.2180	20	-2		
2610	5.2200	20	-2		
2611	5.2220	20	-2		
2612	5.2240	20	-2		
2613	5.2260	20	-2		
2614	5.2280	20	-2		
2615	5.2300	20	-2		
2616	5.2320	20	-2		
2617	5.2340	20	-2		
2618	5.2360	20	-2		
2619	5.2380	20	-2		
2620	5.2400	20	-2		
2621	5.2420	19	-2		
2622	5.2440	19	-2		
2623	5.2460	19	-2		
2624	5.2480	19	-2		
2625	5.2500	19	-2		
2626	5.2520	19	-3		
2627	5.2540	19	-3		
2628	5.2560	19	-3		
2629	5.2580	19	-3		
2630	5.2600	19	-3		
2631	5.2620	19	-3		
2632	5.2640	18	-3		
2633	5.2660	18	-3		
2634	5.2680	18	-3		
2635	5.2700	18	-3		
2636	5.2720	18	-3		
2637	5.2740	18	-3		
2638	5.2760	18	-3		
2639	5.2780	18	-4		
2640	5.2800	18	-4		
2641	5.2820	18	-4		
2642	5.2840	18	-4		
2643	5.2860	18	-4		
2644	5.2880	18	-4		
2645	5.2900	18	-4		
2646	5.2920	18	-4		
2647	5.2940	18	-4		
2648	5.2960	18	-4		
2649	5.2980	18	-4		
2650	5.3000	18	-4		
2651	5.3020	18	-4		
2652	5.3040	18	-4		
2653	5.3060	18	-4		
2654	5.3080	17	-4		
2655	5.3100	17	-4		
2656	5.3120	17	-4		
2657	5.3140	17	-4		
2658	5.3160	17	-4		
2659	5.3180	17	-4		
2660	5.3200	17	-5		
2661	5.3220	17	-5		
2662	5.3240	17	-5		
2663	5.3260	17	-5		
2664	5.3280	17	-5		
2665	5.3300	17	-5		
2666	5.3320	17	-5		
2667	5.3340	17	-5		
2668	5.3360	16	-5		
2669	5.3380	16	-5		
2670	5.3400	16	-5		
2671	5.3420	16	-5		
2672	5.3440	16	-5		
2673	5.3460	16	-5		
2674	5.3480	16	-5		
2675	5.3500	16	-5		
2676	5.3520	16	-6		
2677	5.3540	16	-6		
2678	5.3560	16	-6		
2679	5.3580	16	-6		
2680	5.3600	16	-6		
2681	5.3620	16	-6		
2682	5.3640	16	-6		
2683	5.3660	16	-6		
2684	5.3680	16	-6		
2685	5.3700	16	-6		
2686	5.3720	16	-6		
2687	5.3740	16	-6		
2688	5.3760	16	-6		
2689	5.3780	16	-6		
2690	5.3800	16	-6		
2691	5.3820	16	-6		
2692	5.3840	16	-6		
2693	5.3860	16	-6		
2694	5.3880	16	-6		
2695	5.3900	16	-6		
2696	5.3920	16	-6		
2697	5.3940	16	-6		
2698	5.3960	16	-6		
2699	5.3980	15	-6		
2700	5.4000	15	-6		
2701	5.4020	15	-6		
2702	5.4040	15	-6		
2703	5.4060	15	-6		
2704	5.4080	15	-6		
2705	5.4100	15	-7		
2706	5.4120	15	-7		
2707	5.4140	15	-7		
2708	5.4160	15	-7		
2709	5.4180	15	-7		
2710	5.4200	15	-7		
2711	5.4220	15	-7		
2712	5.4240	15	-7		
2713	5.4260	15	-7		
2714	5.4280	15	-7		
2715	5.4300	15	-7		
2716	5.4320	15	-7		
2717	5.4340	15	-7		
2718	5.4360	15	-7		
2719	5.4380	15	-7		
2720	5.4400	15	-7		
2721	5.4420	15	-7		
2722	5.4440	14	-7		
2723	5.4460	14	-7		
2724	5.4480	14	-7		
2725	5.4500	14	-7		
2726	5.4520	14	-7		
2727	5.4540	14	-7		
2728	5.4560	14	-7		
2729	5.4580	14	-7		
2730	5.4600	14	-7		
2731	5.4620	14	-7		
2732	5.4640	14	-7		
2733	5.4660	14	-7		
2734	5.4680	14	-7		
2735	5.4700	14	-7		
2736	5.4720	14	-8		
2737	5.4740	14	-8		
2738	5.4760	14	-8		
2739	5.4780	14	-8		
2740	5.4800	14	-8		
2741	5.4820	14	-8		
2742	5.4840	14	-8		
2743	5.4860	14	-8		
2744	5.4880	14	-8		
2745	5.4900	14	-8		
2746	5.4920	14	-8		
2747	5.4940	14	-8		
2748	5.4960	14	-8		
2749	5.4980	14	-8		
2750	5.5000	14	-8		
2751	5.5020	14	-8		
2752	5.5040	14	-8		
2753	5.5060	14	-8		
2754	5.5080	14	-8		
2755	5.5100	14	-8		
2756	5.5120	14	-8		
2757	5.5140	14	-8		
2758	5.5160	14	-8		
2759	5.5180	14	-8		
2760	5.5200	14	-8		
2761	5.5220	14	-8		
2762	5.5240	14	-8		
2763	5.5260	14	-8		
2764	5.5280	14	-8		
2765	5.5300	14	-8		
2766	5.5320	14	-8		
2767	5.5340	14	-8		
2768	5.5360	14	-8		
2769	5.5380	14	-8		
2770	5.5400	14	-8		
2771	5.5420	14	-8		
2772	5.5440	14	-8		
2773	5.5460	14	-8		
2774	5.5480	14	-8		
2775	5.5500	14	-8		
2776	5.5520	14	-8		
2777	5.5540	14	-8		
2778	5.5560	14	-8		
2779	5.5580	14	-8		
2780	5.5600	14	-8		
2781	5.5620	14	-8		
2782	5.5640	14	-8		
2783	5.5660	14	-8		
2784	5.5680	14	-8		
2785	5.5700	14	-8		
2786	5.5720	14	-8		
2787	5.5740	14	-8		
2788	5.5760	14	-8		
2789	5.5780	14	-8		
2790	5.5800	14	-8		
2791	5.5820	14	-8		
2792	5.5840	14	-8		
2793	5.5860	14	-8		
2794	5.5880	14	-8		
2795	5.5900	14	-8		
2796	5.5920	14	-8		
2797	5.5940	14	-8		
2798	5.5960	14	-8		
2799	5.5980	14	-8		
2800	5.6000	14	-7		
2801	5.6020	14	-7		
2802	5.6040	14	-7		
2803	5.6060	14	-7		
2804	5.6080	14	-7		
2805	5.6100	14	-7		
2806	5.6120	15	-7		
2807	5.6140	15	-7		
2808	5.6160	15	-7		
2809	5.6180	15	-7		
2810	5.6200	15	-7		
2811	5.6220	15	-7		
2812	5.6240	15	-7		
2813	5.6260	15	-7		
2814	5.6280	15	-7		
2815	5.6300	15	-7		
2816	5.6320	15	-7		
2817	5.6340	15	-7		
2818	5.6360	15	-7		
2819	5.6380	15	-7		
2820	5.6400	15	-7		
2821	5.6420	15	-7		
2822	5.6440	15	-7		
2823	5.6460	15	-7		
2824	5.6480	15	-7		
2825	5.6500	15	-7		
2826	5.6520	15	-7		
2827	5.6540	15	-7		
2828	5.6560	15	-7		
2829	5.6580	16	-7		
2830	5.6600	16	-7		
2831	5.6620	16	-6		
2832	5.6640	16	-6		
2833	5.6660	16	-6		
2834	5.6680	16	-6		
2835	5.6700	16	-6		
2836	5.6720	16	-6		
2837	5.6740	16	-6		
2838	5.6760	16	-6		
2839	5.6780	16	-6		
2840	5.6800	16	-6		
2841	5.6820	16	-6		
2842	5.6840	16	-6		
2843	5.6860	16	-6		
2844	5.6880	16	-6		
2845	5.6900	16	-6		
2846	5.6920	16	-6		
2847	5.6940	16	-6		
2848	5.6960	16	-6		
2849	5.6980	16	-6		
2850	5.7000	16	-6		
2851	5.7020	16	-6		
2852	5.7040	16	-6		
2853	5.7060	16	-6		
2854	5.7080	16	-6		
2855	5.7100	16	-6		
2856	5.7120	16	-6		
2857	5.7140	16	-6		
2858	5.7160	16	-6		
2859	5.7180	17	-5		
2860	5.7200	17	-5		
2861	5.7220	17	-5		
2862	5.7240	17	-5		
2863	5.7260	17	-5		
2864	5.7280	17	-5		
2865	5.7300	17	-5		
2866	5.7320	17	-5		
2867	5.7340	17	-5		
2868	5.7360	17	-5		
2869	5.7380	17	-5		
2870	5.7400	17	-5		
2871	5.7420	17	-5		
2872	5.7440	17	-5		
2873	5.7460	18	-5		
2874	5.7480	18	-5		
2875	5.7500	18	-5		
2876	5.7520	18	-4		
2877	5.7540	18	-4		
2878	5.7560	18	-4		
2879	5.7580	18	-4		
2880	5.7600	18	-4		
2881	5.7620	18	-4		
2882	5.7640	18	-4		
2883	5.7660	18	-4		
2884	5.7680	18	-4		
2885	5.7700	18	-4		
2886	5.7720	18	-4		
2887	5.7740	18	-4		
2888	5.7760	18	-4		
2889	5.7780	18	-4		
2890	5.7800	18	-4		
2891	5.7820	18	-4		
2892	5.7840	18	-4		
2893	5.7860	18	-4		
2894	5.7880	18	-4		
2895	5.7900	19	-4		
2896	5.7920	19	-4		
2897	5.7940	19	-3		
2898	5.7960	19	-3		
2899	5.7980	19	-3		
2900	5.8000	19	-3		
2901	5.8020	19	-3		
2902	5.8040	19	-3		
2903	5.8060	19	-3		
2904	5.8080	19	-3		
2905	5.8100	19	-3		
2906	5.8120	20	-3		
2907	5.8140	20	-3		
2908	5.8160	20	-3		
2909	5.8180	20	-3		
2910	5.8200	20	-3		
2911	5.8220	20	-2		
2912	5.8240	20	-2		
2913	5.8260	20	-2		
2914	5.8280	20	-2		
2915	5.8300	20	-2		
2916	5.8320	20	-2		
2917	5.8340	20	-2		
2918	5.8360	20	-2		
2919	5.8380	20	-2		
2920	5.8400	20	-2		
2921	5.8420	20	-2		
2922	5.8440	20	-2		
2923	5.8460	20	-2		
2924	5.8480	20	-2		
2925	5.8500	20	-2		
2926	5.8520	20	-2		
2927	5.8540	21	-2		
2928	5.8560	21	-2		
2929	5.8580	21	-2		
2930	5.8600	21	-1		
2931	5.8620	21	-1		
2932	5.8640	21	-1		
2933	5.8660	21	-1		
2934	5.8680	21	-1		
2935	5.8700	21	-1		
2936	5.8720	21	-1		
2937	5.8740	22	-1		
2938	5.8760	22	-1		
2939	5.8780	22	-1		
2940	5.8800	22	-1		
2941	5.8820	22	-1		
2942	5.8840	22	-1		
2943	5.8860	22	0		
2944	5.8880	22	0		
2945	5.8900	22	0		
2946	5.8920	22	0		
2947	5.8940	22	0		
2948	5.8960	22	0		
2949	5.8980	22	0		
2950	5.9000	22	0		
2951	5.9020	22	0		
2952	5.9040	22	0		
2953	5.9060	22	0		
2954	5.9080	22	0		
2955	5.9100	22	0		
2956	5.9120	22	0		
2957	5.9140	23	0		
2958	5.9160	23	0		
2959	5.9180	23	0		
2960	5.9200	23	0		
2961	5.9220	23	1		
2962	5.9240	23	1		
2963	5.9260	23	1		
2964	5.9280	23	1		
2965	5.9300	23	1		
2966	5.9320	23	1		
2967	5.9340	24	1		
2968	5.9360	24	1		
2969	5.9380	24	1		
2970	5.9400	24	1		
2971	5.9420	24	1		
2972	5.9440	24	1		
2973	5.9460	24	1		
2974	5.9480	24	2		
2975	5.9500	24	2		
2976	5.9520	24	2		
2977	5.9540	24	2		
2978	5.9560	24	2		
2979	5.9580	24	2		
2980	5.9600	24	2		
2981	5.9620	24	2		
2982	5.9640	24	2		
2983	5.9660	24	2		
2984	5.9680	24	2		
2985	5.9700	24	2		
2986	5.9720	24	2		
2987	5.9740	24	2		
2988	5.9760	25	2		
2989	5.9780	25	2		
2990	5.9800	25	2		
2991	5.9820	25	2		
2992	5.9840	25	2		
2993	5.9860	25	2		
2994	5.9880	25	3		
2995	5.9900	25	3		
2996	5.9920	25	3		
2997	5.9940	25	3		
2998	5.9960	25	3		
2999	5.9980	25	3		
3000	6.0000	26	3		
3001	6.0020	26	3		
3002	6.0040	26	3		
3003	6.0060	26	3		
3004	6.0080	26	3		
3005	6.0100	26	3		
3006	6.0120	26	3		
3007	6.0140	26	3		
3008	6.0160	26	4		
3009	6.0180	26	4		
3010	6.0200	26	4		
3011	6.0220	26	4		
3012	6.0240	26	4		
3013	6.0260	26	4		
3014	6.0280	26	4		
3015	6.0300	26	4		
3016	6.0320	26	4		
3017	6.0340	26	4		
3018	6.0360	26	4		
3019	6.0380	26	4		
3020	6.0400	26	4		
3021	6.0420	26	4		
3022	6.0440	26	4		
3023	6.0460	26	4		
3024	6.0480	26	4		
3025	6.0500	26	4		
3026	6.0520	26	4		
3027	6.0540	26	4		
3028	6.0560	26	4		
3029	6.0580	26	4		
3030	6.0600	26	4		
3031	6.0620	26	4		
3032	6.0640	26	5		
3033	6.0660	26	5		
3034	6.0680	26	5		
3035	6.0700	26	5		
3036	6.0720	26	5		
3037	6.0740	26	5		
3038	6.0760	26	5		
3039	6.0780	26	5		
3040	6.0800	26	5		
3041	6.0820	26	5		
3042	6.0840	26	5		
3043	6.0860	26	5		
3044	6.0880	26	5		
3045	6.0900	27	5		
3046	6.0920	27	5		
3047	6.0940	27	5		
3048	6.0960	27	5		
3049	6.0980	27	5		
3050	6.1000	27	5		
3051	6.1020	27	6		
3052	6.1040	27	6		
3053	6.1060	27	6		
3054	6.1080	27	6		
3055	6.1100	27	6		
3056	6.1120	27	6		
3057	6.1140	27	6		
3058	6.1160	27	6		
3059	6.1180	27	6		
3060	6.1200	27	6		
3061	6.1220	27	6		
3062	6.1240	27	6		
3063	6.1260	28	6		
3064	6.1280	28	6		
3065	6.1300	28	6		
3066	6.1320	28	6		
3067	6.1340	28	6		
3068	6.1360	28	6		
3069	6.1380	28	6		
3070	6.1400	28	6		
3071	6.1420	28	6		
3072	6.1440	28	6		
3073	6.1460	27	6		
3074	6.1480	27	6		
3075	6.1500	27	6		
3076	6.1520	27	6		
3077	6.1540	27	6		
3078	6.1560	27	6		
3079	6.1580	27	6		
3080	6.1600	27	6		
3081	6.1620	27	6		
3082	6.1640	27	6		
3083	6.1660	27	6		
3084	6.1680	27	6		
3085	6.1700	27	6		
3086	6.1720	27	6		
3087	6.1740	27	6		
3088	6.1760	27	6		
3089	6.1780	27	7		
3090	6.1800	27	7		
3091	6.1820	27	7		
3092	6.1840	27	7		
3093	6.1860	27	7		
3094	6.1880	27	7		
3095	6.1900	27	7		
3096	6.1920	27	7		
3097	6.1940	27	7		
3098	6.1960	27	7		
3099	6.1980	27	7		
3100	6.2000	27	7		
3101	6.2020	27	7		
3102	6.2040	27	7		
3103	6.2060	27	7		
3104	6.2080	27	7		
3105	6.2100	27	7		
3106	6.2120	27	7		
3107	6.2140	27	7		
3108	6.2160	27	7		
3109	6.2180	27	7		
3110	6.2200	27	7		
3111	6.2220	27	7		
3112	6.2240	27	7		
3113	6.2260	27	7		
3114	6.2280	27	7		
3115	6.2300	27	7		
3116	6.2320	28	7		
3117	6.2340	28	7		
3118	6.2360	28	7		
3119	6.2380	28	7		
3120	6.2400	28	7		
3121	6.2420	28	7		
3122	6.2440	28	7		
3123	6.2460	28	7		
3124	6.2480	28	7		
3125	6.2500	28	7		
3126	6.2520	28	7		
3127	6.2540	28	7		
3128	6.2560	28	7		
3129	6.2580	28	7		
3130	6.2600	28	7		
3131	6.2620	28	7		
3132	6.2640	28	7		
3133	6.2660	28	7		
3134	6.2680	28	7		
3135	6.2700	27	7		
3136	6.2720	27	7		
3137	6.2740	27	7		
3138	6.2760	27	7		
3139	6.2780	27	7		
3140	6.2800	27	7		
3141	6.2820	27	7		
3142	6.2840	27	7		
3143	6.2860	27	7		
3144	6.2880	27	7		
3145	6.2900	27	7		
3146	6.2920	27	7		
3147	6.2940	27	7		
3148	6.2960	27	7		
3149	6.2980	27	7		
3150	6.3000	27	7		
3151	6.3020	27	7		
3152	6.3040	27	7		
3153	6.3060	27	7		
3154	6.3080	27	7		
3155	6.3100	27	7		
3156	6.3120	27	7		
3157	6.3140	27	7		
3158	6.3160	27	7		
3159	6.3180	27	7		
3160	6.3200	27	7		
3161	6.3220	27	7		
3162	6.3240	27	7		
3163	6.3260	27	7		
3164	6.3280	27	7		
3165	6.3300	27	7		
3166	6.3320	27	7		
3167	6.3340	27	7		
3168	6.3360	27	7		
3169	6.3380	27	7		
3170	6.3400	27	7		
3171	6.3420	28	7		
3172	6.3440	28	7		
3173	6.3460	28	7		
3174	6.3480	28	7		
3175	6.3500	28	7		
3176	6.3520	28	7		
3177	6.3540	28	7		
3178	6.3560	28	7		
3179	6.3580	28	6		
3180	6.3600	28	6		
3181	6.3620	27	6		
3182	6.3640	27	6		
3183	6.3660	27	6		
3184	6.3680	27	6		
3185	6.3700	27	6		
3186	6.3720	27	6		
3187	6.3740	27	6		
3188	6.3760	27	6		
3189	6.3780	27	6		
3190	6.3800	27	6		
3191	6.3820	27	6		
3192	6.3840	27	6		
3193	6.3860	27	6		
3194	6.3880	27	6		
3195	6.3900	27	6		
3196	6.3920	27	6		
3197	6.3940	27	6		
3198	6.3960	27	6		
3199	6.3980	26	6		
3200	6.4000	26	6		
3201	6.4020	26	6		
3202	6.4040	26	6		
3203	6.4060	26	6		
3204	6.4080	26	6		
3205	6.4100	26	6		
3206	6.4120	26	6		
3207	6.4140	26	6		
3208	6.4160	26	6		
3209	6.4180	26	6		
3210	6.4200	26	6		
3211	6.4220	26	6		
3212	6.4240	26	6		
3213	6.4260	26	6		
3214	6.4280	26	6		
3215	6.4300	26	6		
3216	6.4320	26	5		
3217	6.4340	26	5		
3218	6.4360	26	5		
3219	6.4380	26	5		
3220	6.4400	26	5		
3221	6.4420	26	5		
3222	6.4440	26	5		
3223	6.4460	26	5		
3224	6.4480	26	5		
3225	6.4500	26	5		
3226	6.4520	26	5		
3227	6.4540	26	5		
3228	6.4560	26	5		
3229	6.4580	26	5		
3230	6.4600	26	5		
3231	6.4620	26	5		
3232	6.4640	26	5		
3233	6.4660	26	5		
3234	6.4680	26	4		
3235	6.4700	26	4		
3236	6.4720	26	4		
3237	6.4740	26	4		
3238	6.4760	26	4		
3239	6.4780	26	4		
3240	6.4800	26	4		
3241	6.4820	26	4		
3242	6.4840	26	4		
3243	6.4860	26	4		
3244	6.4880	25	4		
3245	6.4900	25	4		
3246	6.4920	25	4		
3247	6.4940	25	4		
3248	6.4960	25	4		
3249	6.4980	25	4		
3250	6.5000	25	4		
3251	6.5020	25	4		
3252	6.5040	25	4		
3253	6.5060	25	4		
3254	6.5080	25	4		
3255	6.5100	24	4		
3256	6.5120	24	4		
3257	6.5140	24	3		
3258	6.5160	24	3		
3259	6.5180	24	3		
3260	6.5200	24	3		
3261	6.5220	24	3		
3262	6.5240	24	3		
3263	6.5260	24	3		
3264	6.5280	24	3		
3265	6.5300	24	3		
3266	6.5320	24	3		
3267	6.5340	24	3		
3268	6.5360	24	3		
3269	6.5380	24	3		
3270	6.5400	24	3		
3271	6.5420	24	2		
3272	6.5440	24	2		
3273	6.5460	24	2		
3274	6.5480	24	2		
3275	6.5500	24	2		
3276	6.5520	23	2		
3277	6.5540	23	2		
3278	6.5560	23	2		
3279	6.5580	23	2		
3280	6.5600	23	2		
3281	6.5620	23	2		
3282	6.5640	23	2		
3283	6.5660	23	2		
3284	6.5680	23	2		
3285	6.5700	23	2		
3286	6.5720	23	2		
3287	6.5740	22	2		
3288	6.5760	22	2		
3289	6.5780	22	2		
3290	6.5800	22	2		
3291	6.5820	22	1		
3292	6.5840	22	1		
3293	6.5860	22	1		
3294	6.5880	22	1		
3295	6.5900	22	1		
3296	6.5920	22	1		
3297	6.5940	22	1		
3298	6.5960	22	1		
3299	6.5980	22	1		
3300	6.6000	22	1		
3301	6.6020	22	1		
3302	6.6040	22	1		
3303	6.6060	22	0		
3304	6.6080	22	0		
3305	6.6100	22	0		
3306	6.6120	21	0		
3307	6.6140	21	0		
3308	6.6160	21	0		
3309	6.6180	21	0		
3310	6.6200	21	0		
3311	6.6220	21	0		
3312	6.6240	21	0		
3313	6.6260	21	0		
3314	6.6280	21	0		
3315	6.6300	21	0		
3316	6.6320	20	0		
3317	6.6340	20	0		
3318	6.6360	20	0		
3319	6.6380	20	0		
3320	6.6400	20	0		
3321	6.6420	20	-1		
3322	6.6440	20	-1		
3323	6.6460	20	-1		
3324	6.6480	20	-1		
3325	6.6500	20	-1		
3326	6.6520	20	-1		
3327	6.6540	20	-1		
3328	6.6560	20	-1		
3329	6.6580	20	-1		
3330	6.6600	20	-1		
3331	6.6620	20	-1		
3332	6.6640	20	-1		
3333	6.6660	20	-1		
3334	6.6680	20	-2		
3335	6.6700	20	-2		
3336	6.6720	20	-2		
3337	6.6740	19	-2		
3338	6.6760	19	-2		
3339	6.6780	19	-2		
3340	6.6800	19	-2		
3341	6.6820	19	-2		
3342	6.6840	19	-2		
3343	6.6860	19	-2		
3344	6.6880	19	-2		
3345	6.6900	19	-2		
3346	6.6920	19	-2		
3347	6.6940	19	-2		
3348	6.6960	18	-2		
3349	6.6980	18	-2		
3350	6.7000	18	-2		
3351	6.7020	18	-2		
3352	6.7040	18	-3		
3353	6.7060	18	-3		
3354	6.7080	18	-3		
3355	6.7100	18	-3		
3356	6.7120	18	-3		
3357	6.7140	18	-3		
3358	6.7160	18	-3		
3359	6.7180	18	-3		
3360	6.7200	18	-3		
3361	6.7220	18	-3		
3362	6.7240	18	-3		
3363	6.7260	18	-3		
3364	6.7280	18	-3		
3365	6.7300	18	-3		
3366	6.7320	18	-4		
3367	6.7340	18	-4		
3368	6.7360	18	-4		
3369	6.7380	18	-4		
3370	6.7400	17	-4		
3371	6.7420	17	-4		
3372	6.7440	17	-4		
3373	6.7460	17	-4		
3374	6.7480	17	-4		
3375	6.7500	17	-4		
3376	6.7520	17	-4		
3377	6.7540	17	-4		
3378	6.7560	17	-4		
3379	6.7580	17	-4		
3380	6.7600	17	-4		
3381	6.7620	17	-4		
3382	6.7640	17	-4		
3383	6.7660	17	-4		
3384	6.7680	16	-4		
3385	6.7700	16	-4		
3386	6.7720	16	-5		
3387	6.7740	16	-5		
3388	6.7760	16	-5		
3389	6.7780	16	-5		
3390	6.7800	16	-5		
3391	6.7820	16	-5		
3392	6.7840	16	-5		
3393	6.7860	16	-5		
3394	6.7880	16	-5		
3395	6.7900	16	-5		
3396	6.7920	16	-5		
3397	6.7940	16	-5		
3398	6.7960	16	-5		
3399	6.7980	16	-5		
3400	6.8000	16	-5		
3401	6.8020	16	-6		
3402	6.8040	16	-6		
3403	6.8060	16	-6		
3404	6.8080	16	-6		
3405	6.8100	16	-6		
3406	6.8120	16	-6		
3407	6.8140	16	-6		
3408	6.8160	16	-6		
3409	6.8180	16	-6		
3410	6.8200	16	-6		
3411	6.8220	16	-6		
3412	6.8240	16	-6		
3413	6.8260	16	-6		
3414	6.8280	16	-6		
3415	6.8300	15	-6		
3416	6.8320	15	-6		
3417	6.8340	15	-6		
3418	6.8360	15	-6		
3419	6.8380	15	-6		
3420	6.8400	15	-6		
3421	6.8420	15	-6		
3422	6.8440	15	-6		
3423	6.8460	15	-6		
3424	6.8480	15	-6		
3425	6.8500	15	-6		
3426	6.8520	15	-6		
3427	6.8540	15	-6		
3428	6.8560	15	-7		
3429	6.8580	15	-7		
3430	6.8600	15	-7		
3431	6.8620	15	-7		
3432	6.8640	15	-7		
3433	6.8660	15	-7		
3434	6.8680	15	-7		
3435	6.8700	15	-7		
3436	6.8720	15	-7		
3437	6.8740	14	-7		
3438	6.8760	14	-7		
3439	6.8780	14	-7		
3440	6.8800	14	-7		
3441	6.8820	14	-7		
3442	6.8840	14	-7		
3443	6.8860	14	-7		
3444	6.8880	14	-7		
3445	6.8900	14	-7		
3446	6.8920	14	-7		
3447	6.8940	14	-7		
3448	6.8960	14	-7		
3449	6.8980	14	-7		
3450	6.9000	14	-7		
3451	6.9020	14	-7		
3452	6.9040	14	-7		
3453	6.9060	14	-7		
3454	6.9080	14	-8		
3455	6.9100	14	-8		
3456	6.9120	14	-8		
3457	6.9140	14	-8		
3458	6.9160	14	-8		
3459	6.9180	14	-8		
3460	6.9200	14	-8		
3461	6.9220	14	-8		
3462	6.9240	14	-8		
3463	6.9260	14	-8		
3464	6.9280	14	-8		
3465	6.9300	14	-8		
3466	6.9320	14	-8		
3467	6.9340	14	-8		
3468	6.9360	14	-8		
3469	6.9380	14	-8		
3470	6.9400	14	-8		
3471	6.9420	14	-8		
3472	6.9440	14	-8		
3473	6.9460	14	-8		
3474	6.9480	14	-8		
3475	6.9500	14	-8		
3476	6.9520	14	-8		
3477	6.9540	14	-8		
3478	6.9560	14	-8		
3479	6.9580	14	-8		
3480	6.9600	14	-8		
3481	6.9620	14	-8		
3482	6.9640	14	-8		
3483	6.9660	14	-8		
3484	6.9680	14	-8		
3485	6.9700	14	-8		
3486	6.9720	14	-8		
3487	6.9740	14	-8		
3488	6.9760	14	-8		
3489	6.9780	14	-8		
3490	6.9800	14	-8		
3491	6.9820	14	-8		
3492	6.9840	14	-8		
3493	6.9860	14	-8		
3494	6.9880	14	-8		
3495	6.9900	14	-8		
3496	6.9920	14	-8		
3497	6.9940	14	-8		
3498	6.9960	14	-8		
3499	6.9980	14	-8		
3500	7.0000	14	-8		
3501	7.0020	14	-8		
3502	7.0040	14	-8		
3503	7.0060	14	-8		
3504	7.0080	14	-8		
3505	7.0100	14	-8		
3506	7.0120	14	-8		
3507	7.0140	14	-8		
3508	7.0160	14	-8		
3509	7.0180	14	-8		
3510	7.0200	14	-8		
3511	7.0220	14	-8		
3512	7.0240	14	-8		
3513	7.0260	14	-8		
3514	7.0280	14	-8		
3515	7.0300	14	-8		
3516	7.0320	14	-8		
3517	7.0340	14	-8		
3518	7.0360	14	-8		
3519	7.0380	14	-8		
3520	7.0400	14	-8		
3521	7.0420	14	-8		
3522	7.0440	14	-8		
3523	7.0460	15	-8		
3524	7.0480	15	-8		
3525	7.0500	15	-8		
3526	7.0520	15	-8		
3527	7.0540	15	-8		
3528	7.0560	15	-8		
3529	7.0580	15	-8		
3530	7.0600	15	-8		
3531	7.0620	15	-8		
3532	7.0640	15	-8		
3533	7.0660	15	-8		
3534	7.0680	15	-8		
3535	7.0700	15	-8		
3536	7.0720	15	-8		
3537	7.0740	15	-8		
3538	7.0760	15	-8		
3539	7.0780	15	-7		
3540	7.0800	15	-7		
3541	7.0820	15	-7		
3542	7.0840	15	-7		
3543	7.0860	15	-7		
3544	7.0880	15	-7		
3545	7.0900	16	-7		
3546	7.0920	16	-7		
3547	7.0940	16	-7		
3548	7.0960	16	-7		
3549	7.0980	16	-7		
3550	7.1000	16	-7		
3551	7.1020	16	-7		
3552	7.1040	16	-7		
3553	7.1060	16	-7		
3554	7.1080	16	-7		
3555	7.1100	16	-7		
3556	7.1120	16	-7		
3557	7.1140	16	-7		
3558	7.1160	16	-7		
3559	7.1180	16	-7		
3560	7.1200	16	-7		
3561	7.1220	16	-7		
3562	7.1240	16	-7		
3563	7.1260	16	-6		
3564	7.1280	16	-6		
3565	7.1300	16	-6		
3566	7.1320	16	-6		
3567	7.1340	16	-6		
3568	7.1360	16	-6		
3569	7.1380	16	-6		
3570	7.1400	16	-6		
3571	7.1420	16	-6		
3572	7.1440	16	-6		
3573	7.1460	16	-6		
3574	7.1480	16	-6		
3575	7.1500	16	-6		
3576	7.1520	17	-6		
3577	7.1540	17	-6		
3578	7.1560	17	-6		
3579	7.1580	17	-6		
3580	7.1600	17	-6		
3581	7.1620	17	-6		
3582	7.1640	17	-6		
3583	7.1660	17	-6		
3584	7.1680	17	-6		
3585	7.1700	17	-6		
3586	7.1720	17	-6		
3587	7.1740	17	-6		
3588	7.1760	17	-6		
3589	7.1780	18	-5		
3590	7.1800	18	-5		
3591	7.1820	18	-5		
3592	7.1840	18	-5		
3593	7.1860	18	-5		
3594	7.1880	18	-5		
3595	7.1900	18	-5		
3596	7.1920	18	-5		
3597	7.1940	18	-5		
3598	7.1960	18	-5		
3599	7.1980	18	-5		
3600	7.2000	18	-5		
3601	7.2020	18	-5		
3602	7.2040	18	-5		
3603	7.2060	18	-4		
3604	7.2080	18	-4		
3605	7.2100	18	-4		
3606	7.2120	18	-4		
3607	7.2140	18	-4		
3608	7.2160	18	-4		
3609	7.2180	18	-4		
3610	7.2200	18	-4		
3611	7.2220	18	-4		
3612	7.2240	19	-4		
3613	7.2260	19	-4		
3614	7.2280	19	-4		
3615	7.2300	19	-4		
3616	7.2320	19	-4		
3617	7.2340	19	-4		
3618	7.2360	19	-4		
3619	7.2380	19	-4		
3620	7.2400	19	-4		
3621	7.2420	19	-4		
3622	7.2440	19	-4		
3623	7.2460	20	-3		
3624	7.2480	20	-3		
3625	7.2500	20	-3		
3626	7.2520	20	-3		
3627	7.2540	20	-3		
3628	7.2560	20	-3		
3629	7.2580	20	-3		
3630	7.2600	20	-3		
3631	7.2620	20	-3		
3632	7.2640	20	-3		
3633	7.2660	20	-3		
3634	7.2680	20	-3		
3635	7.2700	20	-2		
3636	7.2720	20	-2		
3637	7.2740	20	-2		
3638	7.2760	20	-2		
3639	7.2780	20	-2		
3640	7.2800	20	-2		
3641	7.2820	20	-2		
3642	7.2840	20	-2		
3643	7.2860	20	-2		
3644	7.2880	21	-2		
3645	7.2900	21	-2		
3646	7.2920	21	-2		
3647	7.2940	21	-2		
3648	7.2960	21	-2		
3649	7.2980	21	-2		
3650	7.3000	21	-2		
3651	7.3020	21	-2		
3652	7.3040	21	-1		
3653	7.3060	22	-1		
3654	7.3080	22	-1		
3655	7.3100	22	-1		
3656	7.3120	22	-1		
3657	7.3140	22	-1		
3658	7.3160	22	-1		
3659	7.3180	22	-1		
3660	7.3200	22	-1		
3661	7.3220	22	-1		
3662	7.3240	22	-1		
3663	7.3260	22	-1		
3664	7.3280	22	0		
3665	7.3300	22	0		
3666	7.3320	22	0		
3667	7.3340	22	0		
3668	7.3360	22	0		
3669	7.3380	22	0		
3670	7.3400	22	0		
3671	7.3420	22	0		
3672	7.3440	22	0		
3673	7.3460	22	0		
3674	7.3480	23	0		
3675	7.3500	23	0		
3676	7.3520	23	0		
3677	7.3540	23	0		
3678	7.3560	23	0		
3679	7.3580	23	0		
3680	7.3600	23	0		
3681	7.3620	23	1		
3682	7.3640	23	1		
3683	7.3660	23	1		
3684	7.3680	24	1		
3685	7.3700	24	1		
3686	7.3720	24	1		
3687	7.3740	24	1		
3688	7.3760	24	1		
3689	7.3780	24	1		
3690	7.3800	24	1		
3691	7.3820	24	1		
3692	7.3840	24	1		
3693	7.3860	24	2		
3694	7.3880	24	2		
3695	7.3900	24	2		
3696	7.3920	24	2		
3697	7.3940	24	2		
3698	7.3960	24	2		
3699	7.3980	24	2		
3700	7.4000	24	2		
3701	7.4020	24	2		
3702	7.4040	24	2		
3703	7.4060	24	2		
3704	7.4080	24	2		
3705	7.4100	25	2		
3706	7.4120	25	2		
3707	7.4140	25	2		
3708	7.4160	25	2		
3709	7.4180	25	2		
3710	7.4200	25	3		
3711	7.4220	25	3		
3712	7.4240	25	3		
3713	7.4260	25	3		
3714	7.4280	25	3		
3715	7.4300	25	3		
3716	7.4320	26	3		
3717	7.4340	26	3		
3718	7.4360	26	3		
3719	7.4380	26	3		
3720	7.4400	26	3		
3721	7.4420	26	3		
3722	7.4440	26	3		
3723	7.4460	26	4		
3724	7.4480	26	4		
3725	7.4500	26	4		
3726	7.4520	26	4		
3727	7.4540	26	4		
3728	7.4560	26	4		
3729	7.4580	26	4		
3730	7.4600	26	4		
3731	7.4620	26	4		
3732	7.4640	26	4		
3733	7.4660	26	4		
3734	7.4680	26	4		
3735	7.4700	26	4		
3736	7.4720	26	4		
3737	7.4740	26	4		
3738	7.4760	26	4		
3739	7.4780	26	4		
3740	7.4800	26	4		
3741	7.4820	26	4		
3742	7.4840	26	4		
3743	7.4860	26	5		
3744	7.4880	26	5		
3745	7.4900	26	5		
3746	7.4920	26	5		
3747	7.4940	26	5		
3748	7.4960	26	5		
3749	7.4980	26	5		
3750	7.5000	26	5		
3751	7.5020	26	5		
3752	7.5040	26	5		
3753	7.5060	26	5		
3754	7.5080	26	5		
3755	7.5100	26	5		
3756	7.5120	26	5		
3757	7.5140	26	6		
3758	7.5160	26	6		
3759	7.5180	26	6		
3760	7.5200	26	6		
3761	7.5220	26	6		
3762	7.5240	27	6		
3763	7.5260	27	6		
3764	7.5280	27	6		
3765	7.5300	27	6		
3766	7.5320	27	6		
3767	7.5340	27	6		
3768	7.5360	27	6		
3769	7.5380	27	6		
3770	7.5400	27	6		
3771	7.5420	27	6		
3772	7.5440	27	6		
3773	7.5460	27	6		
3774	7.5480	27	6		
3775	7.5500	27	6		
3776	7.5520	27	6		
3777	7.5540	27	6		
3778	7.5560	27	6		
3779	7.5580	28	6		
3780	7.5600	28	6		
3781	7.5620	28	6		
3782	7.5640	28	6		
3783	7.5660	28	6		
3784	7.5680	28	6		
3785	7.5700	28	7		
3786	7.5720	28	7		
3787	7.5740	28	7		
3788	7.5760	28	7		
3789	7.5780	28	7		
3790	7.5800	27	7		
3791	7.5820	27	7		
3792	7.5840	27	7		
3793	7.5860	27	7		
3794	7.5880	27	7		
3795	7.5900	27	7		
3796	7.5920	27	7		
3797	7.5940	27	7		
3798	7.5960	27	7		
3799	7.5980	27	7		
3800	7.6000	27	7		
3801	7.6020	27	7		
3802	7.6040	27	7		
3803	7.6060	27	7		
3804	7.6080	27	7		
3805	7.6100	27	7		
3806	7.6120	27	7		
3807	7.6140	27	7		
3808	7.6160	27	7		
3809	7.6180	27	7		
3810	7.6200	27	7		
3811	7.6220	27	7		
3812	7.6240	27	8		
3813	7.6260	27	8		
3814	7.6280	27	8		
3815	7.6300	27	8		
3816	7.6320	27	8		
3817	7.6340	27	8		
3818	7.6360	27	8		
3819	7.6380	27	8		
3820	7.6400	27	8		
3821	7.6420	27	8		
3822	7.6440	27	8		
3823	7.6460	27	8		
3824	7.6480	27	8		
3825	7.6500	27	8		
3826	7.6520	27	8		
3827	7.6540	27	8		
3828	7.6560	27	8		
3829	7.6580	27	8		
3830	7.6600	27	8		
3831	7.6620	28	8		
3832	7.6640	28	8		
3833	7.6660	28	8		
3834	7.6680	28	8		
3835	7.6700	28	8		
3836	7.6720	28	8		
3837	7.6740	28	8		
3838	7.6760	28	8		
3839	7.6780	28	8		
3840	7.6800	28	8		
3841	7.6820	28	8		
3842	7.6840	28	8		
3843	7.6860	28	8		
3844	7.6880	28	8		
3845	7.6900	28	8		
3846	7.6920	28	8		
3847	7.6940	28	8		
3848	7.6960	28	8		
3849	7.6980	28	8		
3850	7.7000	28	8		
3851	7.7020	27	8		
3852	7.7040	27	8		
3853	7.7060	27	8		
3854	7.7080	27	8		
3855	7.7100	27	8		
3856	7.7120	27	8		
3857	7.7140	27	8		
3858	7.7160	27	8		
3859	7.7180	27	8		
3860	7.7200	27	8		
3861	7.7220	27	8		
3862	7.7240	27	8		
3863	7.7260	27	8		
3864	7.7280	27	8		
3865	7.7300	27	8		
3866	7.7320	27	8		
3867	7.7340	27	8		
3868	7.7360	27	8		
3869	7.7380	27	8		
3870	7.7400	27	8		
3871	7.7420	27	8		
3872	7.7440	27	8		
3873	7.7460	27	8		
3874	7.7480	27	8		
3875	7.7500	27	8		
3876	7.7520	27	8		
3877	7.7540	27	8		
3878	7.7560	27	8		
3879	7.7580	27	8		
3880	7.7600	27	8		
3881	7.7620	27	8		
3882	7.7640	27	8		
3883	7.7660	27	8		
3884	7.7680	27	7		
3885	7.7700	27	7		
3886	7.7720	27	7		
3887	7.7740	27	7		
3888	7.7760	28	7		
3889	7.7780	28	7		
3890	7.7800	28	7		
3891	7.7820	28	7		
3892	7.7840	28	7		
3893	7.7860	28	7		
3894	7.7880	28	7		
3895	7.7900	28	7		
3896	7.7920	28	7		
3897	7.7940	28	7		
3898	7.7960	27	7		
3899	7.7980	27	7		
3900	7.8000	27	7		
3901	7.8020	27	7		
3902	7.8040	27	7		
3903	7.8060	27	7		
3904	7.8080	27	7		
3905	7.8100	27	7		
3906	7.8120	27	7		
3907	7.8140	27	7		
3908	7.8160	27	7		
3909	7.8180	27	7		
3910	7.8200	27	7		
3911	7.8220	27	6		
3912	7.8240	27	6		
3913	7.8260	27	6		
3914	7.8280	27	6		
3915	7.8300	27	6		
3916	7.8320	26	6		
3917	7.8340	26	6		
3918	7.8360	26	6		
3919	7.8380	26	6		
3920	7.8400	26	6		
3921	7.8420	26	6		
3922	7.8440	26	6		
3923	7.8460	26	6		
3924	7.8480	26	6		
3925	7.8500	26	6		
3926	7.8520	26	6		
3927	7.8540	26	6		
3928	7.8560	26	6		
3929	7.8580	26	6		
3930	7.8600	26	6		
3931	7.8620	26	6		
3932	7.8640	26	6		
3933	7.8660	26	6		
3934	7.8680	26	6		
3935	7.8700	26	6		
3936	7.8720	26	6		
3937	7.8740	26	6		
3938	7.8760	26	5		
3939	7.8780	26	5		
3940	7.8800	26	5		
3941	7.8820	26	5		
3942	7.8840	26	5		
3943	7.8860	26	5		
3944	7.8880	26	5		
3945	7.8900	26	5		
3946	7.8920	26	5		
3947	7.8940	26	5		
3948	7.8960	26	5		
3949	7.8980	26	5		
3950	7.9000	26	5		
3951	7.9020	26	5		
3952	7.9040	26	5		
3953	7.9060	26	4		
3954	7.9080	26	4		
3955	7.9100	26	4		
3956	7.9120	26	4		
3957	7.9140	26	4		
3958	7.9160	26	4		
3959	7.9180	26	4		
3960	7.9200	26	4		
3961	7.9220	25	4		
3962	7.9240	25	4		
3963	7.9260	25	4		
3964	7.9280	25	4		
3965	7.9300	25	4		
3966	7.9320	25	4		
3967	7.9340	25	4		
3968	7.9360	25	4		
3969	7.9380	25	4		
3970	7.9400	25	4		
3971	7.9420	25	4		
3972	7.9440	24	4		
3973	7.9460	24	3		
3974	7.9480	24	3		
3975	7.9500	24	3		
3976	7.9520	24	3		
3977	7.9540	24	3		
3978	7.9560	24	3		
3979	7.9580	24	3		
3980	7.9600	24	3		
3981	7.9620	24	3		
3982	7.9640	24	3		
3983	7.9660	24	3		
3984	7.9680	24	3		
3985	7.9700	24	2		
3986	7.9720	24	2		
3987	7.9740	24	2		
3988	7.9760	24	2		
3989	7.9780	24	2		
3990	7.9800	24	2		
3991	7.9820	24	2		
3992	7.9840	24	2		
3993	7.9860	23	2		
3994	7.9880	23	2		
3995	7.9900	23	2		
3996	7.9920	23	2		
3997	7.9940	23	2		
3998	7.9960	23	2		
3999	7.9980	23	2		
4000	8.0000	23	2		
4001	8.0020	23	2		
4002	8.0040	23	1		
4003	8.0060	22	1		
4004	8.0080	22	1		
4005	8.0100	22	1		
4006	8.0120	22	1		
4007	8.0140	22	1		
4008	8.0160	22	1		
4009	8.0180	22	1		
4010	8.0200	22	1		
4011	8.0220	22	1		
4012	8.0240	22	1		
4013	8.0260	22	1		
4014	8.0280	22	0		
4015	8.0300	22	0		
4016	8.0320	22	0		
4017	8.0340	22	0		
4018	8.0360	22	0		
4019	8.0380	22	0		
4020	8.0400	22	0		
4021	8.0420	22	0		
4022	8.0440	22	0		
4023	8.0460	21	0		
4024	8.0480	21	0		
4025	8.0500	21	0		
4026	8.0520	21	0		
4027	8.0540	21	0		
4028	8.0560	21	0		
4029	8.0580	21	0		
4030	8.0600	21	0		
4031	8.0620	21	-1		
4032	8.0640	21	-1		
4033	8.0660	20	-1		
4034	8.0680	20	-1		
4035	8.0700	20	-1		
4036	8.0720	20	-1		
4037	8.0740	20	-1		
4038	8.0760	20	-1		
4039	8.0780	20	-1		
4040	8.0800	20	-1		
4041	8.0820	20	-1		
4042	8.0840	20	-2		
4043	8.0860	20	-2		
4044	8.0880	20	-2		
4045	8.0900	20	-2		
4046	8.0920	20	-2		
4047	8.0940	20	-2		
4048	8.0960	20	-2		
4049	8.0980	20	-2		
4050	8.1000	20	-2		
4051	8.1020	20	-2		
4052	8.1040	20	-2		
4053	8.1060	19	-2		
4054	8.1080	19	-2		
4055	8.1100	19	-2		
4056	8.1120	19	-2		
4057	8.1140	19	-2		
4058	8.1160	19	-2		
4059	8.1180	19	-3		
4060	8.1200	19	-3		
4061	8.1220	19	-3		
4062	8.1240	19	-3		
4063	8.1260	19	-3		
4064	8.1280	18	-3		
4065	8.1300	18	-3		
4066	8.1320	18	-3		
4067	8.1340	18	-3		
4068	8.1360	18	-3		
4069	8.1380	18	-3		
4070	8.1400	18	-3		
4071	8.1420	18	-3		
4072	8.1440	18	-4		
4073	8.1460	18	-4		
4074	8.1480	18	-4		
4075	8.1500	18	-4		
4076	8.1520	18	-4		
4077	8.1540	18	-4		
4078	8.1560	18	-4		
4079	8.1580	18	-4		
4080	8.1600	18	-4		
4081	8.1620	18	-4		
4082	8.1640	18	-4		
4083	8.1660	18	-4		
4084	8.1680	18	-4		
4085	8.1700	18	-4		
4086	8.1720	18	-4		
4087	8.1740	17	-4		
4088	8.1760	17	-4		
4089	8.1780	17	-4		
4090	8.1800	17	-4		
4091	8.1820	17	-5		
4092	8.1840	17	-5		
4093	8.1860	17	-5		
4094	8.1880	17	-5		
4095	8.1900	17	-5		
4096	8.1920	17	-5		
4097	8.1940	17	-5		
4098	8.1960	17	-5		
4099	8.1980	17	-5		
4100	8.2000	17	-5		
4101	8.2020	16	-5		
4102	8.2040	16	-5		
4103	8.2060	16	-5		
4104	8.2080	16	-5		
4105	8.2100	16	-6		
4106	8.2120	16	-6		
4107	8.2140	16	-6		
4108	8.2160	16	-6		
4109	8.2180	16	-6		
4110	8.2200	16	-6		
4111	8.2220	16	-6		
4112	8.2240	16	-6		
4113	8.2260	16	-6		
4114	8.2280	16	-6		
4115	8.2300	16	-6		
4116	8.2320	16	-6		
4117	8.2340	16	-6		
4118	8.2360	16	-6		
4119	8.2380	16	-6		
4120	8.2400	16	-6		
4121	8.2420	16	-6		
4122	8.2440	16	-6		
4123	8.2460	16	-6		
4124	8.2480	16	-6		
4125	8.2500	16	-6		
4126	8.2520	16	-6		
4127	8.2540	16	-6		
4128	8.2560	16	-6		
4129	8.2580	16	-6		
4130	8.2600	16	-7		
4131	8.2620	15	-7		
4132	8.2640	15	-7		
4133	8.2660	15	-7		
4134	8.2680	15	-7		
4135	8.2700	15	-7		
4136	8.2720	15	-7		
4137	8.2740	15	-7		
4138	8.2760	15	-7		
4139	8.2780	15	-7		
4140	8.2800	15	-7		
4141	8.2820	15	-7		
4142	8.2840	15	-7		
4143	8.2860	15	-7		
4144	8.2880	15	-7		
4145	8.2900	15	-7		
4146	8.2920	15	-7		
4147	8.2940	15	-7		
4148	8.2960	15	-7		
4149	8.2980	15	-7		
4150	8.3000	15	-7		
4151	8.3020	15	-7		
4152	8.3040	15	-7		
4153	8.3060	15	-8		
4154	8.3080	14	-8		
4155	8.3100	14	-8		
4156	8.3120	14	-8		
4157	8.3140	14	-8		
4158	8.3160	14	-8		
4159	8.3180	14	-8		
4160	8.3200	14	-8		
4161	8.3220	14	-8		
4162	8.3240	14	-8		
4163	8.3260	14	-8		
4164	8.3280	14	-8		
4165	8.3300	14	-8		
4166	8.3320	14	-8		
4167	8.3340	14	-8		
4168	8.3360	14	-8		
4169	8.3380	14	-8		
4170	8.3400	14	-8		
4171	8.3420	14	-8		
4172	8.3440	14	-8		
4173	8.3460	14	-8		
4174	8.3480	14	-8		
4175	8.3500	14	-8		
4176	8.3520	14	-8		
4177	8.3540	14	-8		
4178	8.3560	14	-8		
4179	8.3580	14	-8		
4180	8.3600	14	-8		
4181	8.3620	14	-8		
4182	8.3640	14	-8		
4183	8.3660	14	-8		
4184	8.3680	14	-8		
4185	8.3700	14	-8		
4186	8.3720	14	-8		
4187	8.3740	14	-8		
4188	8.3760	14	-8		
4189	8.3780	14	-8		
4190	8.3800	14	-8		
4191	8.3820	14	-8		
4192	8.3840	14	-8		
4193	8.3860	14	-8		
4194	8.3880	14	-8		
4195	8.3900	14	-8		
4196	8.3920	14	-8		
4197	8.3940	14	-8		
4198	8.3960	14	-8		
4199	8.3980	14	-8		
4200	8.4000	14	-8		
4201	8.4020	14	-8		
4202	8.4040	14	-8		
4203	8.4060	14	-8		
4204	8.4080	14	-8		
4205	8.4100	14	-8		
4206	8.4120	14	-8		
4207	8.4140	14	-8		
4208	8.4160	14	-8		
4209	8.4180	14	-8		
4210	8.4200	14	-8		
4211	8.4220	14	-8		
4212	8.4240	14	-8		
4213	8.4260	14	-8		
4214	8.4280	14	-8		
4215	8.4300	14	-8		
4216	8.4320	14	-8		
4217	8.4340	14	-8		
4218	8.4360	14	-8		
4219	8.4380	14	-8		
4220	8.4400	14	-8		
4221	8.4420	14	-8		
4222	8.4440	14	-8		
4223	8.4460	14	-8		
4224	8.4480	14	-8		
4225	8.4500	14	-8		
4226	8.4520	14	-8		
4227	8.4540	14	-8		
4228	8.4560	14	-8		
4229	8.4580	14	-8		
4230	8.4600	14	-8		
4231	8.4620	14	-8		
4232	8.4640	14	-8		
4233	8.4660	14	-8		
4234	8.4680	14	-8		
4235	8.4700	14	-8		
4236	8.4720	14	-8		
4237	8.4740	14	-8		
4238	8.4760	14	-8		
4239	8.4780	15	-8		
4240	8.4800	15	-8		
4241	8.4820	15	-8		
4242	8.4840	15	-8		
4243	8.4860	15	-8		
4244	8.4880	15	-8		
4245	8.4900	15	-8		
4246	8.4920	15	-7		
4247	8.4940	15	-7		
4248	8.4960	15	-7		
4249	8.4980	15	-7		
4250	8.5000	15	-7		
4251	8.5020	15	-7		
4252	8.5040	15	-7		
4253	8.5060	15	-7		
4254	8.5080	15	-7		
4255	8.5100	15	-7		
4256	8.5120	15	-7		
4257	8.5140	15	-7		
4258	8.5160	15	-7		
4259	8.5180	15	-7		
4260	8.5200	15	-7		
4261	8.5220	15	-7		
4262	8.5240	16	-7		
4263	8.5260	16	-7		
4264	8.5280	16	-7		
4265	8.5300	16	-7		
4266	8.5320	16	-7		
4267	8.5340	16	-7		
4268	8.5360	16	-7		
4269	8.5380	16	-6		
4270	8.5400	16	-6		
4271	8.5420	16	-6		
4272	8.5440	16	-6		
4273	8.5460	16	-6		
4274	8.5480	16	-6		
4275	8.5500	16	-6		
4276	8.5520	16	-6		
4277	8.5540	16	-6		
4278	8.5560	16	-6		
4279	8.5580	16	-6		
4280	8.5600	16	-6		
4281	8.5620	16	-6		
4282	8.5640	16	-6		
4283	8.5660	16	-6		
4284	8.5680	16	-6		
4285	8.5700	16	-6		
4286	8.5720	16	-6		
4287	8.5740	16	-6		
4288	8.5760	16	-6		
4289	8.5780	16	-6		
4290	8.5800	16	-6		
4291	8.5820	16	-6		
4292	8.5840	17	-6		
4293	8.5860	17	-6		
4294	8.5880	17	-6		
4295	8.5900	17	-5		
4296	8.5920	17	-5		
4297	8.5940	17	-5		
4298	8.5960	17	-5		
4299	8.5980	17	-5		
4300	8.6000	17	-5		
4301	8.6020	17	-5		
4302	8.6040	17	-5		
4303	8.6060	17	-5		
4304	8.6080	17	-5		
4305	8.6100	18	-5		
4306	8.6120	18	-5		
4307	8.6140	18	-5		
4308	8.6160	18	-5		
4309	8.6180	18	-4		
4310	8.6200	18	-4		
4311	8.6220	18	-4		
4312	8.6240	18	-4		
4313	8.6260	18	-4		
4314	8.6280	18	-4		
4315	8.6300	18	-4		
4316	8.6320	18	-4		
4317	8.6340	18	-4		
4318	8.6360	18	-4		
4319	8.6380	18	-4		
4320	8.6400	18	-4		
4321	8.6420	18	-4		
4322	8.6440	18	-4		
4323	8.6460	18	-4		
4324	8.6480	18	-4		
4325	8.6500	18	-4		
4326	8.6520	18	-4		
4327	8.6540	18	-4		
4328	8.6560	19	-4		
4329	8.6580	19	-3		
4330	8.6600	19	-3		
4331	8.6620	19	-3		
4332	8.6640	19	-3		
4333	8.6660	19	-3		
4334	8.6680	19	-3		
4335	8.6700	19	-3		
4336	8.6720	19	-3		
4337	8.6740	19	-3		
4338	8.6760	19	-3		
4339	8.6780	20	-3		
4340	8.6800	20	-3		
4341	8.6820	20	-3		
4342	8.6840	20	-2		
4343	8.6860	20	-2		
4344	8.6880	20	-2		
4345	8.6900	20	-2		
4346	8.6920	20	-2		
4347	8.6940	20	-2		
4348	8.6960	20	-2		
4349	8.6980	20	-2		
4350	8.7000	20	-2		
4351	8.7020	20	-2		
4352	8.7040	20	-2		
4353	8.7060	20	-2		
4354	8.7080	20	-2		
4355	8.7100	20	-2		
4356	8.7120	20	-2		
4357	8.7140	20	-2		
4358	8.7160	20	-2		
4359	8.7180	20	-2		
4360	8.7200	21	-1		
4361	8.7220	21	-1		
4362	8.7240	21	-1		
4363	8.7260	21	-1		
4364	8.7280	21	-1		
4365	8.7300	21	-1		
4366	8.7320	21	-1		
4367	8.7340	21	-1		
4368	8.7360	21	-1		
4369	8.7380	21	-1		
4370	8.7400	22	-1		
4371	8.7420	22	-1		
4372	8.7440	22	0		
4373	8.7460	22	0		
4374	8.7480	22	0		
4375	8.7500	22	0		
4376	8.7520	22	0		
4377	8.7540	22	0		
4378	8.7560	22	0		
4379	8.7580	22	0		
4380	8.7600	22	0		
4381	8.7620	22	0		
4382	8.7640	22	0		
4383	8.7660	22	0		
4384	8.7680	22	0		
4385	8.7700	22	0		
4386	8.7720	22	0		
4387	8.7740	22	0		
4388	8.7760	22	0		
4389	8.7780	22	0		
4390	8.7800	23	1		
4391	8.7820	23	1		
4392	8.7840	23	1		
4393	8.7860	23	1		
4394	8.7880	23	1		
4395	8.7900	23	1		
4396	8.7920	23	1		
4397	8.7940	23	1		
4398	8.7960	23	1		
4399	8.7980	23	1		
4400	8.8000	23	1		
4401	8.8020	24	1		
4402	8.8040	24	2		
4403	8.8060	24	2		
4404	8.8080	24	2		
4405	8.8100	24	2		
4406	8.8120	24	2		
4407	8.8140	24	2		
4408	8.8160	24	2		
4409	8.8180	24	2		
4410	8.8200	24	2		
4411	8.8220	24	2		
4412	8.8240	24	2		
4413	8.8260	24	2		
4414	8.8280	24	2		
4415	8.8300	24	2		
4416	8.8320	24	2		
4417	8.8340	24	2		
4418	8.8360	24	2		
4419	8.8380	24	2		
4420	8.8400	24	2		
4421	8.8420	25	3		
4422	8.8440	25	3		
4423	8.8460	25	3		
4424	8.8480	25	3		
4425	8.8500	25	3		
4426	8.8520	25	3		
4427	8.8540	25	3		
4428	8.8560	25	3		
4429	8.8580	25	3		
4430	8.8600	25	3		
4431	8.8620	25	3		
4432	8.8640	26	3		
4433	8.8660	26	3		
4434	8.8680	26	3		
4435	8.8700	26	4		
4436	8.8720	26	4		
4437	8.8740	26	4		
4438	8.8760	26	4		
4439	8.8780	26	4		
4440	8.8800	26	4		
4441	8.8820	26	4		
4442	8.8840	26	4		
4443	8.8860	26	4		
4444	8.8880	26	4		
4445	8.8900	26	4		
4446	8.8920	26	4		
4447	8.8940	26	4		
4448	8.8960	26	4		
4449	8.8980	26	4		
4450	8.9000	26	4		
4451	8.9020	26	4		
4452	8.9040	26	4		
4453	8.9060	26	4		
4454	8.9080	26	4		
4455	8.9100	26	4		
4456	8.9120	26	4		
4457	8.9140	26	5		
4458	8.9160	26	5		
4459	8.9180	26	5		
4460	8.9200	26	5		
4461	8.9220	26	5		
4462	8.9240	26	5		
4463	8.9260	26	5		
4464	8.9280	26	5		
4465	8.9300	26	5		
4466	8.9320	26	5		
4467	8.9340	26	5		
4468	8.9360	26	5		
4469	8.9380	26	5		
4470	8.9400	26	5		
4471	8.9420	26	5		
4472	8.9440	26	5		
4473	8.9460	26	5		
4474	8.9480	26	5		
4475	8.9500	26	6		
4476	8.9520	26	6		
4477	8.9540	26	6		
4478	8.9560	27	6		
4479	8.9580	27	6		
4480	8.9600	27	6		
4481	8.9620	27	6		
4482	8.9640	27	6		
4483	8.9660	27	6		
4484	8.9680	27	6		
4485	8.9700	27	6		
4486	8.9720	27	6		
4487	8.9740	27	6		
4488	8.9760	27	6		
4489	8.9780	27	6		
4490	8.9800	27	6		
4491	8.9820	27	6		
4492	8.9840	27	6		
4493	8.9860	27	6		
4494	8.9880	27	6		
4495	8.9900	27	6		
4496	8.9920	28	6		
4497	8.9940	28	6		
4498	8.9960	28	6		
4499	8.9980	28	6		
4500	9.0000	28	6		
4501	9.0020	28	6		
4502	9.0040	28	6		
4503	9.0060	28	6		
4504	9.0080	28	6		
4505	9.0100	28	6		
4506	9.0120	27	6		
4507	9.0140	27	6		
4508	9.0160	27	6		
4509	9.0180	27	6		
4510	9.0200	27	6		
4511	9.0220	27	7		
4512	9.0240	27	7		
4513	9.0260	27	7		
4514	9.0280	27	7		
4515	9.0300	27	7		
4516	9.0320	27	7		
4517	9.0340	27	7		
4518	9.0360	27	7		
4519	9.0380	27	7		
4520	9.0400	27	7		
4521	9.0420	27	7		
4522	9.0440	27	7		
4523	9.0460	27	7		
4524	9.0480	27	7		
4525	9.0500	27	7		
4526	9.0520	27	7		
4527	9.0540	27	7		
4528	9.0560	27	7		
4529	9.0580	27	7		
4530	9.0600	27	7		
4531	9.0620	27	7		
4532	9.0640	27	7		
4533	9.0660	27	7		
4534	9.0680	27	7		
4535	9.0700	27	7		
4536	9.0720	27	7		
4537	9.0740	27	7		
4538	9.0760	27	7		
4539	9.0780	27	7		
4540	9.0800	27	7		
4541	9.0820	27	7		
4542	9.0840	27	7		
4543	9.0860	27	7		
4544	9.0880	27	7		
4545	9.0900	27	7		
4546	9.0920	27	7		
4547	9.0940	27	7		
4548	9.0960	28	7		
4549	9.0980	28	7		
4550	9.1000	28	7		
4551	9.1020	28	7		
4552	9.1040	28	7		
4553	9.1060	28	7		
4554	9.1080	28	7		
4555	9.1100	28	7		
4556	9.1120	28	7		
4557	9.1140	28	7		
4558	9.1160	28	7		
4559	9.1180	28	7		
4560	9.1200	28	7		
4561	9.1220	28	7		
4562	9.1240	28	7		
4563	9.1260	28	7		
4564	9.1280	28	7		
4565	9.1300	28	7		
4566	9.1320	28	7		
4567	9.1340	27	7		
4568	9.1360	27	7		
4569	9.1380	27	7		
4570	9.1400	27	7		
4571	9.1420	27	7		
4572	9.1440	27	7		
4573	9.1460	27	7		
4574	9.1480	27	7		
4575	9.1500	27	7		
4576	9.1520	27	7		
4577	9.1540	27	7		
4578	9.1560	27	7		
4579	9.1580	27	7		
4580	9.1600	27	7		
4581	9.1620	27	7		
4582	9.1640	27	7		
4583	9.1660	27	7		
4584	9.1680	27	7		
4585	9.1700	27	7		
4586	9.1720	27	7		
4587	9.1740	27	7		
4588	9.1760	27	7		
4589	9.1780	27	7		
4590	9.1800	27	7		
4591	9.1820	27	7		
4592	9.1840	27	7		
4593	9.1860	27	7		
4594	9.1880	27	7		
4595	9.1900	27	7		
4596	9.1920	27	7		
4597	9.1940	27	7		
4598	9.1960	27	7		
4599	9.1980	27	7		
4600	9.2000	27	7		
4601	9.2020	27	7		
4602	9.2040	27	7		
4603	9.2060	27	7		
4604	9.2080	28	7		
4605	9.2100	28	6		
4606	9.2120	28	6		
4607	9.2140	28	6		
4608	9.2160	28	6		
4609	9.2180	28	6		
4610	9.2200	28	6		
4611	9.2220	28	6		
4612	9.2240	28	6		
4613	9.2260	28	6		
4614	9.2280	27	6		
4615	9.2300	27	6		
4616	9.2320	27	6		
4617	9.2340	27	6		
4618	9.2360	27	6		
4619	9.2380	27	6		
4620	9.2400	27	6		
4621	9.2420	27	6		
4622	9.2440	27	6		
4623	9.2460	27	6		
4624	9.2480	27	6		
4625	9.2500	27	6		
4626	9.2520	27	6		
4627	9.2540	27	6		
4628	9.2560	27	6		
4629	9.2580	27	6		
4630	9.2600	27	6		
4631	9.2620	27	6		
4632	9.2640	26	6		
4633	9.2660	26	6		
4634	9.2680	26	6		
4635	9.2700	26	6		
4636	9.2720	26	6		
4637	9.2740	26	6		
4638	9.2760	26	6		
4639	9.2780	26	6		
4640	9.2800	26	6		
4641	9.2820	26	6		
4642	9.2840	26	5		
4643	9.2860	26	5		
4644	9.2880	26	5		
4645	9.2900	26	5		
4646	9.2920	26	5		
4647	9.2940	26	5		
4648	9.2960	26	5		
4649	9.2980	26	5		
4650	9.3000	26	5		
4651	9.3020	26	5		
4652	9.3040	26	5		
4653	9.3060	26	5		
4654	9.3080	26	5		
4655	9.3100	26	5		
4656	9.3120	26	5		
4657	9.3140	26	5		
4658	9.3160	26	5		
4659	9.3180	26	5		
4660	9.3200	26	4		
4661	9.3220	26	4		
4662	9.3240	26	4		
4663	9.3260	26	4		
4664	9.3280	26	4		
4665	9.3300	26	4		
4666	9.3320	26	4		
4667	9.3340	26	4		
4668	9.3360	26	4		
4669	9.3380	26	4		
4670	9.3400	26	4		
4671	9.3420	26	4		
4672	9.3440	26	4		
4673	9.3460	26	4		
4674	9.3480	26	4		
4675	9.3500	26	4		
4676	9.3520	26	4		
4677	9.3540	25	4		
4678	9.3560	25	4		
4679	9.3580	25	4		
4680	9.3600	25	4		
4681	9.3620	25	4		
4682	9.3640	25	4		
4683	9.3660	25	3		
4684	9.3680	25	3		
4685	9.3700	25	3		
4686	9.3720	25	3		
4687	9.3740	25	3		
4688	9.3760	25	3		
4689	9.3780	24	3		
4690	9.3800	24	3		
4691	9.3820	24	3		
4692	9.3840	24	3		
4693	9.3860	24	3		
4694	9.3880	24	3		
4695	9.3900	24	3		
4696	9.3920	24	3		
4697	9.3940	24	3		
4698	9.3960	24	2		
4699	9.3980	24	2		
4700	9.4000	24	2		
4701	9.4020	24	2		
4702	9.4040	24	2		
4703	9.4060	24	2		
4704	9.4080	24	2		
4705	9.4100	24	2		
4706	9.4120	24	2		
4707	9.4140	24	2		
4708	9.4160	24	2		
4709	9.4180	23	2		
4710	9.4200	23	2		
4711	9.4220	23	2		
4712	9.4240	23	2		
4713	9.4260	23	2		
4714	9.4280	23	2		
4715	9.4300	23	2		
4716	9.4320	23	2		
4717	9.4340	23	2		
4718	9.4360	23	1		
4719	9.4380	22	1		
4720	9.4400	22	1		
4721	9.4420	22	1		
4722	9.4440	22	1		
4723	9.4460	22	1		
4724	9.4480	22	1		
4725	9.4500	22	1		
4726	9.4520	22	1		
4727	9.4540	22	1		
4728	9.4560	22	1		
4729	9.4580	22	1		
4730	9.4600	22	1		
4731	9.4620	22	0		
4732	9.4640	22	0		
4733	9.4660	22	0		
4734	9.4680	22	0		
4735	9.4700	22	0		
4736	9.4720	22	0		
4737	9.4740	22	0		
4738	9.4760	22	0		
4739	9.4780	21	0		
4740	9.4800	21	0		
4741	9.4820	21	0		
4742	9.4840	21	0		
4743	9.4860	21	0		
4744	9.4880	21	0		
4745	9.4900	21	0		
4746	9.4920	21	0		
4747	9.4940	21	0		
4748	9.4960	21	0		
4749	9.4980	21	0		
4750	9.5000	20	-1		
4751	9.5020	20	-1		
4752	9.5040	20	-1		
4753	9.5060	20	-1		
4754	9.5080	20	-1		
4755	9.5100	20	-1		
4756	9.5120	20	-1		
4757	9.5140	20	-1		
4758	9.5160	20	-1		
4759	9.5180	20	-1		
4760	9.5200	20	-1		
4761	9.5220	20	-1		
4762	9.5240	20	-1		
4763	9.5260	20	-2		
4764	9.5280	20	-2		
4765	9.5300	20	-2		
4766	9.5320	20	-2		
4767	9.5340	20	-2		
4768	9.5360	20	-2		
4769	9.5380	20	-2		
4770	9.5400	19	-2		
4771	9.5420	19	-2		
4772	9.5440	19	-2		
4773	9.5460	19	-2		
4774	9.5480	19	-2		
4775	9.5500	19	-2		
4776	9.5520	19	-2		
4777	9.5540	19	-2		
4778	9.5560	19	-2		
4779	9.5580	19	-2		
4780	9.5600	19	-2		
4781	9.5620	18	-2		
4782	9.5640	18	-3		
4783	9.5660	18	-3		
4784	9.5680	18	-3		
4785	9.5700	18	-3		
4786	9.5720	18	-3		
4787	9.5740	18	-3		
4788	9.5760	18	-3		
4789	9.5780	18	-3		
4790	9.5800	18	-3		
4791	9.5820	18	-3		
4792	9.5840	18	-3		
4793	9.5860	18	-3		
4794	9.5880	18	-3		
4795	9.5900	18	-3		
4796	9.5920	18	-3		
4797	9.5940	18	-4		
4798	9.5960	18	-4		
4799	9.5980	18	-4		
4800	9.6000	18	-4		
4801	9.6020	18	-4		
4802	9.6040	18	-4		
4803	9.6060	17	-4		
4804	9.6080	17	-4		
4805	9.6100	17	-4		
4806	9.6120	17	-4		
4807	9.6140	17	-4		
4808	9.6160	17	-4		
4809	9.6180	17	-4		
4810	9.6200	17	-4		
4811	9.6220	17	-4		
4812	9.6240	17	-4		
4813	9.6260	17	-4		
4814	9.6280	17	-4		
4815	9.6300	17	-4		
4816	9.6320	17	-4		
4817	9.6340	16	-4		
4818	9.6360	16	-5		
4819	9.6380	16	-5		
4820	9.6400	16	-5		
4821	9.6420	16	-5		
4822	9.6440	16	-5		
4823	9.6460	16	-5		
4824	9.6480	16	-5		
4825	9.6500	16	-5		
4826	9.6520	16	-5		
4827	9.6540	16	-5		
4828	9.6560	16	-5		
4829	9.6580	16	-5		
4830	9.6600	16	-5		
4831	9.6620	16	-5		
4832	9.6640	16	-5		
4833	9.6660	16	-5		
4834	9.6680	16	-5		
4835	9.6700	16	-6		
4836	9.6720	16	-6		
4837	9.6740	16	-6		
4838	9.6760	16	-6		
4839	9.6780	16	-6		
4840	9.6800	16	-6		
4841	9.6820	16	-6		
4842	9.6840	16	-6		
4843	9.6860	16	-6		
4844	9.6880	16	-6		
4845	9.6900	16	-6		
4846	9.6920	16	-6		
4847	9.6940	16	-6		
4848	9.6960	15	-6		
4849	9.6980	15	-6		
4850	9.7000	15	-6		
4851	9.7020	15	-6		
4852	9.7040	15	-6		
4853	9.7060	15	-6		
4854	9.7080	15	-6		
4855	9.7100	15	-6		
4856	9.7120	15	-6		
4857	9.7140	15	-6		
4858	9.7160	15	-6		
4859	9.7180	15	-6		
4860	9.7200	15	-6		
4861	9.7220	15	-6		
4862	9.7240	15	-6		
4863	9.7260	15	-6		
4864	9.7280	15	-6		
4865	9.7300	15	-7		
4866	9.7320	15	-7		
4867	9.7340	15	-7		
4868	9.7360	15	-7		
4869	9.7380	15	-7		
4870	9.7400	15	-7		
4871	9.7420	14	-7		
4872	9.7440	14	-7		
4873	9.7460	14	-7		
4874	9.7480	14	-7		
4875	9.7500	14	-7		
4876	9.7520	14	-7		
4877	9.7540	14	-7		
4878	9.7560	14	-7		
4879	9.7580	14	-7		
4880	9.7600	14	-7		
4881	9.7620	14	-7		
4882	9.7640	14	-7		
4883	9.7660	14	-7		
4884	9.7680	14	-7		
4885	9.7700	14	-7		
4886	9.7720	14	-7		
4887	9.7740	14	-7		
4888	9.7760	14	-7		
4889	9.7780	14	-7		
4890	9.7800	14	-7		
4891	9.7820	14	-7		
4892	9.7840	14	-7		
4893	9.7860	14	-7		
4894	9.7880	14	-7		
4895	9.7900	14	-7		
4896	9.7920	14	-7		
4897	9.7940	14	-7		
4898	9.7960	14	-7		
4899	9.7980	14	-8		
4900	9.8000	14	-8		
4901	9.8020	14	-8		
4902	9.8040	14	-8		
4903	9.8060	14	-8		
4904	9.8080	14	-8		
4905	9.8100	14	-8		
4906	9.8120	14	-8		
4907	9.8140	14	-8		
4908	9.8160	14	-8		
4909	9.8180	14	-8		
4910	9.8200	14	-8		
4911	9.8220	14	-8		
4912	9.8240	14	-8		
4913	9.8260	14	-8		
4914	9.8280	14	-8		
4915	9.8300	14	-8		
4916	9.8320	14	-8		
4917	9.8340	14	-8		
4918	9.8360	14	-8		
4919	9.8380	14	-8		
4920	9.8400	14	-8		
4921	9.8420	14	-8		
4922	9.8440	14	-8		
4923	9.8460	14	-8		
4924	9.8480	14	-8		
4925	9.8500	14	-8		
4926	9.8520	14	-8		
4927	9.8540	14	-8		
4928	9.8560	14	-8		
4929	9.8580	14	-8		
4930	9.8600	14	-8		
4931	9.8620	14	-8		
4932	9.8640	14	-8		
4933	9.8660	14	-8		
4934	9.8680	14	-8		
4935	9.8700	14	-8		
4936	9.8720	14	-8		
4937	9.8740	14	-8		
4938	9.8760	14	-8		
4939	9.8780	14	-8		
4940	9.8800	14	-8		
4941	9.8820	14	-8		
4942	9.8840	14	-8		
4943	9.8860	14	-8		
4944	9.8880	14	-8		
4945	9.8900	14	-8		
4946	9.8920	14	-8		
4947	9.8940	14	-8		
4948	9.8960	14	-8		
4949	9.8980	14	-8		
4950	9.9000	14	-8		
4951	9.9020	14	-8		
4952	9.9040	14	-8		
4953	9.9060	14	-8		
4954	9.9080	14	-7		
4955	9.9100	15	-7		
4956	9.9120	15	-7		
4957	9.9140	15	-7		
4958	9.9160	15	-7		
4959	9.9180	15	-7		
4960	9.9200	15	-7		
4961	9.9220	15	-7		
4962	9.9240	15	-7		
4963	9.9260	15	-7		
4964	9.9280	15	-7		
4965	9.9300	15	-7		
4966	9.9320	15	-7		
4967	9.9340	15	-7		
4968	9.9360	15	-7		
4969	9.9380	15	-7		
4970	9.9400	15	-7		
4971	9.9420	15	-7		
4972	9.9440	15	-7		
4973	9.9460	15	-7		
4974	9.9480	15	-7		
4975	9.9500	15	-7		
4976	9.9520	15	-7		
4977	9.9540	15	-7		
4978	9.9560	16	-7		
4979	9.9580	16	-7		
4980	9.9600	16	-7		
4981	9.9620	16	-7		
4982	9.9640	16	-7		
4983	9.9660	16	-7		
4984	9.9680	16	-7		
4985	9.9700	16	-7		
4986	9.9720	16	-7		
4987	9.9740	16	-6		
4988	9.9760	16	-6		
4989	9.9780	16	-6		
4990	9.9800	16	-6		
4991	9.9820	16	-6		
4992	9.9840	16	-6		
4993	9.9860	16	-6		
4994	9.9880	16	-6		
4995	9.9900	16	-6		
4996	9.9920	16	-6		
4997	9.9940	16	-6		
4998	9.9960	16	-6		
4999	9.9980	16	-6		
5000	10.0000	16	-6		
