#	time(s)	count A	count B	count C	count D
1	0.0020	16	-9		
2	0.0040	16	-9		
3	0.0060	16	-9		
4	0.0080	16	-9		
5	0.0100	16	-9		
6	0.0120	16	-10		
7	0.0140	16	-10		
8	0.0160	16	-10		
9	0.0180	16	-10		
10	0.0200	15	-10		
11	0.0220	15	-10		
12	0.0240	15	-10		
13	0.0260	15	-10		
14	0.0280	15	-10		
15	0.0300	15	-10		
16	0.0320	15	-10		
17	0.0340	15	-10		
18	0.0360	15	-10		
19	0.0380	15	-10		
20	0.0400	15	-10		
21	0.0420	15	-10		
22	0.0440	15	-10		
23	0.0460	15	-11		
24	0.0480	15	-11		
25	0.0500	15	-11		
26	0.0520	15	-11		
27	0.0540	15	-11		
28	0.0560	15	-11		
29	0.0580	14	-11		
30	0.0600	14	-11		
31	0.0620	14	-11		
32	0.0640	14	-11		
33	0.0660	14	-11		
34	0.0680	14	-11		
35	0.0700	14	-11		
36	0.0720	14	-11		
37	0.0740	14	-11		
38	0.0760	14	-11		
39	0.0780	14	-12		
40	0.0800	14	-12		
41	0.0820	14	-12		
42	0.0840	14	-12		
43	0.0860	14	-12		
44	0.0880	14	-12		
45	0.0900	14	-12		
46	0.0920	14	-12		
47	0.0940	14	-12		
48	0.0960	14	-12		
49	0.0980	14	-12		
50	0.1000	14	-12		
51	0.1020	14	-12		
52	0.1040	14	-12		
53	0.1060	14	-12		
54	0.1080	14	-12		
55	0.1100	14	-12		
56	0.1120	14	-12		
57	0.1140	14	-12		
58	0.1160	14	-12		
59	0.1180	14	-12		
60	0.1200	14	-12		
61	0.1220	14	-12		
62	0.1240	14	-12		
63	0.1260	14	-12		
64	0.1280	14	-12		
65	0.1300	14	-12		
66	0.1320	14	-12		
67	0.1340	14	-12		
68	0.1360	14	-12		
69	0.1380	14	-12		
70	0.1400	14	-12		
71	0.1420	14	-12		
72	0.1440	14	-12		
73	0.1460	14	-12		
74	0.1480	14	-12		
75	0.1500	14	-12		
76	0.1520	14	-12		
77	0.1540	14	-12		
78	0.1560	14	-12		
79	0.1580	14	-12		
80	0.1600	14	-12		
81	0.1620	14	-12		
82	0.1640	14	-12		
83	0.1660	14	-12		
84	0.1680	14	-12		
85	0.1700	14	-12		
86	0.1720	14	-12		
87	0.1740	14	-12		
88	0.1760	14	-12		
89	0.1780	14	-12		
90	0.1800	14	-12		
91	0.1820	14	-12		
92	0.1840	14	-12		
93	0.1860	14	-12		
94	0.1880	14	-12		
95	0.1900	14	-12		
96	0.1920	14	-12		
97	0.1940	14	-12		
98	0.1960	14	-12		
99	0.1980	14	-12		
100	0.2000	14	-12		
101	0.2020	14	-12		
102	0.2040	14	-12		
103	0.2060	14	-12		
104	0.2080	15	-12		
105	0.2100	15	-12		
106	0.2120	15	-12		
107	0.2140	15	-12		
108	0.2160	15	-12		
109	0.2180	15	-11		
110	0.2200	15	-11		
111	0.2220	15	-11		
112	0.2240	15	-11		
113	0.2260	15	-11		
114	0.2280	15	-11		
115	0.2300	15	-11		
116	0.2320	15	-11		
117	0.2340	15	-11		
118	0.2360	15	-11		
119	0.2380	15	-11		
120	0.2400	15	-11		
121	0.2420	15	-11		
122	0.2440	15	-11		
123	0.2460	16	-11		
124	0.2480	16	-11		
125	0.2500	16	-10		
126	0.2520	16	-10		
127	0.2540	16	-10		
128	0.2560	16	-10		
129	0.2580	16	-10		
130	0.2600	16	-10		
131	0.2620	16	-10		
132	0.2640	16	-10		
133	0.2660	16	-10		
134	0.2680	16	-10		
135	0.2700	16	-10		
136	0.2720	16	-10		
137	0.2740	16	-10		
138	0.2760	16	-10		
139	0.2780	16	-10		
140	0.2800	16	-10		
141	0.2820	16	-10		
142	0.2840	16	-9		
143	0.2860	16	-9		
144	0.2880	16	-9		
145	0.2900	16	-9		
146	0.2920	16	-9		
147	0.2940	16	-9		
148	0.2960	16	-9		
149	0.2980	17	-9		
150	0.3000	17	-9		
151	0.3020	17	-9		
152	0.3040	17	-8		
153	0.3060	17	-8		
154	0.3080	17	-8		
155	0.3100	17	-8		
156	0.3120	17	-8		
157	0.3140	17	-8		
158	0.3160	17	-8		
159	0.3180	17	-8		
160	0.3200	18	-8		
161	0.3220	18	-8		
162	0.3240	18	-8		
163	0.3260	18	-8		
164	0.3280	18	-8		
165	0.3300	18	-7		
166	0.3320	18	-7		
167	0.3340	18	-7		
168	0.3360	18	-7		
169	0.3380	18	-7		
170	0.3400	18	-7		
171	0.3420	18	-7		
172	0.3440	18	-7		
173	0.3460	18	-6		
174	0.3480	18	-6		
175	0.3500	18	-6		
176	0.3520	18	-6		
177	0.3540	18	-6		
178	0.3560	18	-6		
179	0.3580	19	-6		
180	0.3600	19	-6		
181	0.3620	19	-6		
182	0.3640	19	-6		
183	0.3660	19	-6		
184	0.3680	19	-5		
185	0.3700	19	-5		
186	0.3720	19	-5		
187	0.3740	19	-5		
188	0.3760	19	-5		
189	0.3780	20	-5		
190	0.3800	20	-5		
191	0.3820	20	-4		
192	0.3840	20	-4		
193	0.3860	20	-4		
194	0.3880	20	-4		
195	0.3900	20	-4		
196	0.3920	20	-4		
197	0.3940	20	-4		
198	0.3960	20	-4		
199	0.3980	20	-4		
200	0.4000	20	-4		
201	0.4020	20	-3		
202	0.4040	20	-3		
203	0.4060	20	-3		
204	0.4080	20	-3		
205	0.4100	20	-3		
206	0.4120	21	-3		
207	0.4140	21	-3		
208	0.4160	21	-2		
209	0.4180	21	-2		
210	0.4200	21	-2		
211	0.4220	21	-2		
212	0.4240	21	-2		
213	0.4260	21	-2		
214	0.4280	21	-2		
215	0.4300	22	-2		
216	0.4320	22	-2		
217	0.4340	22	-2		
218	0.4360	22	-1		
219	0.4380	22	-1		
220	0.4400	22	-1		
221	0.4420	22	-1		
222	0.4440	22	-1		
223	0.4460	22	-1		
224	0.4480	22	-1		
225	0.4500	22	0		
226	0.4520	22	0		
227	0.4540	22	0		
228	0.4560	22	0		
229	0.4580	22	0		
230	0.4600	22	0		
231	0.4620	22	0		
232	0.4640	23	0		
233	0.4660	23	0		
234	0.4680	23	0		
235	0.4700	23	1		
236	0.4720	23	1		
237	0.4740	23	1		
238	0.4760	23	1		
239	0.4780	23	1		
240	0.4800	23	1		
241	0.4820	24	1		
242	0.4840	24	2		
243	0.4860	24	2		
244	0.4880	24	2		
245	0.4900	24	2		
246	0.4920	24	2		
247	0.4940	24	2		
248	0.4960	24	2		
249	0.4980	24	2		
250	0.5000	24	2		
251	0.5020	24	3		
252	0.5040	24	3		
253	0.5060	24	3		
254	0.5080	24	3		
255	0.5100	24	3		
256	0.5120	24	3		
257	0.5140	24	3		
258	0.5160	25	4		
259	0.5180	25	4		
260	0.5200	25	4		
261	0.5220	25	4		
262	0.5240	25	4		
263	0.5260	25	4		
264	0.5280	25	4		
265	0.5300	25	4		
266	0.5320	25	4		
267	0.5340	25	4		
268	0.5360	26	4		
269	0.5380	26	5		
270	0.5400	26	5		
271	0.5420	26	5		
272	0.5440	26	5		
273	0.5460	26	5		
274	0.5480	26	5		
275	0.5500	26	5		
276	0.5520	26	6		
277	0.5540	26	6		
278	0.5560	26	6		
279	0.5580	26	6		
280	0.5600	26	6		
281	0.5620	26	6		
282	0.5640	26	6		
283	0.5660	26	6		
284	0.5680	26	6		
285	0.5700	26	6		
286	0.5720	26	6		
287	0.5740	26	6		
288	0.5760	26	7		
289	0.5780	26	7		
290	0.5800	26	7		
291	0.5820	26	7		
292	0.5840	26	7		
293	0.5860	26	7		
294	0.5880	26	7		
295	0.5900	26	7		
296	0.5920	26	8		
297	0.5940	26	8		
298	0.5960	26	8		
299	0.5980	26	8		
300	0.6000	26	8		
301	0.6020	26	8		
302	0.6040	26	8		
303	0.6060	26	8		
304	0.6080	26	8		
305	0.6100	26	8		
306	0.6120	27	8		
307	0.6140	27	8		
308	0.6160	27	8		
309	0.6180	27	9		
310	0.6200	27	9		
311	0.6220	27	9		
312	0.6240	27	9		
313	0.6260	27	9		
314	0.6280	27	9		
315	0.6300	27	9		
316	0.6320	27	9		
317	0.6340	27	9		
318	0.6360	27	9		
319	0.6380	27	9		
320	0.6400	27	10		
321	0.6420	27	10		
322	0.6440	28	10		
323	0.6460	28	10		
324	0.6480	28	10		
325	0.6500	28	10		
326	0.6520	28	10		
327	0.6540	28	10		
328	0.6560	28	10		
329	0.6580	28	10		
330	0.6600	28	10		
331	0.6620	27	10		
332	0.6640	27	10		
333	0.6660	27	10		
334	0.6680	27	10		
335	0.6700	27	10		
336	0.6720	27	10		
337	0.6740	27	10		
338	0.6760	27	10		
339	0.6780	27	10		
340	0.6800	27	11		
341	0.6820	27	11		
342	0.6840	27	11		
343	0.6860	27	11		
344	0.6880	27	11		
345	0.6900	27	11		
346	0.6920	27	11		
347	0.6940	27	11		
348	0.6960	27	11		
349	0.6980	27	11		
350	0.7000	27	11		
351	0.7020	27	11		
352	0.7040	27	11		
353	0.7060	27	11		
354	0.7080	27	11		
355	0.7100	27	11		
356	0.7120	27	11		
357	0.7140	27	11		
358	0.7160	27	11		
359	0.7180	27	11		
360	0.7200	27	11		
361	0.7220	27	12		
362	0.7240	27	12		
363	0.7260	27	12		
364	0.7280	27	12		
365	0.7300	27	12		
366	0.7320	27	12		
367	0.7340	28	12		
368	0.7360	28	12		
369	0.7380	28	12		
370	0.7400	28	12		
371	0.7420	28	12		
372	0.7440	28	12		
373	0.7460	28	12		
374	0.7480	28	12		
375	0.7500	28	12		
376	0.7520	28	12		
377	0.7540	28	12		
378	0.7560	28	12		
379	0.7580	28	12		
380	0.7600	28	12		
381	0.7620	28	12		
382	0.7640	27	12		
383	0.7660	27	12		
384	0.7680	27	12		
385	0.7700	27	12		
386	0.7720	27	12		
387	0.7740	27	12		
388	0.7760	27	12		
389	0.7780	27	12		
390	0.7800	27	12		
391	0.7820	27	12		
392	0.7840	27	12		
393	0.7860	27	12		
394	0.7880	27	12		
395	0.7900	27	12		
396	0.7920	27	12		
397	0.7940	27	12		
398	0.7960	27	12		
399	0.7980	27	12		
400	0.8000	27	12		
401	0.8020	27	12		
402	0.8040	27	12		
403	0.8060	27	12		
404	0.8080	27	12		
405	0.8100	27	11		
406	0.8120	27	11		
407	0.8140	27	11		
408	0.8160	27	11		
409	0.8180	27	11		
410	0.8200	27	11		
411	0.8220	27	11		
412	0.8240	27	11		
413	0.8260	27	11		
414	0.8280	28	11		
415	0.8300	28	11		
416	0.8320	28	11		
417	0.8340	28	11		
418	0.8360	28	11		
419	0.8380	28	11		
420	0.8400	28	11		
421	0.8420	28	11		
422	0.8440	27	11		
423	0.8460	27	11		
424	0.8480	27	11		
425	0.8500	27	11		
426	0.8520	27	10		
427	0.8540	27	10		
428	0.8560	27	10		
429	0.8580	27	10		
430	0.8600	27	10		
431	0.8620	27	10		
432	0.8640	27	10		
433	0.8660	27	10		
434	0.8680	27	10		
435	0.8700	27	10		
436	0.8720	27	10		
437	0.8740	27	10		
438	0.8760	26	10		
439	0.8780	26	10		
440	0.8800	26	10		
441	0.8820	26	10		
442	0.8840	26	10		
443	0.8860	26	10		
444	0.8880	26	10		
445	0.8900	26	9		
446	0.8920	26	9		
447	0.8940	26	9		
448	0.8960	26	9		
449	0.8980	26	9		
450	0.9000	26	9		
451	0.9020	26	9		
452	0.9040	26	9		
453	0.9060	26	9		
454	0.9080	26	9		
455	0.9100	26	9		
456	0.9120	26	8		
457	0.9140	26	8		
458	0.9160	26	8		
459	0.9180	26	8		
460	0.9200	26	8		
461	0.9220	26	8		
462	0.9240	26	8		
463	0.9260	26	8		
464	0.9280	26	8		
465	0.9300	26	8		
466	0.9320	26	8		
467	0.9340	26	8		
468	0.9360	26	8		
469	0.9380	26	7		
470	0.9400	26	7		
471	0.9420	26	7		
472	0.9440	26	7		
473	0.9460	26	7		
474	0.9480	26	7		
475	0.9500	26	7		
476	0.9520	25	7		
477	0.9540	25	7		
478	0.9560	25	6		
479	0.9580	25	6		
480	0.9600	25	6		
481	0.9620	25	6		
482	0.9640	25	6		
483	0.9660	25	6		
484	0.9680	25	6		
485	0.9700	25	6		
486	0.9720	24	6		
487	0.9740	24	6		
488	0.9760	24	6		
489	0.9780	24	6		
490	0.9800	24	5		
491	0.9820	24	5		
492	0.9840	24	5		
493	0.9860	24	5		
494	0.9880	24	5		
495	0.9900	24	5		
496	0.9920	24	5		
497	0.9940	24	4		
498	0.9960	24	4		
499	0.9980	24	4		
500	1.0000	24	4		
501	1.0020	24	4		
502	1.0040	24	4		
503	1.0060	23	4		
504	1.0080	23	4		
505	1.0100	23	4		
506	1.0120	23	4		
507	1.0140	23	3		
508	1.0160	23	3		
509	1.0180	23	3		
510	1.0200	23	3		
511	1.0220	23	3		
512	1.0240	22	3		
513	1.0260	22	3		
514	1.0280	22	2		
515	1.0300	22	2		
516	1.0320	22	2		
517	1.0340	22	2		
518	1.0360	22	2		
519	1.0380	22	2		
520	1.0400	22	2		
521	1.0420	22	2		
522	1.0440	22	2		
523	1.0460	22	2		
524	1.0480	22	1		
525	1.0500	22	1		
526	1.0520	22	1		
527	1.0540	22	1		
528	1.0560	22	1		
529	1.0580	21	1		
530	1.0600	21	1		
531	1.0620	21	0		
532	1.0640	21	0		
533	1.0660	21	0		
534	1.0680	21	0		
535	1.0700	21	0		
536	1.0720	21	0		
537	1.0740	21	0		
538	1.0760	20	0		
539	1.0780	20	0		
540	1.0800	20	0		
541	1.0820	20	-1		
542	1.0840	20	-1		
543	1.0860	20	-1		
544	1.0880	20	-1		
545	1.0900	20	-1		
546	1.0920	20	-1		
547	1.0940	20	-1		
548	1.0960	20	-2		
549	1.0980	20	-2		
550	1.1000	20	-2		
551	1.1020	20	-2		
552	1.1040	20	-2		
553	1.1060	20	-2		
554	1.1080	20	-2		
555	1.1100	19	-2		
556	1.1120	19	-2		
557	1.1140	19	-3		
558	1.1160	19	-3		
559	1.1180	19	-3		
560	1.1200	19	-3		
561	1.1220	19	-3		
562	1.1240	19	-3		
563	1.1260	19	-3		
564	1.1280	18	-3		
565	1.1300	18	-4		
566	1.1320	18	-4		
567	1.1340	18	-4		
568	1.1360	18	-4		
569	1.1380	18	-4		
570	1.1400	18	-4		
571	1.1420	18	-4		
572	1.1440	18	-4		
573	1.1460	18	-4		
574	1.1480	18	-4		
575	1.1500	18	-5		
576	1.1520	18	-5		
577	1.1540	18	-5		
578	1.1560	18	-5		
579	1.1580	18	-5		
580	1.1600	18	-5		
581	1.1620	18	-5		
582	1.1640	18	-5		
583	1.1660	18	-6		
584	1.1680	17	-6		
585	1.1700	17	-6		
586	1.1720	17	-6		
587	1.1740	17	-6		
588	1.1760	17	-6		
589	1.1780	17	-6		
590	1.1800	17	-6		
591	1.1820	17	-6		
592	1.1840	17	-6		
593	1.1860	17	-6		
594	1.1880	17	-7		
595	1.1900	16	-7		
596	1.1920	16	-7		
597	1.1940	16	-7		
598	1.1960	16	-7		
599	1.1980	16	-7		
600	1.2000	16	-7		
601	1.2020	16	-7		
602	1.2040	16	-8		
603	1.2060	16	-8		
604	1.2080	16	-8		
605	1.2100	16	-8		
606	1.2120	16	-8		
607	1.2140	16	-8		
608	1.2160	16	-8		
609	1.2180	16	-8		
610	1.2200	16	-8		
611	1.2220	16	-8		
612	1.2240	16	-8		
613	1.2260	16	-8		
614	1.2280	16	-8		
615	1.2300	16	-9		
616	1.2320	16	-9		
617	1.2340	16	-9		
618	1.2360	16	-9		
619	1.2380	16	-9		
620	1.2400	16	-9		
621	1.2420	15	-9		
622	1.2440	15	-9		
623	1.2460	15	-9		
624	1.2480	15	-9		
625	1.2500	15	-10		
626	1.2520	15	-10		
627	1.2540	15	-10		
628	1.2560	15	-10		
629	1.2580	15	-10		
630	1.2600	15	-10		
631	1.2620	15	-10		
632	1.2640	15	-10		
633	1.2660	15	-10		
634	1.2680	15	-10		
635	1.2700	15	-10		
636	1.2720	15	-10		
637	1.2740	15	-10		
638	1.2760	15	-10		
639	1.2780	15	-10		
640	1.2800	14	-10		
641	1.2820	14	-10		
642	1.2840	14	-10		
643	1.2860	14	-11		
644	1.2880	14	-11		
645	1.2900	14	-11		
646	1.2920	14	-11		
647	1.2940	14	-11		
648	1.2960	14	-11		
649	1.2980	14	-11		
650	1.3000	14	-11		
651	1.3020	14	-11		
652	1.3040	14	-11		
653	1.3060	14	-11		
654	1.3080	14	-11		
655	1.3100	14	-11		
656	1.3120	14	-11		
657	1.3140	14	-11		
658	1.3160	14	-11		
659	1.3180	14	-11		
660	1.3200	14	-12		
661	1.3220	14	-12		
662	1.3240	14	-12		
663	1.3260	14	-12		
664	1.3280	14	-12		
665	1.3300	14	-12		
666	1.3320	14	-12		
667	1.3340	14	-12		
668	1.3360	14	-12		
669	1.3380	14	-12		
670	1.3400	14	-12		
671	1.3420	14	-12		
672	1.3440	14	-12		
673	1.3460	14	-12		
674	1.3480	14	-12		
675	1.3500	14	-12		
676	1.3520	14	-12		
677	1.3540	14	-12		
678	1.3560	14	-12		
679	1.3580	14	-12		
680	1.3600	14	-12		
681	1.3620	14	-12		
682	1.3640	14	-12		
683	1.3660	14	-12		
684	1.3680	14	-12		
685	1.3700	14	-12		
686	1.3720	14	-12		
687	1.3740	14	-12		
688	1.3760	14	-12		
689	1.3780	14	-12		
690	1.3800	14	-12		
691	1.3820	14	-12		
692	1.3840	14	-12		
693	1.3860	14	-12		
694	1.3880	14	-12		
695	1.3900	14	-12		
696	1.3920	14	-12		
697	1.3940	14	-12		
698	1.3960	14	-12		
699	1.3980	14	-12		
700	1.4000	14	-12		
701	1.4020	14	-12		
702	1.4040	14	-12		
703	1.4060	14	-12		
704	1.4080	14	-12		
705	1.4100	14	-12		
706	1.4120	14	-12		
707	1.4140	14	-12		
708	1.4160	14	-12		
709	1.4180	14	-12		
710	1.4200	14	-12		
711	1.4220	14	-12		
712	1.4240	14	-12		
713	1.4260	14	-12		
714	1.4280	15	-12		
715	1.4300	15	-12		
716	1.4320	15	-12		
717	1.4340	15	-12		
718	1.4360	15	-12		
719	1.4380	15	-12		
720	1.4400	15	-12		
721	1.4420	15	-12		
722	1.4440	15	-12		
723	1.4460	15	-12		
724	1.4480	15	-11		
725	1.4500	15	-11		
726	1.4520	15	-11		
727	1.4540	15	-11		
728	1.4560	15	-11		
729	1.4580	15	-11		
730	1.4600	15	-11		
731	1.4620	15	-11		
732	1.4640	15	-11		
733	1.4660	16	-11		
734	1.4680	16	-11		
735	1.4700	16	-11		
736	1.4720	16	-11		
737	1.4740	16	-11		
738	1.4760	16	-11		
739	1.4780	16	-11		
740	1.4800	16	-10		
741	1.4820	16	-10		
742	1.4840	16	-10		
743	1.4860	16	-10		
744	1.4880	16	-10		
745	1.4900	16	-10		
746	1.4920	16	-10		
747	1.4940	16	-10		
748	1.4960	16	-10		
749	1.4980	16	-10		
750	1.5000	16	-10		
751	1.5020	16	-10		
752	1.5040	16	-10		
753	1.5060	16	-10		
754	1.5080	16	-10		
755	1.5100	16	-10		
756	1.5120	16	-10		
757	1.5140	16	-10		
758	1.5160	16	-9		
759	1.5180	17	-9		
760	1.5200	17	-9		
761	1.5220	17	-9		
762	1.5240	17	-9		
763	1.5260	17	-9		
764	1.5280	17	-9		
765	1.5300	17	-9		
766	1.5320	17	-9		
767	1.5340	17	-9		
768	1.5360	17	-8		
769	1.5380	17	-8		
770	1.5400	18	-8		
771	1.5420	18	-8		
772	1.5440	18	-8		
773	1.5460	18	-8		
774	1.5480	18	-8		
775	1.5500	18	-8		
776	1.5520	18	-8		
777	1.5540	18	-8		
778	1.5560	18	-8		
779	1.5580	18	-8		
780	1.5600	18	-8		
781	1.5620	18	-7		
782	1.5640	18	-7		
783	1.5660	18	-7		
784	1.5680	18	-7		
785	1.5700	18	-7		
786	1.5720	18	-7		
787	1.5740	18	-7		
788	1.5760	18	-7		
789	1.5780	18	-6		
790	1.5800	19	-6		
791	1.5820	19	-6		
792	1.5840	19	-6		
793	1.5860	19	-6		
794	1.5880	19	-6		
795	1.5900	19	-6		
796	1.5920	19	-6		
797	1.5940	19	-6		
798	1.5960	19	-6		
799	1.5980	19	-6		
800	1.6000	20	-5		
801	1.6020	20	-5		
802	1.6040	20	-5		
803	1.6060	20	-5		
804	1.6080	20	-5		
805	1.6100	20	-5		
806	1.6120	20	-5		
807	1.6140	20	-4		
808	1.6160	20	-4		
809	1.6180	20	-4		
810	1.6200	20	-4		
811	1.6220	20	-4		
812	1.6240	20	-4		
813	1.6260	20	-4		
814	1.6280	20	-4		
815	1.6300	20	-4		
816	1.6320	20	-4		
817	1.6340	21	-4		
818	1.6360	21	-3		
819	1.6380	21	-3		
820	1.6400	21	-3		
821	1.6420	21	-3		
822	1.6440	21	-3		
823	1.6460	21	-3		
824	1.6480	21	-3		
825	1.6500	21	-2		
826	1.6520	22	-2		
827	1.6540	22	-2		
828	1.6560	22	-2		
829	1.6580	22	-2		
830	1.6600	22	-2		
831	1.6620	22	-2		
832	1.6640	22	-2		
833	1.6660	22	-2		
834	1.6680	22	-2		
835	1.6700	22	-1		
836	1.6720	22	-1		
837	1.6740	22	-1		
838	1.6760	22	-1		
839	1.6780	22	-1		
840	1.6800	22	-1		
841	1.6820	22	-1		
842	1.6840	23	0		
843	1.6860	23	0		
844	1.6880	23	0		
845	1.6900	23	0		
846	1.6920	23	0		
847	1.6940	23	0		
848	1.6960	23	0		
849	1.6980	23	0		
850	1.7000	23	0		
851	1.7020	24	1		
852	1.7040	24	1		
853	1.7060	24	1		
854	1.7080	24	1		
855	1.7100	24	1		
856	1.7120	24	1		
857	1.7140	24	1		
858	1.7160	24	2		
859	1.7180	24	2		
860	1.7200	24	2		
861	1.7220	24	2		
862	1.7240	24	2		
863	1.7260	24	2		
864	1.7280	24	2		
865	1.7300	24	2		
866	1.7320	24	2		
867	1.7340	24	2		
868	1.7360	24	3		
869	1.7380	25	3		
870	1.7400	25	3		
871	1.7420	25	3		
872	1.7440	25	3		
873	1.7460	25	3		
874	1.7480	25	3		
875	1.7500	25	4		
876	1.7520	25	4		
877	1.7540	25	4		
878	1.7560	25	4		
879	1.7580	26	4		
880	1.7600	26	4		
881	1.7620	26	4		
882	1.7640	26	4		
883	1.7660	26	4		
884	1.7680	26	4		
885	1.7700	26	5		
886	1.7720	26	5		
887	1.7740	26	5		
888	1.7760	26	5		
889	1.7780	26	5		
890	1.7800	26	5		
891	1.7820	26	5		
892	1.7840	26	6		
893	1.7860	26	6		
894	1.7880	26	6		
895	1.7900	26	6		
896	1.7920	26	6		
897	1.7940	26	6		
898	1.7960	26	6		
899	1.7980	26	6		
900	1.8000	26	6		
901	1.8020	26	6		
902	1.8040	26	6		
903	1.8060	26	7		
904	1.8080	26	7		
905	1.8100	26	7		
906	1.8120	26	7		
907	1.8140	26	7		
908	1.8160	26	7		
909	1.8180	26	7		
910	1.8200	26	7		
911	1.8220	26	8		
912	1.8240	26	8		
913	1.8260	26	8		
914	1.8280	26	8		
915	1.8300	26	8		
916	1.8320	26	8		
917	1.8340	27	8		
918	1.8360	27	8		
919	1.8380	27	8		
920	1.8400	27	8		
921	1.8420	27	8		
922	1.8440	27	8		
923	1.8460	27	8		
924	1.8480	27	9		
925	1.8500	27	9		
926	1.8520	27	9		
927	1.8540	27	9		
928	1.8560	27	9		
929	1.8580	27	9		
930	1.8600	27	9		
931	1.8620	27	9		
932	1.8640	27	9		
933	1.8660	28	9		
934	1.8680	28	10		
935	1.8700	28	10		
936	1.8720	28	10		
937	1.8740	28	10		
938	1.8760	28	10		
939	1.8780	28	10		
940	1.8800	28	10		
941	1.8820	28	10		
942	1.8840	27	10		
943	1.8860	27	10		
944	1.8880	27	10		
945	1.8900	27	10		
946	1.8920	27	10		
947	1.8940	27	10		
948	1.8960	27	10		
949	1.8980	27	10		
950	1.9000	27	10		
951	1.9020	27	10		
952	1.9040	27	11		
953	1.9060	27	11		
954	1.9080	27	11		
955	1.9100	27	11		
956	1.9120	27	11		
957	1.9140	27	11		
958	1.9160	27	11		
959	1.9180	27	11		
960	1.9200	27	11		
961	1.9220	27	11		
962	1.9240	27	11		
963	1.9260	27	11		
964	1.9280	27	11		
965	1.9300	27	11		
966	1.9320	27	11		
967	1.9340	27	11		
968	1.9360	27	11		
969	1.9380	27	11		
970	1.9400	27	12		
971	1.9420	27	12		
972	1.9440	27	12		
973	1.9460	27	12		
974	1.9480	27	12		
975	1.9500	27	12		
976	1.9520	27	12		
977	1.9540	27	12		
978	1.9560	27	12		
979	1.9580	27	12		
980	1.9600	27	12		
981	1.9620	27	12		
982	1.9640	27	12		
983	1.9660	27	12		
984	1.9680	27	12		
985	1.9700	28	12		
986	1.9720	28	12		
987	1.9740	28	12		
988	1.9760	28	12		
989	1.9780	28	12		
990	1.9800	28	12		
991	1.9820	28	12		
992	1.9840	27	12		
993	1.9860	27	12		
994	1.9880	27	12		
995	1.9900	27	12		
996	1.9920	27	12		
997	1.9940	27	12		
998	1.9960	27	12		
999	1.9980	27	12		
1000	2.0000	27	12		
1001	2.0020	27	12		
1002	2.0040	27	12		
1003	2.0060	27	12		
1004	2.0080	27	12		
1005	2.0100	27	12		
1006	2.0120	27	12		
1007	2.0140	27	12		
1008	2.0160	27	12		
1009	2.0180	27	12		
1010	2.0200	27	12		
1011	2.0220	27	12		
1012	2.0240	27	12		
1013	2.0260	27	12		
1014	2.0280	27	12		
1015	2.0300	27	12		
1016	2.0320	27	12		
1017	2.0340	27	12		
1018	2.0360	27	12		
1019	2.0380	27	12		
1020	2.0400	27	12		
1021	2.0420	27	12		
1022	2.0440	27	12		
1023	2.0460	27	12		
1024	2.0480	27	12		
1025	2.0500	28	12		
1026	2.0520	28	12		
1027	2.0540	28	12		
1028	2.0560	28	12		
1029	2.0580	28	12		
1030	2.0600	28	11		
1031	2.0620	28	11		
1032	2.0640	28	11		
1033	2.0660	27	11		
1034	2.0680	27	11		
1035	2.0700	27	11		
1036	2.0720	27	11		
1037	2.0740	27	11		
1038	2.0760	27	11		
1039	2.0780	27	11		
1040	2.0800	27	11		
1041	2.0820	27	11		
1042	2.0840	27	11		
1043	2.0860	27	11		
1044	2.0880	27	11		
1045	2.0900	27	11		
1046	2.0920	27	11		
1047	2.0940	27	10		
1048	2.0960	27	10		
1049	2.0980	26	10		
1050	2.1000	26	10		
1051	2.1020	26	10		
1052	2.1040	26	10		
1053	2.1060	26	10		
1054	2.1080	26	10		
1055	2.1100	26	10		
1056	2.1120	26	10		
1057	2.1140	26	10		
1058	2.1160	26	10		
1059	2.1180	26	10		
1060	2.1200	26	10		
1061	2.1220	26	10		
1062	2.1240	26	10		
1063	2.1260	26	10		
1064	2.1280	26	9		
1065	2.1300	26	9		
1066	2.1320	26	9		
1067	2.1340	26	9		
1068	2.1360	26	9		
1069	2.1380	26	9		
1070	2.1400	26	9		
1071	2.1420	26	9		
1072	2.1440	26	9		
1073	2.1460	26	9		
1074	2.1480	26	9		
1075	2.1500	26	8		
1076	2.1520	26	8		
1077	2.1540	26	8		
1078	2.1560	26	8		
1079	2.1580	26	8		
1080	2.1600	26	8		
1081	2.1620	26	8		
1082	2.1640	26	8		
1083	2.1660	26	8		
1084	2.1680	26	8		
1085	2.1700	26	8		
1086	2.1720	26	8		
1087	2.1740	25	7		
1088	2.1760	25	7		
1089	2.1780	25	7		
1090	2.1800	25	7		
1091	2.1820	25	7		
1092	2.1840	25	7		
1093	2.1860	25	7		
1094	2.1880	25	7		
1095	2.1900	25	6		
1096	2.1920	25	6		
1097	2.1940	24	6		
1098	2.1960	24	6		
1099	2.1980	24	6		
1100	2.2000	24	6		
1101	2.2020	24	6		
1102	2.2040	24	6		
1103	2.2060	24	6		
1104	2.2080	24	6		
1105	2.2100	24	6		
1106	2.2120	24	5		
1107	2.2140	24	5		
1108	2.2160	24	5		
1109	2.2180	24	5		
1110	2.2200	24	5		
1111	2.2220	24	5		
1112	2.2240	24	5		
1113	2.2260	24	4		
1114	2.2280	23	4		
1115	2.2300	23	4		
1116	2.2320	23	4		
1117	2.2340	23	4		
1118	2.2360	23	4		
1119	2.2380	23	4		
1120	2.2400	23	4		
1121	2.2420	23	4		
1122	2.2440	23	4		
1123	2.2460	22	3		
1124	2.2480	22	3		
1125	2.2500	22	3		
1126	2.2520	22	3		
1127	2.2540	22	3		
1128	2.2560	22	3		
1129	2.2580	22	3		
1130	2.2600	22	2		
1131	2.2620	22	2		
1132	2.2640	22	2		
1133	2.2660	22	2		
1134	2.2680	22	2		
1135	2.2700	22	2		
1136	2.2720	22	2		
1137	2.2740	22	2		
1138	2.2760	22	2		
1139	2.2780	22	2		
1140	2.2800	21	1		
1141	2.2820	21	1		
1142	2.2840	21	1		
1143	2.2860	21	1		
1144	2.2880	21	1		
1145	2.2900	21	1		
1146	2.2920	21	0		
1147	2.2940	21	0		
1148	2.2960	21	0		
1149	2.2980	20	0		
1150	2.3000	20	0		
1151	2.3020	20	0		
1152	2.3040	20	0		
1153	2.3060	20	0		
1154	2.3080	20	0		
1155	2.3100	20	-1		
1156	2.3120	20	-1		
1157	2.3140	20	-1		
1158	2.3160	20	-1		
1159	2.3180	20	-1		
1160	2.3200	20	-1		
1161	2.3220	20	-1		
1162	2.3240	20	-2		
1163	2.3260	20	-2		
1164	2.3280	20	-2		
1165	2.3300	20	-2		
1166	2.3320	19	-2		
1167	2.3340	19	-2		
1168	2.3360	19	-2		
1169	2.3380	19	-2		
1170	2.3400	19	-2		
1171	2.3420	19	-3		
1172	2.3440	19	-3		
1173	2.3460	19	-3		
1174	2.3480	19	-3		
1175	2.3500	18	-3		
1176	2.3520	18	-3		
1177	2.3540	18	-3		
1178	2.3560	18	-4		
1179	2.3580	18	-4		
1180	2.3600	18	-4		
1181	2.3620	18	-4		
1182	2.3640	18	-4		
1183	2.3660	18	-4		
1184	2.3680	18	-4		
1185	2.3700	18	-4		
1186	2.3720	18	-4		
1187	2.3740	18	-4		
1188	2.3760	18	-5		
1189	2.3780	18	-5		
1190	2.3800	18	-5		
1191	2.3820	18	-5		
1192	2.3840	18	-5		
1193	2.3860	18	-5		
1194	2.3880	18	-5		
1195	2.3900	17	-6		
1196	2.3920	17	-6		
1197	2.3940	17	-6		
1198	2.3960	17	-6		
1199	2.3980	17	-6		
1200	2.4000	17	-6		
1201	2.4020	17	-6		
1202	2.4040	17	-6		
1203	2.4060	17	-6		
1204	2.4080	17	-6		
1205	2.4100	16	-7		
1206	2.4120	16	-7		
1207	2.4140	16	-7		
1208	2.4160	16	-7		
1209	2.4180	16	-7		
1210	2.4200	16	-7		
1211	2.4220	16	-7		
1212	2.4240	16	-7		
1213	2.4260	16	-8		
1214	2.4280	16	-8		
1215	2.4300	16	-8		
1216	2.4320	16	-8		
1217	2.4340	16	-8		
1218	2.4360	16	-8		
1219	2.4380	16	-8		
1220	2.4400	16	-8		
1221	2.4420	16	-8		
1222	2.4440	16	-8		
1223	2.4460	16	-8		
1224	2.4480	16	-8		
1225	2.4500	16	-9		
1226	2.4520	16	-9		
1227	2.4540	16	-9		
1228	2.4560	16	-9		
1229	2.4580	16	-9		
1230	2.4600	16	-9		
1231	2.4620	16	-9		
1232	2.4640	15	-9		
1233	2.4660	15	-9		
1234	2.4680	15	-10		
1235	2.4700	15	-10		
1236	2.4720	15	-10		
1237	2.4740	15	-10		
1238	2.4760	15	-10		
1239	2.4780	15	-10		
1240	2.4800	15	-10		
1241	2.4820	15	-10		
1242	2.4840	15	-10		
1243	2.4860	15	-10		
1244	2.4880	15	-10		
1245	2.4900	15	-10		
1246	2.4920	15	-10		
1247	2.4940	15	-10		
1248	2.4960	15	-10		
1249	2.4980	15	-10		
1250	2.5000	15	-11		
1251	2.5020	14	-11		
1252	2.5040	14	-11		
1253	2.5060	14	-11		
1254	2.5080	14	-11		
1255	2.5100	14	-11		
1256	2.5120	14	-11		
1257	2.5140	14	-11		
1258	2.5160	14	-11		
1259	2.5180	14	-11		
1260	2.5200	14	-11		
1261	2.5220	14	-11		
1262	2.5240	14	-11		
1263	2.5260	14	-12		
1264	2.5280	14	-12		
1265	2.5300	14	-12		
1266	2.5320	14	-12		
1267	2.5340	14	-12		
1268	2.5360	14	-12		
1269	2.5380	14	-12		
1270	2.5400	14	-12		
1271	2.5420	14	-12		
1272	2.5440	14	-12		
1273	2.5460	14	-12		
1274	2.5480	14	-12		
1275	2.5500	14	-12		
1276	2.5520	14	-12		
1277	2.5540	14	-12		
1278	2.5560	14	-12		
1279	2.5580	14	-12		
1280	2.5600	14	-12		
1281	2.5620	14	-12		
1282	2.5640	14	-12		
1283	2.5660	14	-12		
1284	2.5680	14	-12		
1285	2.5700	14	-12		
1286	2.5720	14	-12		
1287	2.5740	14	-12		
1288	2.5760	14	-12		
1289	2.5780	14	-12		
1290	2.5800	14	-12		
1291	2.5820	14	-12		
1292	2.5840	14	-12		
1293	2.5860	14	-12		
1294	2.5880	14	-12		
1295	2.5900	14	-12		
1296	2.5920	14	-12		
1297	2.5940	14	-12		
1298	2.5960	14	-12		
1299	2.5980	14	-12		
1300	2.6000	14	-12		
1301	2.6020	14	-12		
1302	2.6040	14	-12		
1303	2.6060	14	-12		
1304	2.6080	14	-12		
1305	2.6100	14	-12		
1306	2.6120	14	-12		
1307	2.6140	14	-12		
1308	2.6160	14	-12		
1309	2.6180	14	-12		
1310	2.6200	14	-12		
1311	2.6220	14	-12		
1312	2.6240	14	-12		
1313	2.6260	14	-12		
1314	2.6280	14	-12		
1315	2.6300	14	-12		
1316	2.6320	14	-12		
1317	2.6340	14	-12		
1318	2.6360	14	-12		
1319	2.6380	14	-12		
1320	2.6400	14	-12		
1321	2.6420	14	-12		
1322	2.6440	14	-12		
1323	2.6460	14	-12		
1324	2.6480	14	-12		
1325	2.6500	14	-12		
1326	2.6520	15	-12		
1327	2.6540	15	-12		
1328	2.6560	15	-12		
1329	2.6580	15	-12		
1330	2.6600	15	-12		
1331	2.6620	15	-12		
1332	2.6640	15	-12		
1333	2.6660	15	-12		
1334	2.6680	15	-12		
1335	2.6700	15	-12		
1336	2.6720	15	-12		
1337	2.6740	15	-12		
1338	2.6760	15	-12		
1339	2.6780	15	-12		
1340	2.6800	15	-12		
1341	2.6820	15	-12		
1342	2.6840	15	-12		
1343	2.6860	15	-12		
1344	2.6880	16	-12		
1345	2.6900	16	-12		
1346	2.6920	16	-12		
1347	2.6940	16	-12		
1348	2.6960	16	-11		
1349	2.6980	16	-11		
1350	2.7000	16	-11		
1351	2.7020	16	-11		
1352	2.7040	16	-11		
1353	2.7060	16	-11		
1354	2.7080	16	-11		
1355	2.7100	16	-11		
1356	2.7120	16	-11		
1357	2.7140	16	-11		
1358	2.7160	16	-11		
1359	2.7180	16	-11		
1360	2.7200	16	-10		
1361	2.7220	16	-10		
1362	2.7240	16	-10		
1363	2.7260	16	-10		
1364	2.7280	16	-10		
1365	2.7300	16	-10		
1366	2.7320	16	-10		
1367	2.7340	16	-10		
1368	2.7360	16	-10		
1369	2.7380	16	-10		
1370	2.7400	17	-10		
1371	2.7420	17	-10		
1372	2.7440	17	-10		
1373	2.7460	17	-10		
1374	2.7480	17	-10		
1375	2.7500	17	-9		
1376	2.7520	17	-9		
1377	2.7540	17	-9		
1378	2.7560	17	-9		
1379	2.7580	17	-9		
1380	2.7600	17	-9		
1381	2.7620	17	-9		
1382	2.7640	18	-9		
1383	2.7660	18	-9		
1384	2.7680	18	-8		
1385	2.7700	18	-8		
1386	2.7720	18	-8		
1387	2.7740	18	-8		
1388	2.7760	18	-8		
1389	2.7780	18	-8		
1390	2.7800	18	-8		
1391	2.7820	18	-8		
1392	2.7840	18	-8		
1393	2.7860	18	-8		
1394	2.7880	18	-8		
1395	2.7900	18	-8		
1396	2.7920	18	-7		
1397	2.7940	18	-7		
1398	2.7960	18	-7		
1399	2.7980	18	-7		
1400	2.8000	18	-7		
1401	2.8020	19	-7		
1402	2.8040	19	-7		
1403	2.8060	19	-7		
1404	2.8080	19	-6		
1405	2.8100	19	-6		
1406	2.8120	19	-6		
1407	2.8140	19	-6		
1408	2.8160	19	-6		
1409	2.8180	19	-6		
1410	2.8200	20	-6		
1411	2.8220	20	-6		
1412	2.8240	20	-6		
1413	2.8260	20	-6		
1414	2.8280	20	-5		
1415	2.8300	20	-5		
1416	2.8320	20	-5		
1417	2.8340	20	-5		
1418	2.8360	20	-5		
1419	2.8380	20	-5		
1420	2.8400	20	-5		
1421	2.8420	20	-4		
1422	2.8440	20	-4		
1423	2.8460	20	-4		
1424	2.8480	20	-4		
1425	2.8500	20	-4		
1426	2.8520	20	-4		
1427	2.8540	20	-4		
1428	2.8560	21	-4		
1429	2.8580	21	-4		
1430	2.8600	21	-3		
1431	2.8620	21	-3		
1432	2.8640	21	-3		
1433	2.8660	21	-3		
1434	2.8680	21	-3		
1435	2.8700	21	-3		
1436	2.8720	22	-3		
1437	2.8740	22	-2		
1438	2.8760	22	-2		
1439	2.8780	22	-2		
1440	2.8800	22	-2		
1441	2.8820	22	-2		
1442	2.8840	22	-2		
1443	2.8860	22	-2		
1444	2.8880	22	-2		
1445	2.8900	22	-2		
1446	2.8920	22	-1		
1447	2.8940	22	-1		
1448	2.8960	22	-1		
1449	2.8980	22	-1		
1450	2.9000	22	-1		
1451	2.9020	22	-1		
1452	2.9040	22	0		
1453	2.9060	23	0		
1454	2.9080	23	0		
1455	2.9100	23	0		
1456	2.9120	23	0		
1457	2.9140	23	0		
1458	2.9160	23	0		
1459	2.9180	23	0		
1460	2.9200	23	0		
1461	2.9220	23	1		
1462	2.9240	24	1		
1463	2.9260	24	1		
1464	2.9280	24	1		
1465	2.9300	24	1		
1466	2.9320	24	1		
1467	2.9340	24	1		
1468	2.9360	24	2		
1469	2.9380	24	2		
1470	2.9400	24	2		
1471	2.9420	24	2		
1472	2.9440	24	2		
1473	2.9460	24	2		
1474	2.9480	24	2		
1475	2.9500	24	2		
1476	2.9520	24	2		
1477	2.9540	24	3		
1478	2.9560	24	3		
1479	2.9580	24	3		
1480	2.9600	25	3		
1481	2.9620	25	3		
1482	2.9640	25	3		
1483	2.9660	25	4		
1484	2.9680	25	4		
1485	2.9700	25	4		
1486	2.9720	25	4		
1487	2.9740	25	4		
1488	2.9760	25	4		
1489	2.9780	25	4		
1490	2.9800	26	4		
1491	2.9820	26	4		
1492	2.9840	26	4		
1493	2.9860	26	5		
1494	2.9880	26	5		
1495	2.9900	26	5		
1496	2.9920	26	5		
1497	2.9940	26	5		
1498	2.9960	26	5		
1499	2.9980	26	5		
1500	3.0000	26	6		
1501	3.0020	26	6		
1502	3.0040	26	6		
1503	3.0060	26	6		
1504	3.0080	26	6		
1505	3.0100	26	6		
1506	3.0120	26	6		
1507	3.0140	26	6		
1508	3.0160	26	6		
1509	3.0180	26	7		
1510	3.0200	26	7		
1511	3.0220	26	7		
1512	3.0240	26	7		
1513	3.0260	26	7		
1514	3.0280	26	7		
1515	3.0300	26	7		
1516	3.0320	26	7		
1517	3.0340	26	8		
1518	3.0360	26	8		
1519	3.0380	26	8		
1520	3.0400	26	8		
1521	3.0420	26	8		
1522	3.0440	26	8		
1523	3.0460	26	8		
1524	3.0480	26	8		
1525	3.0500	26	8		
1526	3.0520	26	8		
1527	3.0540	26	8		
1528	3.0560	27	9		
1529	3.0580	27	9		
1530	3.0600	27	9		
1531	3.0620	27	9		
1532	3.0640	27	9		
1533	3.0660	27	9		
1534	3.0680	27	9		
1535	3.0700	27	9		
1536	3.0720	27	9		
1537	3.0740	27	9		
1538	3.0760	27	10		
1539	3.0780	27	10		
1540	3.0800	27	10		
1541	3.0820	27	10		
1542	3.0840	27	10		
1543	3.0860	28	10		
1544	3.0880	28	10		
1545	3.0900	28	10		
1546	3.0920	28	10		
1547	3.0940	28	10		
1548	3.0960	28	10		
1549	3.0980	28	10		
1550	3.1000	28	10		
1551	3.1020	28	10		
1552	3.1040	27	11		
1553	3.1060	27	11		
1554	3.1080	27	11		
1555	3.1100	27	11		
1556	3.1120	27	11		
1557	3.1140	27	11		
1558	3.1160	27	11		
1559	3.1180	27	11		
1560	3.1200	27	11		
1561	3.1220	27	11		
1562	3.1240	27	11		
1563	3.1260	27	11		
1564	3.1280	27	11		
1565	3.1300	27	12		
1566	3.1320	27	12		
1567	3.1340	27	12		
1568	3.1360	27	12		
1569	3.1380	27	12		
1570	3.1400	27	12		
1571	3.1420	27	12		
1572	3.1440	27	12		
1573	3.1460	27	12		
1574	3.1480	27	12		
1575	3.1500	27	12		
1576	3.1520	27	12		
1577	3.1540	27	12		
1578	3.1560	27	12		
1579	3.1580	27	12		
1580	3.1600	27	12		
1581	3.1620	27	12		
1582	3.1640	27	12		
1583	3.1660	27	12		
1584	3.1680	27	12		
1585	3.1700	27	12		
1586	3.1720	27	12		
1587	3.1740	27	12		
1588	3.1760	27	12		
1589	3.1780	27	12		
1590	3.1800	27	12		
1591	3.1820	27	12		
1592	3.1840	27	12		
1593	3.1860	27	12		
1594	3.1880	27	12		
1595	3.1900	27	12		
1596	3.1920	27	12		
1597	3.1940	27	13		
1598	3.1960	27	13		
1599	3.1980	27	13		
1600	3.2000	27	13		
1601	3.2020	27	13		
1602	3.2040	27	13		
1603	3.2060	27	13		
1604	3.2080	27	13		
1605	3.2100	27	13		
1606	3.2120	27	13		
1607	3.2140	27	13		
1608	3.2160	27	13		
1609	3.2180	27	13		
1610	3.2200	27	13		
1611	3.2220	27	13		
1612	3.2240	27	13		
1613	3.2260	27	13		
1614	3.2280	27	13		
1615	3.2300	27	13		
1616	3.2320	27	13		
1617	3.2340	27	13		
1618	3.2360	27	13		
1619	3.2380	27	13		
1620	3.2400	27	12		
1621	3.2420	27	12		
1622	3.2440	27	12		
1623	3.2460	27	12		
1624	3.2480	27	12		
1625	3.2500	27	12		
1626	3.2520	27	12		
1627	3.2540	27	12		
1628	3.2560	27	12		
1629	3.2580	27	12		
1630	3.2600	27	12		
1631	3.2620	27	12		
1632	3.2640	27	12		
1633	3.2660	27	12		
1634	3.2680	27	12		
1635	3.2700	28	12		
1636	3.2720	28	12		
1637	3.2740	28	12		
1638	3.2760	28	12		
1639	3.2780	28	12		
1640	3.2800	28	12		
1641	3.2820	28	12		
1642	3.2840	28	12		
1643	3.2860	28	12		
1644	3.2880	27	12		
1645	3.2900	27	12		
1646	3.2920	27	12		
1647	3.2940	27	12		
1648	3.2960	27	12		
1649	3.2980	27	12		
1650	3.3000	27	12		
1651	3.3020	27	11		
1652	3.3040	27	11		
1653	3.3060	27	11		
1654	3.3080	27	11		
1655	3.3100	27	11		
1656	3.3120	27	11		
1657	3.3140	27	11		
1658	3.3160	27	11		
1659	3.3180	26	11		
1660	3.3200	26	11		
1661	3.3220	26	11		
1662	3.3240	26	11		
1663	3.3260	26	11		
1664	3.3280	26	10		
1665	3.3300	26	10		
1666	3.3320	26	10		
1667	3.3340	26	10		
1668	3.3360	26	10		
1669	3.3380	26	10		
1670	3.3400	26	10		
1671	3.3420	26	10		
1672	3.3440	26	10		
1673	3.3460	26	10		
1674	3.3480	26	10		
1675	3.3500	26	10		
1676	3.3520	26	10		
1677	3.3540	26	10		
1678	3.3560	26	10		
1679	3.3580	26	9		
1680	3.3600	26	9		
1681	3.3620	26	9		
1682	3.3640	26	9		
1683	3.3660	26	9		
1684	3.3680	26	9		
1685	3.3700	26	9		
1686	3.3720	26	9		
1687	3.3740	26	9		
1688	3.3760	26	8		
1689	3.3780	26	8		
1690	3.3800	26	8		
1691	3.3820	26	8		
1692	3.3840	26	8		
1693	3.3860	26	8		
1694	3.3880	26	8		
1695	3.3900	26	8		
1696	3.3920	26	8		
1697	3.3940	26	8		
1698	3.3960	25	8		
1699	3.3980	25	7		
1700	3.4000	25	7		
1701	3.4020	25	7		
1702	3.4040	25	7		
1703	3.4060	25	7		
1704	3.4080	25	7		
1705	3.4100	25	7		
1706	3.4120	25	6		
1707	3.4140	24	6		
1708	3.4160	24	6		
1709	3.4180	24	6		
1710	3.4200	24	6		
1711	3.4220	24	6		
1712	3.4240	24	6		
1713	3.4260	24	6		
1714	3.4280	24	6		
1715	3.4300	24	6		
1716	3.4320	24	5		
1717	3.4340	24	5		
1718	3.4360	24	5		
1719	3.4380	24	5		
1720	3.4400	24	5		
1721	3.4420	24	5		
1722	3.4440	24	5		
1723	3.4460	24	4		
1724	3.4480	24	4		
1725	3.4500	23	4		
1726	3.4520	23	4		
1727	3.4540	23	4		
1728	3.4560	23	4		
1729	3.4580	23	4		
1730	3.4600	23	4		
1731	3.4620	23	4		
1732	3.4640	23	4		
1733	3.4660	23	3		
1734	3.4680	22	3		
1735	3.4700	22	3		
1736	3.4720	22	3		
1737	3.4740	22	3		
1738	3.4760	22	3		
1739	3.4780	22	2		
1740	3.4800	22	2		
1741	3.4820	22	2		
1742	3.4840	22	2		
1743	3.4860	22	2		
1744	3.4880	22	2		
1745	3.4900	22	2		
1746	3.4920	22	2		
1747	3.4940	22	2		
1748	3.4960	22	1		
1749	3.4980	22	1		
1750	3.5000	22	1		
1751	3.5020	21	1		
1752	3.5040	21	1		
1753	3.5060	21	1		
1754	3.5080	21	0		
1755	3.5100	21	0		
1756	3.5120	21	0		
1757	3.5140	21	0		
1758	3.5160	21	0		
1759	3.5180	20	0		
1760	3.5200	20	0		
1761	3.5220	20	0		
1762	3.5240	20	0		
1763	3.5260	20	-1		
1764	3.5280	20	-1		
1765	3.5300	20	-1		
1766	3.5320	20	-1		
1767	3.5340	20	-1		
1768	3.5360	20	-1		
1769	3.5380	20	-2		
1770	3.5400	20	-2		
1771	3.5420	20	-2		
1772	3.5440	20	-2		
1773	3.5460	20	-2		
1774	3.5480	20	-2		
1775	3.5500	20	-2		
1776	3.5520	19	-2		
1777	3.5540	19	-2		
1778	3.5560	19	-3		
1779	3.5580	19	-3		
1780	3.5600	19	-3		
1781	3.5620	19	-3		
1782	3.5640	19	-3		
1783	3.5660	19	-3		
1784	3.5680	19	-3		
1785	3.5700	19	-4		
1786	3.5720	18	-4		
1787	3.5740	18	-4		
1788	3.5760	18	-4		
1789	3.5780	18	-4		
1790	3.5800	18	-4		
1791	3.5820	18	-4		
1792	3.5840	18	-4		
1793	3.5860	18	-4		
1794	3.5880	18	-5		
1795	3.5900	18	-5		
1796	3.5920	18	-5		
1797	3.5940	18	-5		
1798	3.5960	18	-5		
1799	3.5980	18	-5		
1800	3.6000	18	-5		
1801	3.6020	18	-6		
1802	3.6040	18	-6		
1803	3.6060	18	-6		
1804	3.6080	18	-6		
1805	3.6100	17	-6		
1806	3.6120	17	-6		
1807	3.6140	17	-6		
1808	3.6160	17	-6		
1809	3.6180	17	-6		
1810	3.6200	17	-7		
1811	3.6220	17	-7		
1812	3.6240	17	-7		
1813	3.6260	17	-7		
1814	3.6280	17	-7		
1815	3.6300	17	-7		
1816	3.6320	16	-7		
1817	3.6340	16	-8		
1818	3.6360	16	-8		
1819	3.6380	16	-8		
1820	3.6400	16	-8		
1821	3.6420	16	-8		
1822	3.6440	16	-8		
1823	3.6460	16	-8		
1824	3.6480	16	-8		
1825	3.6500	16	-8		
1826	3.6520	16	-8		
1827	3.6540	16	-8		
1828	3.6560	16	-8		
1829	3.6580	16	-9		
1830	3.6600	16	-9		
1831	3.6620	16	-9		
1832	3.6640	16	-9		
1833	3.6660	16	-9		
1834	3.6680	16	-9		
1835	3.6700	16	-9		
1836	3.6720	16	-9		
1837	3.6740	16	-10		
1838	3.6760	16	-10		
1839	3.6780	16	-10		
1840	3.6800	16	-10		
1841	3.6820	16	-10		
1842	3.6840	15	-10		
1843	3.6860	15	-10		
1844	3.6880	15	-10		
1845	3.6900	15	-10		
1846	3.6920	15	-10		
1847	3.6940	15	-10		
1848	3.6960	15	-10		
1849	3.6980	15	-10		
1850	3.7000	15	-10		
1851	3.7020	15	-11		
1852	3.7040	15	-11		
1853	3.7060	15	-11		
1854	3.7080	15	-11		
1855	3.7100	15	-11		
1856	3.7120	15	-11		
1857	3.7140	15	-11		
1858	3.7160	15	-11		
1859	3.7180	15	-11		
1860	3.7200	15	-11		
1861	3.7220	14	-11		
1862	3.7240	14	-12		
1863	3.7260	14	-12		
1864	3.7280	14	-12		
1865	3.7300	14	-12		
1866	3.7320	14	-12		
1867	3.7340	14	-12		
1868	3.7360	14	-12		
1869	3.7380	14	-12		
1870	3.7400	14	-12		
1871	3.7420	14	-12		
1872	3.7440	14	-12		
1873	3.7460	14	-12		
1874	3.7480	14	-12		
1875	3.7500	14	-12		
1876	3.7520	14	-12		
1877	3.7540	14	-12		
1878	3.7560	14	-12		
1879	3.7580	14	-12		
1880	3.7600	14	-12		
1881	3.7620	14	-12		
1882	3.7640	14	-12		
1883	3.7660	14	-12		
1884	3.7680	14	-12		
1885	3.7700	14	-12		
1886	3.7720	14	-12		
1887	3.7740	14	-13		
1888	3.7760	14	-13		
1889	3.7780	14	-13		
1890	3.7800	14	-13		
1891	3.7820	14	-13		
1892	3.7840	14	-13		
1893	3.7860	14	-13		
1894	3.7880	14	-13		
1895	3.7900	14	-13		
1896	3.7920	14	-13		
1897	3.7940	14	-13		
1898	3.7960	14	-13		
1899	3.7980	14	-13		
1900	3.8000	14	-13		
1901	3.8020	14	-13		
1902	3.8040	14	-13		
1903	3.8060	14	-13		
1904	3.8080	14	-13		
1905	3.8100	14	-13		
1906	3.8120	14	-13		
1907	3.8140	14	-13		
1908	3.8160	14	-13		
1909	3.8180	14	-13		
1910	3.8200	14	-13		
1911	3.8220	14	-13		
1912	3.8240	14	-13		
1913	3.8260	14	-13		
1914	3.8280	14	-13		
1915	3.8300	14	-13		
1916	3.8320	14	-13		
1917	3.8340	14	-13		
1918	3.8360	14	-13		
1919	3.8380	14	-13		
1920	3.8400	14	-13		
1921	3.8420	14	-13		
1922	3.8440	14	-13		
1923	3.8460	14	-13		
1924	3.8480	14	-13		
1925	3.8500	14	-13		
1926	3.8520	14	-13		
1927	3.8540	14	-13		
1928	3.8560	14	-13		
1929	3.8580	14	-13		
1930	3.8600	14	-13		
1931	3.8620	14	-13		
1932	3.8640	14	-13		
1933	3.8660	14	-13		
1934	3.8680	14	-13		
1935	3.8700	14	-13		
1936	3.8720	15	-12		
1937	3.8740	15	-12		
1938	3.8760	15	-12		
1939	3.8780	15	-12		
1940	3.8800	15	-12		
1941	3.8820	15	-12		
1942	3.8840	15	-12		
1943	3.8860	15	-12		
1944	3.8880	15	-12		
1945	3.8900	15	-12		
1946	3.8920	15	-12		
1947	3.8940	15	-12		
1948	3.8960	15	-12		
1949	3.8980	15	-12		
1950	3.9000	15	-12		
1951	3.9020	15	-12		
1952	3.9040	15	-12		
1953	3.9060	15	-12		
1954	3.9080	15	-12		
1955	3.9100	16	-12		
1956	3.9120	16	-12		
1957	3.9140	16	-12		
1958	3.9160	16	-12		
1959	3.9180	16	-12		
1960	3.9200	16	-11		
1961	3.9220	16	-11		
1962	3.9240	16	-11		
1963	3.9260	16	-11		
1964	3.9280	16	-11		
1965	3.9300	16	-11		
1966	3.9320	16	-11		
1967	3.9340	16	-11		
1968	3.9360	16	-11		
1969	3.9380	16	-11		
1970	3.9400	16	-11		
1971	3.9420	16	-10		
1972	3.9440	16	-10		
1973	3.9460	16	-10		
1974	3.9480	16	-10		
1975	3.9500	16	-10		
1976	3.9520	16	-10		
1977	3.9540	16	-10		
1978	3.9560	16	-10		
1979	3.9580	16	-10		
1980	3.9600	16	-10		
1981	3.9620	17	-10		
1982	3.9640	17	-10		
1983	3.9660	17	-10		
1984	3.9680	17	-10		
1985	3.9700	17	-9		
1986	3.9720	17	-9		
1987	3.9740	17	-9		
1988	3.9760	17	-9		
1989	3.9780	17	-9		
1990	3.9800	17	-9		
1991	3.9820	17	-9		
1992	3.9840	18	-9		
1993	3.9860	18	-9		
1994	3.9880	18	-8		
1995	3.9900	18	-8		
1996	3.9920	18	-8		
1997	3.9940	18	-8		
1998	3.9960	18	-8		
1999	3.9980	18	-8		
2000	4.0000	18	-8		
2001	4.0020	18	-8		
2002	4.0040	18	-8		
2003	4.0060	18	-8		
2004	4.0080	18	-8		
2005	4.0100	18	-7		
2006	4.0120	18	-7		
2007	4.0140	18	-7		
2008	4.0160	18	-7		
2009	4.0180	18	-7		
2010	4.0200	18	-7		
2011	4.0220	19	-7		
2012	4.0240	19	-6		
2013	4.0260	19	-6		
2014	4.0280	19	-6		
2015	4.0300	19	-6		
2016	4.0320	19	-6		
2017	4.0340	19	-6		
2018	4.0360	19	-6		
2019	4.0380	19	-6		
2020	4.0400	19	-6		
2021	4.0420	20	-6		
2022	4.0440	20	-5		
2023	4.0460	20	-5		
2024	4.0480	20	-5		
2025	4.0500	20	-5		
2026	4.0520	20	-5		
2027	4.0540	20	-5		
2028	4.0560	20	-5		
2029	4.0580	20	-4		
2030	4.0600	20	-4		
2031	4.0620	20	-4		
2032	4.0640	20	-4		
2033	4.0660	20	-4		
2034	4.0680	20	-4		
2035	4.0700	20	-4		
2036	4.0720	20	-4		
2037	4.0740	20	-4		
2038	4.0760	21	-3		
2039	4.0780	21	-3		
2040	4.0800	21	-3		
2041	4.0820	21	-3		
2042	4.0840	21	-3		
2043	4.0860	21	-3		
2044	4.0880	21	-3		
2045	4.0900	21	-2		
2046	4.0920	21	-2		
2047	4.0940	22	-2		
2048	4.0960	22	-2		
2049	4.0980	22	-2		
2050	4.1000	22	-2		
2051	4.1020	22	-2		
2052	4.1040	22	-2		
2053	4.1060	22	-1		
2054	4.1080	22	-1		
2055	4.1100	22	-1		
2056	4.1120	22	-1		
2057	4.1140	22	-1		
2058	4.1160	22	-1		
2059	4.1180	22	-1		
2060	4.1200	22	0		
2061	4.1220	22	0		
2062	4.1240	22	0		
2063	4.1260	22	0		
2064	4.1280	23	0		
2065	4.1300	23	0		
2066	4.1320	23	0		
2067	4.1340	23	0		
2068	4.1360	23	0		
2069	4.1380	23	1		
2070	4.1400	23	1		
2071	4.1420	23	1		
2072	4.1440	23	1		
2073	4.1460	24	1		
2074	4.1480	24	1		
2075	4.1500	24	2		
2076	4.1520	24	2		
2077	4.1540	24	2		
2078	4.1560	24	2		
2079	4.1580	24	2		
2080	4.1600	24	2		
2081	4.1620	24	2		
2082	4.1640	24	2		
2083	4.1660	24	2		
2084	4.1680	24	3		
2085	4.1700	24	3		
2086	4.1720	24	3		
2087	4.1740	24	3		
2088	4.1760	24	3		
2089	4.1780	24	3		
2090	4.1800	25	3		
2091	4.1820	25	4		
2092	4.1840	25	4		
2093	4.1860	25	4		
2094	4.1880	25	4		
2095	4.1900	25	4		
2096	4.1920	25	4		
2097	4.1940	25	4		
2098	4.1960	25	4		
2099	4.1980	25	4		
2100	4.2000	26	5		
2101	4.2020	26	5		
2102	4.2040	26	5		
2103	4.2060	26	5		
2104	4.2080	26	5		
2105	4.2100	26	5		
2106	4.2120	26	5		
2107	4.2140	26	6		
2108	4.2160	26	6		
2109	4.2180	26	6		
2110	4.2200	26	6		
2111	4.2220	26	6		
2112	4.2240	26	6		
2113	4.2260	26	6		
2114	4.2280	26	6		
2115	4.2300	26	6		
2116	4.2320	26	6		
2117	4.2340	26	7		
2118	4.2360	26	7		
2119	4.2380	26	7		
2120	4.2400	26	7		
2121	4.2420	26	7		
2122	4.2440	26	7		
2123	4.2460	26	7		
2124	4.2480	26	8		
2125	4.2500	26	8		
2126	4.2520	26	8		
2127	4.2540	26	8		
2128	4.2560	26	8		
2129	4.2580	26	8		
2130	4.2600	26	8		
2131	4.2620	26	8		
2132	4.2640	26	8		
2133	4.2660	26	8		
2134	4.2680	26	8		
2135	4.2700	26	8		
2136	4.2720	26	9		
2137	4.2740	26	9		
2138	4.2760	26	9		
2139	4.2780	27	9		
2140	4.2800	27	9		
2141	4.2820	27	9		
2142	4.2840	27	9		
2143	4.2860	27	9		
2144	4.2880	27	9		
2145	4.2900	27	10		
2146	4.2920	27	10		
2147	4.2940	27	10		
2148	4.2960	27	10		
2149	4.2980	27	10		
2150	4.3000	27	10		
2151	4.3020	27	10		
2152	4.3040	27	10		
2153	4.3060	27	10		
2154	4.3080	28	10		
2155	4.3100	28	10		
2156	4.3120	28	10		
2157	4.3140	28	10		
2158	4.3160	28	10		
2159	4.3180	28	10		
2160	4.3200	28	11		
2161	4.3220	28	11		
2162	4.3240	28	11		
2163	4.3260	27	11		
2164	4.3280	27	11		
2165	4.3300	27	11		
2166	4.3320	27	11		
2167	4.3340	27	11		
2168	4.3360	27	11		
2169	4.3380	27	11		
2170	4.3400	27	11		
2171	4.3420	27	11		
2172	4.3440	27	11		
2173	4.3460	27	11		
2174	4.3480	27	12		
2175	4.3500	27	12		
2176	4.3520	27	12		
2177	4.3540	27	12		
2178	4.3560	27	12		
2179	4.3580	27	12		
2180	4.3600	27	12		
2181	4.3620	27	12		
2182	4.3640	27	12		
2183	4.3660	27	12		
2184	4.3680	27	12		
2185	4.3700	27	12		
2186	4.3720	27	12		
2187	4.3740	27	12		
2188	4.3760	27	12		
2189	4.3780	27	12		
2190	4.3800	27	12		
2191	4.3820	27	12		
2192	4.3840	27	12		
2193	4.3860	27	12		
2194	4.3880	27	12		
2195	4.3900	27	12		
2196	4.3920	27	12		
2197	4.3940	27	12		
2198	4.3960	27	12		
2199	4.3980	27	12		
2200	4.4000	27	12		
2201	4.4020	27	12		
2202	4.4040	27	12		
2203	4.4060	27	12		
2204	4.4080	27	12		
2205	4.4100	27	12		
2206	4.4120	27	12		
2207	4.4140	27	12		
2208	4.4160	27	12		
2209	4.4180	27	12		
2210	4.4200	27	12		
2211	4.4220	27	12		
2212	4.4240	27	12		
2213	4.4260	27	12		
2214	4.4280	27	12		
2215	4.4300	27	12		
2216	4.4320	27	12		
2217	4.4340	27	12		
2218	4.4360	27	12		
2219	4.4380	27	12		
2220	4.4400	27	12		
2221	4.4420	27	12		
2222	4.4440	27	12		
2223	4.4460	27	12		
2224	4.4480	27	12		
2225	4.4500	27	12		
2226	4.4520	27	12		
2227	4.4540	27	12		
2228	4.4560	27	12		
2229	4.4580	27	12		
2230	4.4600	27	12		
2231	4.4620	27	12		
2232	4.4640	27	12		
2233	4.4660	27	12		
2234	4.4680	27	12		
2235	4.4700	27	12		
2236	4.4720	27	12		
2237	4.4740	27	12		
2238	4.4760	27	12		
2239	4.4780	27	12		
2240	4.4800	27	12		
2241	4.4820	27	12		
2242	4.4840	27	12		
2243	4.4860	27	12		
2244	4.4880	27	12		
2245	4.4900	27	12		
2246	4.4920	28	12		
2247	4.4940	28	12		
2248	4.4960	28	12		
2249	4.4980	28	12		
2250	4.5000	28	12		
2251	4.5020	28	12		
2252	4.5040	28	12		
2253	4.5060	28	12		
2254	4.5080	27	12		
2255	4.5100	27	11		
2256	4.5120	27	11		
2257	4.5140	27	11		
2258	4.5160	27	11		
2259	4.5180	27	11		
2260	4.5200	27	11		
2261	4.5220	27	11		
2262	4.5240	27	11		
2263	4.5260	27	11		
2264	4.5280	27	11		
2265	4.5300	27	11		
2266	4.5320	27	11		
2267	4.5340	27	11		
2268	4.5360	27	11		
2269	4.5380	27	10		
2270	4.5400	26	10		
2271	4.5420	26	10		
2272	4.5440	26	10		
2273	4.5460	26	10		
2274	4.5480	26	10		
2275	4.5500	26	10		
2276	4.5520	26	10		
2277	4.5540	26	10		
2278	4.5560	26	10		
2279	4.5580	26	10		
2280	4.5600	26	10		
2281	4.5620	26	10		
2282	4.5640	26	10		
2283	4.5660	26	10		
2284	4.5680	26	9		
2285	4.5700	26	9		
2286	4.5720	26	9		
2287	4.5740	26	9		
2288	4.5760	26	9		
2289	4.5780	26	9		
2290	4.5800	26	9		
2291	4.5820	26	9		
2292	4.5840	26	9		
2293	4.5860	26	9		
2294	4.5880	26	8		
2295	4.5900	26	8		
2296	4.5920	26	8		
2297	4.5940	26	8		
2298	4.5960	26	8		
2299	4.5980	26	8		
2300	4.6000	26	8		
2301	4.6020	26	8		
2302	4.6040	26	8		
2303	4.6060	26	8		
2304	4.6080	26	8		
2305	4.6100	26	7		
2306	4.6120	26	7		
2307	4.6140	26	7		
2308	4.6160	25	7		
2309	4.6180	25	7		
2310	4.6200	25	7		
2311	4.6220	25	7		
2312	4.6240	25	6		
2313	4.6260	25	6		
2314	4.6280	25	6		
2315	4.6300	25	6		
2316	4.6320	25	6		
2317	4.6340	25	6		
2318	4.6360	24	6		
2319	4.6380	24	6		
2320	4.6400	24	6		
2321	4.6420	24	6		
2322	4.6440	24	6		
2323	4.6460	24	5		
2324	4.6480	24	5		
2325	4.6500	24	5		
2326	4.6520	24	5		
2327	4.6540	24	5		
2328	4.6560	24	5		
2329	4.6580	24	5		
2330	4.6600	24	4		
2331	4.6620	24	4		
2332	4.6640	24	4		
2333	4.6660	24	4		
2334	4.6680	24	4		
2335	4.6700	23	4		
2336	4.6720	23	4		
2337	4.6740	23	4		
2338	4.6760	23	4		
2339	4.6780	23	3		
2340	4.6800	23	3		
2341	4.6820	23	3		
2342	4.6840	23	3		
2343	4.6860	23	3		
2344	4.6880	22	3		
2345	4.6900	22	3		
2346	4.6920	22	2		
2347	4.6940	22	2		
2348	4.6960	22	2		
2349	4.6980	22	2		
2350	4.7000	22	2		
2351	4.7020	22	2		
2352	4.7040	22	2		
2353	4.7060	22	2		
2354	4.7080	22	2		
2355	4.7100	22	1		
2356	4.7120	22	1		
2357	4.7140	22	1		
2358	4.7160	22	1		
2359	4.7180	22	1		
2360	4.7200	22	1		
2361	4.7220	21	0		
2362	4.7240	21	0		
2363	4.7260	21	0		
2364	4.7280	21	0		
2365	4.7300	21	0		
2366	4.7320	21	0		
2367	4.7340	21	0		
2368	4.7360	21	0		
2369	4.7380	21	0		
2370	4.7400	20	-1		
2371	4.7420	20	-1		
2372	4.7440	20	-1		
2373	4.7460	20	-1		
2374	4.7480	20	-1		
2375	4.7500	20	-1		
2376	4.7520	20	-1		
2377	4.7540	20	-2		
2378	4.7560	20	-2		
2379	4.7580	20	-2		
2380	4.7600	20	-2		
2381	4.7620	20	-2		
2382	4.7640	20	-2		
2383	4.7660	20	-2		
2384	4.7680	20	-2		
2385	4.7700	20	-2		
2386	4.7720	20	-3		
2387	4.7740	19	-3		
2388	4.7760	19	-3		
2389	4.7780	19	-3		
2390	4.7800	19	-3		
2391	4.7820	19	-3		
2392	4.7840	19	-3		
2393	4.7860	19	-4		
2394	4.7880	19	-4		
2395	4.7900	19	-4		
2396	4.7920	18	-4		
2397	4.7940	18	-4		
2398	4.7960	18	-4		
2399	4.7980	18	-4		
2400	4.8000	18	-4		
2401	4.8020	18	-4		
2402	4.8040	18	-5		
2403	4.8060	18	-5		
2404	4.8080	18	-5		
2405	4.8100	18	-5		
2406	4.8120	18	-5		
2407	4.8140	18	-5		
2408	4.8160	18	-5		
2409	4.8180	18	-6		
2410	4.8200	18	-6		
2411	4.8220	18	-6		
2412	4.8240	18	-6		
2413	4.8260	18	-6		
2414	4.8280	18	-6		
2415	4.8300	18	-6		
2416	4.8320	17	-6		
2417	4.8340	17	-6		
2418	4.8360	17	-6		
2419	4.8380	17	-7		
2420	4.8400	17	-7		
2421	4.8420	17	-7		
2422	4.8440	17	-7		
2423	4.8460	17	-7		
2424	4.8480	17	-7		
2425	4.8500	17	-7		
2426	4.8520	17	-7		
2427	4.8540	16	-8		
2428	4.8560	16	-8		
2429	4.8580	16	-8		
2430	4.8600	16	-8		
2431	4.8620	16	-8		
2432	4.8640	16	-8		
2433	4.8660	16	-8		
2434	4.8680	16	-8		
2435	4.8700	16	-8		
2436	4.8720	16	-8		
2437	4.8740	16	-8		
2438	4.8760	16	-8		
2439	4.8780	16	-9		
2440	4.8800	16	-9		
2441	4.8820	16	-9		
2442	4.8840	16	-9		
2443	4.8860	16	-9		
2444	4.8880	16	-9		
2445	4.8900	16	-9		
2446	4.8920	16	-9		
2447	4.8940	16	-9		
2448	4.8960	16	-10		
2449	4.8980	16	-10		
2450	4.9000	16	-10		
2451	4.9020	16	-10		
2452	4.9040	16	-10		
2453	4.9060	15	-10		
2454	4.9080	15	-10		
2455	4.9100	15	-10		
2456	4.9120	15	-10		
2457	4.9140	15	-10		
2458	4.9160	15	-10		
2459	4.9180	15	-10		
2460	4.9200	15	-10		
2461	4.9220	15	-10		
2462	4.9240	15	-11		
2463	4.9260	15	-11		
2464	4.9280	15	-11		
2465	4.9300	15	-11		
2466	4.9320	15	-11		
2467	4.9340	15	-11		
2468	4.9360	15	-11		
2469	4.9380	15	-11		
2470	4.9400	15	-11		
2471	4.9420	15	-11		
2472	4.9440	14	-11		
2473	4.9460	14	-11		
2474	4.9480	14	-11		
2475	4.9500	14	-12		
2476	4.9520	14	-12		
2477	4.9540	14	-12		
2478	4.9560	14	-12		
2479	4.9580	14	-12		
2480	4.9600	14	-12		
2481	4.9620	14	-12		
2482	4.9640	14	-12		
2483	4.9660	14	-12		
2484	4.9680	14	-12		
2485	4.9700	14	-12		
2486	4.9720	14	-12		
2487	4.9740	14	-12		
2488	4.9760	14	-12		
2489	4.9780	14	-12		
2490	4.9800	14	-12		
2491	4.9820	14	-12		
2492	4.9840	14	-12		
2493	4.9860	14	-12		
2494	4.9880	14	-12		
2495	4.9900	14	-12		
2496	4.9920	14	-12		
2497	4.9940	14	-12		
2498	4.9960	14	-12		
2499	4.9980	14	-12		
2500	5.0000	14	-12		
2501	5.0020	14	-12		
2502	5.0040	14	-12		
2503	5.0060	14	-12		
2504	5.0080	14	-12		
2505	5.0100	14	-12		
2506	5.0120	14	-12		
2507	5.0140	14	-13		
2508	5.0160	14	-13		
2509	5.0180	14	-13		
2510	5.0200	14	-13		
2511	5.0220	14	-13		
2512	5.0240	14	-13		
2513	5.0260	14	-13		
2514	5.0280	14	-13		
2515	5.0300	14	-13		
2516	5.0320	14	-13		
2517	5.0340	14	-13		
2518	5.0360	14	-13		
2519	5.0380	14	-13		
2520	5.0400	14	-13		
2521	5.0420	14	-13		
2522	5.0440	14	-13		
2523	5.0460	14	-13		
2524	5.0480	14	-13		
2525	5.0500	14	-13		
2526	5.0520	14	-13		
2527	5.0540	14	-13		
2528	5.0560	14	-13		
2529	5.0580	14	-13		
2530	5.0600	14	-13		
2531	5.0620	14	-13		
2532	5.0640	14	-13		
2533	5.0660	14	-12		
2534	5.0680	14	-12		
2535	5.0700	14	-12		
2536	5.0720	14	-12		
2537	5.0740	14	-12		
2538	5.0760	14	-12		
2539	5.0780	14	-12		
2540	5.0800	14	-12		
2541	5.0820	14	-12		
2542	5.0840	14	-12		
2543	5.0860	14	-12		
2544	5.0880	14	-12		
2545	5.0900	14	-12		
2546	5.0920	14	-12		
2547	5.0940	15	-12		
2548	5.0960	15	-12		
2549	5.0980	15	-12		
2550	5.1000	15	-12		
2551	5.1020	15	-12		
2552	5.1040	15	-12		
2553	5.1060	15	-12		
2554	5.1080	15	-12		
2555	5.1100	15	-12		
2556	5.1120	15	-12		
2557	5.1140	15	-12		
2558	5.1160	15	-12		
2559	5.1180	15	-12		
2560	5.1200	15	-12		
2561	5.1220	15	-12		
2562	5.1240	15	-12		
2563	5.1260	15	-12		
2564	5.1280	15	-12		
2565	5.1300	15	-11		
2566	5.1320	16	-11		
2567	5.1340	16	-11		
2568	5.1360	16	-11		
2569	5.1380	16	-11		
2570	5.1400	16	-11		
2571	5.1420	16	-11		
2572	5.1440	16	-11		
2573	5.1460	16	-11		
2574	5.1480	16	-11		
2575	5.1500	16	-11		
2576	5.1520	16	-11		
2577	5.1540	16	-10		
2578	5.1560	16	-10		
2579	5.1580	16	-10		
2580	5.1600	16	-10		
2581	5.1620	16	-10		
2582	5.1640	16	-10		
2583	5.1660	16	-10		
2584	5.1680	16	-10		
2585	5.1700	16	-10		
2586	5.1720	16	-10		
2587	5.1740	16	-10		
2588	5.1760	16	-10		
2589	5.1780	16	-10		
2590	5.1800	16	-10		
2591	5.1820	16	-10		
2592	5.1840	17	-9		
2593	5.1860	17	-9		
2594	5.1880	17	-9		
2595	5.1900	17	-9		
2596	5.1920	17	-9		
2597	5.1940	17	-9		
2598	5.1960	17	-9		
2599	5.1980	17	-9		
2600	5.2000	17	-9		
2601	5.2020	17	-8		
2602	5.2040	17	-8		
2603	5.2060	18	-8		
2604	5.2080	18	-8		
2605	5.2100	18	-8		
2606	5.2120	18	-8		
2607	5.2140	18	-8		
2608	5.2160	18	-8		
2609	5.2180	18	-8		
2610	5.2200	18	-8		
2611	5.2220	18	-8		
2612	5.2240	18	-8		
2613	5.2260	18	-7		
2614	5.2280	18	-7		
2615	5.2300	18	-7		
2616	5.2320	18	-7		
2617	5.2340	18	-7		
2618	5.2360	18	-7		
2619	5.2380	18	-7		
2620	5.2400	18	-6		
2621	5.2420	18	-6		
2622	5.2440	19	-6		
2623	5.2460	19	-6		
2624	5.2480	19	-6		
2625	5.2500	19	-6		
2626	5.2520	19	-6		
2627	5.2540	19	-6		
2628	5.2560	19	-6		
2629	5.2580	19	-6		
2630	5.2600	19	-6		
2631	5.2620	19	-5		
2632	5.2640	20	-5		
2633	5.2660	20	-5		
2634	5.2680	20	-5		
2635	5.2700	20	-5		
2636	5.2720	20	-5		
2637	5.2740	20	-4		
2638	5.2760	20	-4		
2639	5.2780	20	-4		
2640	5.2800	20	-4		
2641	5.2820	20	-4		
2642	5.2840	20	-4		
2643	5.2860	20	-4		
2644	5.2880	20	-4		
2645	5.2900	20	-4		
2646	5.2920	20	-4		
2647	5.2940	20	-3		
2648	5.2960	20	-3		
2649	5.2980	21	-3		
2650	5.3000	21	-3		
2651	5.3020	21	-3		
2652	5.3040	21	-3		
2653	5.3060	21	-3		
2654	5.3080	21	-2		
2655	5.3100	21	-2		
2656	5.3120	21	-2		
2657	5.3140	21	-2		
2658	5.3160	22	-2		
2659	5.3180	22	-2		
2660	5.3200	22	-2		
2661	5.3220	22	-2		
2662	5.3240	22	-2		
2663	5.3260	22	-1		
2664	5.3280	22	-1		
2665	5.3300	22	-1		
2666	5.3320	22	-1		
2667	5.3340	22	-1		
2668	5.3360	22	-1		
2669	5.3380	22	0		
2670	5.3400	22	0		
2671	5.3420	22	0		
2672	5.3440	22	0		
2673	5.3460	22	0		
2674	5.3480	23	0		
2675	5.3500	23	0		
2676	5.3520	23	0		
2677	5.3540	23	0		
2678	5.3560	23	0		
2679	5.3580	23	1		
2680	5.3600	23	1		
2681	5.3620	23	1		
2682	5.3640	23	1		
2683	5.3660	24	1		
2684	5.3680	24	1		
2685	5.3700	24	2		
2686	5.3720	24	2		
2687	5.3740	24	2		
2688	5.3760	24	2		
2689	5.3780	24	2		
2690	5.3800	24	2		
2691	5.3820	24	2		
2692	5.3840	24	2		
2693	5.3860	24	2		
2694	5.3880	24	2		
2695	5.3900	24	3		
2696	5.3920	24	3		
2697	5.3940	24	3		
2698	5.3960	24	3		
2699	5.3980	24	3		
2700	5.4000	24	3		
2701	5.4020	25	4		
2702	5.4040	25	4		
2703	5.4060	25	4		
2704	5.4080	25	4		
2705	5.4100	25	4		
2706	5.4120	25	4		
2707	5.4140	25	4		
2708	5.4160	25	4		
2709	5.4180	25	4		
2710	5.4200	25	4		
2711	5.4220	26	5		
2712	5.4240	26	5		
2713	5.4260	26	5		
2714	5.4280	26	5		
2715	5.4300	26	5		
2716	5.4320	26	5		
2717	5.4340	26	5		
2718	5.4360	26	6		
2719	5.4380	26	6		
2720	5.4400	26	6		
2721	5.4420	26	6		
2722	5.4440	26	6		
2723	5.4460	26	6		
2724	5.4480	26	6		
2725	5.4500	26	6		
2726	5.4520	26	6		
2727	5.4540	26	6		
2728	5.4560	26	6		
2729	5.4580	26	7		
2730	5.4600	26	7		
2731	5.4620	26	7		
2732	5.4640	26	7		
2733	5.4660	26	7		
2734	5.4680	26	7		
2735	5.4700	26	7		
2736	5.4720	26	7		
2737	5.4740	26	8		
2738	5.4760	26	8		
2739	5.4780	26	8		
2740	5.4800	26	8		
2741	5.4820	26	8		
2742	5.4840	26	8		
2743	5.4860	26	8		
2744	5.4880	26	8		
2745	5.4900	26	8		
2746	5.4920	26	8		
2747	5.4940	26	8		
2748	5.4960	26	8		
2749	5.4980	26	9		
2750	5.5000	27	9		
2751	5.5020	27	9		
2752	5.5040	27	9		
2753	5.5060	27	9		
2754	5.5080	27	9		
2755	5.5100	27	9		
2756	5.5120	27	9		
2757	5.5140	27	9		
2758	5.5160	27	10		
2759	5.5180	27	10		
2760	5.5200	27	10		
2761	5.5220	27	10		
2762	5.5240	27	10		
2763	5.5260	27	10		
2764	5.5280	27	10		
2765	5.5300	28	10		
2766	5.5320	28	10		
2767	5.5340	28	10		
2768	5.5360	28	10		
2769	5.5380	28	10		
2770	5.5400	28	10		
2771	5.5420	28	10		
2772	5.5440	28	10		
2773	5.5460	28	10		
2774	5.5480	27	10		
2775	5.5500	27	10		
2776	5.5520	27	11		
2777	5.5540	27	11		
2778	5.5560	27	11		
2779	5.5580	27	11		
2780	5.5600	27	11		
2781	5.5620	27	11		
2782	5.5640	27	11		
2783	5.5660	27	11		
2784	5.5680	27	11		
2785	5.5700	27	11		
2786	5.5720	27	11		
2787	5.5740	27	11		
2788	5.5760	27	11		
2789	5.5780	27	11		
2790	5.5800	27	11		
2791	5.5820	27	11		
2792	5.5840	27	12		
2793	5.5860	27	12		
2794	5.5880	27	12		
2795	5.5900	27	12		
2796	5.5920	27	12		
2797	5.5940	27	12		
2798	5.5960	27	12		
2799	5.5980	27	12		
2800	5.6000	27	12		
2801	5.6020	27	12		
2802	5.6040	27	12		
2803	5.6060	27	12		
2804	5.6080	27	12		
2805	5.6100	27	12		
2806	5.6120	27	12		
2807	5.6140	27	12		
2808	5.6160	27	12		
2809	5.6180	27	12		
2810	5.6200	27	12		
2811	5.6220	27	12		
2812	5.6240	27	12		
2813	5.6260	27	12		
2814	5.6280	27	12		
2815	5.6300	27	12		
2816	5.6320	27	12		
2817	5.6340	27	12		
2818	5.6360	27	12		
2819	5.6380	27	12		
2820	5.6400	27	12		
2821	5.6420	27	12		
2822	5.6440	27	12		
2823	5.6460	27	12		
2824	5.6480	27	12		
2825	5.6500	27	12		
2826	5.6520	27	12		
2827	5.6540	27	12		
2828	5.6560	27	12		
2829	5.6580	27	12		
2830	5.6600	27	12		
2831	5.6620	27	12		
2832	5.6640	27	12		
2833	5.6660	27	12		
2834	5.6680	27	12		
2835	5.6700	27	12		
2836	5.6720	27	12		
2837	5.6740	27	12		
2838	5.6760	27	12		
2839	5.6780	27	12		
2840	5.6800	27	12		
2841	5.6820	27	12		
2842	5.6840	27	12		
2843	5.6860	27	12		
2844	5.6880	27	12		
2845	5.6900	27	12		
2846	5.6920	27	12		
2847	5.6940	27	12		
2848	5.6960	27	12		
2849	5.6980	27	12		
2850	5.7000	27	12		
2851	5.7020	27	12		
2852	5.7040	27	12		
2853	5.7060	27	12		
2854	5.7080	27	12		
2855	5.7100	27	12		
2856	5.7120	28	12		
2857	5.7140	28	12		
2858	5.7160	28	11		
2859	5.7180	28	11		
2860	5.7200	28	11		
2861	5.7220	28	11		
2862	5.7240	28	11		
2863	5.7260	28	11		
2864	5.7280	28	11		
2865	5.7300	27	11		
2866	5.7320	27	11		
2867	5.7340	27	11		
2868	5.7360	27	11		
2869	5.7380	27	11		
2870	5.7400	27	11		
2871	5.7420	27	11		
2872	5.7440	27	11		
2873	5.7460	27	11		
2874	5.7480	27	10		
2875	5.7500	27	10		
2876	5.7520	27	10		
2877	5.7540	27	10		
2878	5.7560	27	10		
2879	5.7580	27	10		
2880	5.7600	27	10		
2881	5.7620	26	10		
2882	5.7640	26	10		
2883	5.7660	26	10		
2884	5.7680	26	10		
2885	5.7700	26	10		
2886	5.7720	26	10		
2887	5.7740	26	10		
2888	5.7760	26	10		
2889	5.7780	26	10		
2890	5.7800	26	10		
2891	5.7820	26	9		
2892	5.7840	26	9		
2893	5.7860	26	9		
2894	5.7880	26	9		
2895	5.7900	26	9		
2896	5.7920	26	9		
2897	5.7940	26	9		
2898	5.7960	26	9		
2899	5.7980	26	9		
2900	5.8000	26	9		
2901	5.8020	26	8		
2902	5.8040	26	8		
2903	5.8060	26	8		
2904	5.8080	26	8		
2905	5.8100	26	8		
2906	5.8120	26	8		
2907	5.8140	26	8		
2908	5.8160	26	8		
2909	5.8180	26	8		
2910	5.8200	26	8		
2911	5.8220	26	8		
2912	5.8240	26	8		
2913	5.8260	26	7		
2914	5.8280	26	7		
2915	5.8300	26	7		
2916	5.8320	26	7		
2917	5.8340	26	7		
2918	5.8360	26	7		
2919	5.8380	25	7		
2920	5.8400	25	7		
2921	5.8420	25	6		
2922	5.8440	25	6		
2923	5.8460	25	6		
2924	5.8480	25	6		
2925	5.8500	25	6		
2926	5.8520	25	6		
2927	5.8540	25	6		
2928	5.8560	24	6		
2929	5.8580	24	6		
2930	5.8600	24	6		
2931	5.8620	24	6		
2932	5.8640	24	5		
2933	5.8660	24	5		
2934	5.8680	24	5		
2935	5.8700	24	5		
2936	5.8720	24	5		
2937	5.8740	24	5		
2938	5.8760	24	5		
2939	5.8780	24	4		
2940	5.8800	24	4		
2941	5.8820	24	4		
2942	5.8840	24	4		
2943	5.8860	24	4		
2944	5.8880	24	4		
2945	5.8900	24	4		
2946	5.8920	23	4		
2947	5.8940	23	4		
2948	5.8960	23	4		
2949	5.8980	23	3		
2950	5.9000	23	3		
2951	5.9020	23	3		
2952	5.9040	23	3		
2953	5.9060	23	3		
2954	5.9080	23	3		
2955	5.9100	22	2		
2956	5.9120	22	2		
2957	5.9140	22	2		
2958	5.9160	22	2		
2959	5.9180	22	2		
2960	5.9200	22	2		
2961	5.9220	22	2		
2962	5.9240	22	2		
2963	5.9260	22	2		
2964	5.9280	22	2		
2965	5.9300	22	1		
2966	5.9320	22	1		
2967	5.9340	22	1		
2968	5.9360	22	1		
2969	5.9380	22	1		
2970	5.9400	22	1		
2971	5.9420	22	0		
2972	5.9440	21	0		
2973	5.9460	21	0		
2974	5.9480	21	0		
2975	5.9500	21	0		
2976	5.9520	21	0		
2977	5.9540	21	0		
2978	5.9560	21	0		
2979	5.9580	21	0		
2980	5.9600	20	0		
2981	5.9620	20	-1		
2982	5.9640	20	-1		
2983	5.9660	20	-1		
2984	5.9680	20	-1		
2985	5.9700	20	-1		
2986	5.9720	20	-1		
2987	5.9740	20	-2		
2988	5.9760	20	-2		
2989	5.9780	20	-2		
2990	5.9800	20	-2		
2991	5.9820	20	-2		
2992	5.9840	20	-2		
2993	5.9860	20	-2		
2994	5.9880	20	-2		
2995	5.9900	20	-2		
2996	5.9920	20	-2		
2997	5.9940	20	-3		
2998	5.9960	19	-3		
2999	5.9980	19	-3		
3000	6.0000	19	-3		
3001	6.0020	19	-3		
3002	6.0040	19	-3		
3003	6.0060	19	-4		
3004	6.0080	19	-4		
3005	6.0100	19	-4		
3006	6.0120	19	-4		
3007	6.0140	18	-4		
3008	6.0160	18	-4		
3009	6.0180	18	-4		
3010	6.0200	18	-4		
3011	6.0220	18	-4		
3012	6.0240	18	-4		
3013	6.0260	18	-4		
3014	6.0280	18	-5		
3015	6.0300	18	-5		
3016	6.0320	18	-5		
3017	6.0340	18	-5		
3018	6.0360	18	-5		
3019	6.0380	18	-5		
3020	6.0400	18	-6		
3021	6.0420	18	-6		
3022	6.0440	18	-6		
3023	6.0460	18	-6		
3024	6.0480	18	-6		
3025	6.0500	18	-6		
3026	6.0520	17	-6		
3027	6.0540	17	-6		
3028	6.0560	17	-6		
3029	6.0580	17	-6		
3030	6.0600	17	-6		
3031	6.0620	17	-7		
3032	6.0640	17	-7		
3033	6.0660	17	-7		
3034	6.0680	17	-7		
3035	6.0700	17	-7		
3036	6.0720	17	-7		
3037	6.0740	17	-7		
3038	6.0760	16	-7		
3039	6.0780	16	-8		
3040	6.0800	16	-8		
3041	6.0820	16	-8		
3042	6.0840	16	-8		
3043	6.0860	16	-8		
3044	6.0880	16	-8		
3045	6.0900	16	-8		
3046	6.0920	16	-8		
3047	6.0940	16	-8		
3048	6.0960	16	-8		
3049	6.0980	16	-8		
3050	6.1000	16	-8		
3051	6.1020	16	-9		
3052	6.1040	16	-9		
3053	6.1060	16	-9		
3054	6.1080	16	-9		
3055	6.1100	16	-9		
3056	6.1120	16	-9		
3057	6.1140	16	-9		
3058	6.1160	16	-9		
3059	6.1180	16	-9		
3060	6.1200	16	-9		
3061	6.1220	16	-10		
3062	6.1240	16	-10		
3063	6.1260	15	-10		
3064	6.1280	15	-10		
3065	6.1300	15	-10		
3066	6.1320	15	-10		
3067	6.1340	15	-10		
3068	6.1360	15	-10		
3069	6.1380	15	-10		
3070	6.1400	15	-10		
3071	6.1420	15	-10		
3072	6.1440	15	-10		
3073	6.1460	15	-10		
3074	6.1480	15	-10		
3075	6.1500	15	-10		
3076	6.1520	15	-10		
3077	6.1540	15	-11		
3078	6.1560	15	-11		
3079	6.1580	15	-11		
3080	6.1600	15	-11		
3081	6.1620	15	-11		
3082	6.1640	14	-11		
3083	6.1660	14	-11		
3084	6.1680	14	-11		
3085	6.1700	14	-11		
3086	6.1720	14	-11		
3087	6.1740	14	-11		
3088	6.1760	14	-11		
3089	6.1780	14	-11		
3090	6.1800	14	-11		
3091	6.1820	14	-12		
3092	6.1840	14	-12		
3093	6.1860	14	-12		
3094	6.1880	14	-12		
3095	6.1900	14	-12		
3096	6.1920	14	-12		
3097	6.1940	14	-12		
3098	6.1960	14	-12		
3099	6.1980	14	-12		
3100	6.2000	14	-12		
3101	6.2020	14	-12		
3102	6.2040	14	-12		
3103	6.2060	14	-12		
3104	6.2080	14	-12		
3105	6.2100	14	-12		
3106	6.2120	14	-12		
3107	6.2140	14	-12		
3108	6.2160	14	-12		
3109	6.2180	14	-12		
3110	6.2200	14	-12		
3111	6.2220	14	-12		
3112	6.2240	14	-12		
3113	6.2260	14	-12		
3114	6.2280	14	-12		
3115	6.2300	14	-12		
3116	6.2320	14	-12		
3117	6.2340	14	-12		
3118	6.2360	14	-12		
3119	6.2380	14	-12		
3120	6.2400	14	-12		
3121	6.2420	14	-12		
3122	6.2440	14	-12		
3123	6.2460	14	-12		
3124	6.2480	14	-12		
3125	6.2500	14	-12		
3126	6.2520	14	-12		
3127	6.2540	14	-12		
3128	6.2560	14	-12		
3129	6.2580	14	-12		
3130	6.2600	14	-12		
3131	6.2620	14	-12		
3132	6.2640	14	-12		
3133	6.2660	14	-12		
3134	6.2680	14	-12		
3135	6.2700	14	-12		
3136	6.2720	14	-12		
3137	6.2740	14	-12		
3138	6.2760	14	-12		
3139	6.2780	14	-12		
3140	6.2800	14	-12		
3141	6.2820	14	-12		
3142	6.2840	14	-12		
3143	6.2860	14	-12		
3144	6.2880	14	-12		
3145	6.2900	14	-12		
3146	6.2920	14	-12		
3147	6.2940	14	-12		
3148	6.2960	14	-12		
3149	6.2980	14	-12		
3150	6.3000	14	-12		
3151	6.3020	14	-12		
3152	6.3040	14	-12		
3153	6.3060	14	-12		
3154	6.3080	14	-12		
3155	6.3100	14	-12		
3156	6.3120	14	-12		
3157	6.3140	14	-12		
3158	6.3160	15	-12		
3159	6.3180	15	-12		
3160	6.3200	15	-12		
3161	6.3220	15	-12		
3162	6.3240	15	-12		
3163	6.3260	15	-12		
3164	6.3280	15	-12		
3165	6.3300	15	-12		
3166	6.3320	15	-12		
3167	6.3340	15	-12		
3168	6.3360	15	-12		
3169	6.3380	15	-12		
3170	6.3400	15	-11		
3171	6.3420	15	-11		
3172	6.3440	15	-11		
3173	6.3460	15	-11		
3174	6.3480	15	-11		
3175	6.3500	15	-11		
3176	6.3520	16	-11		
3177	6.3540	16	-11		
3178	6.3560	16	-11		
3179	6.3580	16	-11		
3180	6.3600	16	-11		
3181	6.3620	16	-11		
3182	6.3640	16	-11		
3183	6.3660	16	-11		
3184	6.3680	16	-10		
3185	6.3700	16	-10		
3186	6.3720	16	-10		
3187	6.3740	16	-10		
3188	6.3760	16	-10		
3189	6.3780	16	-10		
3190	6.3800	16	-10		
3191	6.3820	16	-10		
3192	6.3840	16	-10		
3193	6.3860	16	-10		
3194	6.3880	16	-10		
3195	6.3900	16	-10		
3196	6.3920	16	-10		
3197	6.3940	16	-10		
3198	6.3960	16	-10		
3199	6.3980	16	-10		
3200	6.4000	16	-9		
3201	6.4020	16	-9		
3202	6.4040	17	-9		
3203	6.4060	17	-9		
3204	6.4080	17	-9		
3205	6.4100	17	-9		
3206	6.4120	17	-9		
3207	6.4140	17	-9		
3208	6.4160	17	-9		
3209	6.4180	17	-8		
3210	6.4200	17	-8		
3211	6.4220	17	-8		
3212	6.4240	17	-8		
3213	6.4260	18	-8		
3214	6.4280	18	-8		
3215	6.4300	18	-8		
3216	6.4320	18	-8		
3217	6.4340	18	-8		
3218	6.4360	18	-8		
3219	6.4380	18	-8		
3220	6.4400	18	-8		
3221	6.4420	18	-8		
3222	6.4440	18	-7		
3223	6.4460	18	-7		
3224	6.4480	18	-7		
3225	6.4500	18	-7		
3226	6.4520	18	-7		
3227	6.4540	18	-7		
3228	6.4560	18	-7		
3229	6.4580	18	-7		
3230	6.4600	18	-6		
3231	6.4620	18	-6		
3232	6.4640	18	-6		
3233	6.4660	19	-6		
3234	6.4680	19	-6		
3235	6.4700	19	-6		
3236	6.4720	19	-6		
3237	6.4740	19	-6		
3238	6.4760	19	-6		
3239	6.4780	19	-6		
3240	6.4800	19	-5		
3241	6.4820	19	-5		
3242	6.4840	19	-5		
3243	6.4860	20	-5		
3244	6.4880	20	-5		
3245	6.4900	20	-5		
3246	6.4920	20	-5		
3247	6.4940	20	-5		
3248	6.4960	20	-4		
3249	6.4980	20	-4		
3250	6.5000	20	-4		
3251	6.5020	20	-4		
3252	6.5040	20	-4		
3253	6.5060	20	-4		
3254	6.5080	20	-4		
3255	6.5100	20	-4		
3256	6.5120	20	-4		
3257	6.5140	20	-3		
3258	6.5160	20	-3		
3259	6.5180	21	-3		
3260	6.5200	21	-3		
3261	6.5220	21	-3		
3262	6.5240	21	-3		
3263	6.5260	21	-3		
3264	6.5280	21	-2		
3265	6.5300	21	-2		
3266	6.5320	21	-2		
3267	6.5340	21	-2		
3268	6.5360	22	-2		
3269	6.5380	22	-2		
3270	6.5400	22	-2		
3271	6.5420	22	-2		
3272	6.5440	22	-2		
3273	6.5460	22	-2		
3274	6.5480	22	-1		
3275	6.5500	22	-1		
3276	6.5520	22	-1		
3277	6.5540	22	-1		
3278	6.5560	22	-1		
3279	6.5580	22	-1		
3280	6.5600	22	0		
3281	6.5620	22	0		
3282	6.5640	22	0		
3283	6.5660	22	0		
3284	6.5680	22	0		
3285	6.5700	23	0		
3286	6.5720	23	0		
3287	6.5740	23	0		
3288	6.5760	23	0		
3289	6.5780	23	0		
3290	6.5800	23	1		
3291	6.5820	23	1		
3292	6.5840	23	1		
3293	6.5860	23	1		
3294	6.5880	24	1		
3295	6.5900	24	1		
3296	6.5920	24	1		
3297	6.5940	24	2		
3298	6.5960	24	2		
3299	6.5980	24	2		
3300	6.6000	24	2		
3301	6.6020	24	2		
3302	6.6040	24	2		
3303	6.6060	24	2		
3304	6.6080	24	2		
3305	6.6100	24	2		
3306	6.6120	24	3		
3307	6.6140	24	3		
3308	6.6160	24	3		
3309	6.6180	24	3		
3310	6.6200	24	3		
3311	6.6220	24	3		
3312	6.6240	25	3		
3313	6.6260	25	4		
3314	6.6280	25	4		
3315	6.6300	25	4		
3316	6.6320	25	4		
3317	6.6340	25	4		
3318	6.6360	25	4		
3319	6.6380	25	4		
3320	6.6400	25	4		
3321	6.6420	26	4		
3322	6.6440	26	4		
3323	6.6460	26	5		
3324	6.6480	26	5		
3325	6.6500	26	5		
3326	6.6520	26	5		
3327	6.6540	26	5		
3328	6.6560	26	5		
3329	6.6580	26	5		
3330	6.6600	26	6		
3331	6.6620	26	6		
3332	6.6640	26	6		
3333	6.6660	26	6		
3334	6.6680	26	6		
3335	6.6700	26	6		
3336	6.6720	26	6		
3337	6.6740	26	6		
3338	6.6760	26	6		
3339	6.6780	26	6		
3340	6.6800	26	6		
3341	6.6820	26	7		
3342	6.6840	26	7		
3343	6.6860	26	7		
3344	6.6880	26	7		
3345	6.6900	26	7		
3346	6.6920	26	7		
3347	6.6940	26	7		
3348	6.6960	26	7		
3349	6.6980	26	8		
3350	6.7000	26	8		
3351	6.7020	26	8		
3352	6.7040	26	8		
3353	6.7060	26	8		
3354	6.7080	26	8		
3355	6.7100	26	8		
3356	6.7120	26	8		
3357	6.7140	26	8		
3358	6.7160	26	8		
3359	6.7180	26	8		
3360	6.7200	27	8		
3361	6.7220	27	9		
3362	6.7240	27	9		
3363	6.7260	27	9		
3364	6.7280	27	9		
3365	6.7300	27	9		
3366	6.7320	27	9		
3367	6.7340	27	9		
3368	6.7360	27	9		
3369	6.7380	27	9		
3370	6.7400	27	9		
3371	6.7420	27	10		
3372	6.7440	27	10		
3373	6.7460	27	10		
3374	6.7480	27	10		
3375	6.7500	28	10		
3376	6.7520	28	10		
3377	6.7540	28	10		
3378	6.7560	28	10		
3379	6.7580	28	10		
3380	6.7600	28	10		
3381	6.7620	28	10		
3382	6.7640	28	10		
3383	6.7660	28	10		
3384	6.7680	28	10		
3385	6.7700	27	10		
3386	6.7720	27	10		
3387	6.7740	27	10		
3388	6.7760	27	10		
3389	6.7780	27	11		
3390	6.7800	27	11		
3391	6.7820	27	11		
3392	6.7840	27	11		
3393	6.7860	27	11		
3394	6.7880	27	11		
3395	6.7900	27	11		
3396	6.7920	27	11		
3397	6.7940	27	11		
3398	6.7960	27	11		
3399	6.7980	27	11		
3400	6.8000	27	11		
3401	6.8020	27	11		
3402	6.8040	27	11		
3403	6.8060	27	11		
3404	6.8080	27	11		
3405	6.8100	27	11		
3406	6.8120	27	12		
3407	6.8140	27	12		
3408	6.8160	27	12		
3409	6.8180	27	12		
3410	6.8200	27	12		
3411	6.8220	27	12		
3412	6.8240	27	12		
3413	6.8260	27	12		
3414	6.8280	27	12		
3415	6.8300	27	12		
3416	6.8320	27	12		
3417	6.8340	27	12		
3418	6.8360	27	12		
3419	6.8380	27	12		
3420	6.8400	27	12		
3421	6.8420	27	12		
3422	6.8440	27	12		
3423	6.8460	27	12		
3424	6.8480	27	12		
3425	6.8500	27	12		
3426	6.8520	27	12		
3427	6.8540	27	12		
3428	6.8560	27	12		
3429	6.8580	27	12		
3430	6.8600	27	12		
3431	6.8620	27	12		
3432	6.8640	27	12		
3433	6.8660	27	12		
3434	6.8680	27	12		
3435	6.8700	27	12		
3436	6.8720	27	12		
3437	6.8740	27	12		
3438	6.8760	27	12		
3439	6.8780	27	12		
3440	6.8800	27	12		
3441	6.8820	27	12		
3442	6.8840	27	12		
3443	6.8860	27	12		
3444	6.8880	27	12		
3445	6.8900	27	12		
3446	6.8920	27	12		
3447	6.8940	27	12		
3448	6.8960	27	12		
3449	6.8980	27	12		
3450	6.9000	27	12		
3451	6.9020	27	12		
3452	6.9040	27	12		
3453	6.9060	27	12		
3454	6.9080	27	12		
3455	6.9100	27	12		
3456	6.9120	27	12		
3457	6.9140	27	12		
3458	6.9160	27	12		
3459	6.9180	27	12		
3460	6.9200	27	12		
3461	6.9220	27	12		
3462	6.9240	27	12		
3463	6.9260	27	12		
3464	6.9280	27	12		
3465	6.9300	27	12		
3466	6.9320	27	12		
3467	6.9340	28	12		
3468	6.9360	28	11		
3469	6.9380	28	11		
3470	6.9400	28	11		
3471	6.9420	28	11		
3472	6.9440	28	11		
3473	6.9460	28	11		
3474	6.9480	28	11		
3475	6.9500	28	11		
3476	6.9520	27	11		
3477	6.9540	27	11		
3478	6.9560	27	11		
3479	6.9580	27	11		
3480	6.9600	27	11		
3481	6.9620	27	11		
3482	6.9640	27	11		
3483	6.9660	27	11		
3484	6.9680	27	11		
3485	6.9700	27	10		
3486	6.9720	27	10		
3487	6.9740	27	10		
3488	6.9760	27	10		
3489	6.9780	27	10		
3490	6.9800	27	10		
3491	6.9820	26	10		
3492	6.9840	26	10		
3493	6.9860	26	10		
3494	6.9880	26	10		
3495	6.9900	26	10		
3496	6.9920	26	10		
3497	6.9940	26	10		
3498	6.9960	26	10		
3499	6.9980	26	10		
3500	7.0000	26	10		
3501	7.0020	26	10		
3502	7.0040	26	9		
3503	7.0060	26	9		
3504	7.0080	26	9		
3505	7.0100	26	9		
3506	7.0120	26	9		
3507	7.0140	26	9		
3508	7.0160	26	9		
3509	7.0180	26	9		
3510	7.0200	26	9		
3511	7.0220	26	9		
3512	7.0240	26	8		
3513	7.0260	26	8		
3514	7.0280	26	8		
3515	7.0300	26	8		
3516	7.0320	26	8		
3517	7.0340	26	8		
3518	7.0360	26	8		
3519	7.0380	26	8		
3520	7.0400	26	8		
3521	7.0420	26	8		
3522	7.0440	26	8		
3523	7.0460	26	8		
3524	7.0480	26	8		
3525	7.0500	26	7		
3526	7.0520	26	7		
3527	7.0540	26	7		
3528	7.0560	26	7		
3529	7.0580	26	7		
3530	7.0600	25	7		
3531	7.0620	25	7		
3532	7.0640	25	7		
3533	7.0660	25	6		
3534	7.0680	25	6		
3535	7.0700	25	6		
3536	7.0720	25	6		
3537	7.0740	25	6		
3538	7.0760	25	6		
3539	7.0780	24	6		
3540	7.0800	24	6		
3541	7.0820	24	6		
3542	7.0840	24	6		
3543	7.0860	24	6		
3544	7.0880	24	5		
3545	7.0900	24	5		
3546	7.0920	24	5		
3547	7.0940	24	5		
3548	7.0960	24	5		
3549	7.0980	24	5		
3550	7.1000	24	5		
3551	7.1020	24	4		
3552	7.1040	24	4		
3553	7.1060	24	4		
3554	7.1080	24	4		
3555	7.1100	24	4		
3556	7.1120	24	4		
3557	7.1140	23	4		
3558	7.1160	23	4		
3559	7.1180	23	4		
3560	7.1200	23	4		
3561	7.1220	23	3		
3562	7.1240	23	3		
3563	7.1260	23	3		
3564	7.1280	23	3		
3565	7.1300	22	3		
3566	7.1320	22	3		
3567	7.1340	22	2		
3568	7.1360	22	2		
3569	7.1380	22	2		
3570	7.1400	22	2		
3571	7.1420	22	2		
3572	7.1440	22	2		
3573	7.1460	22	2		
3574	7.1480	22	2		
3575	7.1500	22	2		
3576	7.1520	22	2		
3577	7.1540	22	1		
3578	7.1560	22	1		
3579	7.1580	22	1		
3580	7.1600	22	1		
3581	7.1620	22	1		
3582	7.1640	22	1		
3583	7.1660	21	1		
3584	7.1680	21	0		
3585	7.1700	21	0		
3586	7.1720	21	0		
3587	7.1740	21	0		
3588	7.1760	21	0		
3589	7.1780	21	0		
3590	7.1800	21	0		
3591	7.1820	20	0		
3592	7.1840	20	0		
3593	7.1860	20	-1		
3594	7.1880	20	-1		
3595	7.1900	20	-1		
3596	7.1920	20	-1		
3597	7.1940	20	-1		
3598	7.1960	20	-1		
3599	7.1980	20	-1		
3600	7.2000	20	-2		
3601	7.2020	20	-2		
3602	7.2040	20	-2		
3603	7.2060	20	-2		
3604	7.2080	20	-2		
3605	7.2100	20	-2		
3606	7.2120	20	-2		
3607	7.2140	20	-2		
3608	7.2160	19	-2		
3609	7.2180	19	-3		
3610	7.2200	19	-3		
3611	7.2220	19	-3		
3612	7.2240	19	-3		
3613	7.2260	19	-3		
3614	7.2280	19	-3		
3615	7.2300	19	-3		
3616	7.2320	19	-4		
3617	7.2340	19	-4		
3618	7.2360	18	-4		
3619	7.2380	18	-4		
3620	7.2400	18	-4		
3621	7.2420	18	-4		
3622	7.2440	18	-4		
3623	7.2460	18	-4		
3624	7.2480	18	-4		
3625	7.2500	18	-4		
3626	7.2520	18	-5		
3627	7.2540	18	-5		
3628	7.2560	18	-5		
3629	7.2580	18	-5		
3630	7.2600	18	-5		
3631	7.2620	18	-5		
3632	7.2640	18	-5		
3633	7.2660	18	-6		
3634	7.2680	18	-6		
3635	7.2700	18	-6		
3636	7.2720	18	-6		
3637	7.2740	17	-6		
3638	7.2760	17	-6		
3639	7.2780	17	-6		
3640	7.2800	17	-6		
3641	7.2820	17	-6		
3642	7.2840	17	-6		
3643	7.2860	17	-6		
3644	7.2880	17	-7		
3645	7.2900	17	-7		
3646	7.2920	17	-7		
3647	7.2940	17	-7		
3648	7.2960	17	-7		
3649	7.2980	16	-7		
3650	7.3000	16	-7		
3651	7.3020	16	-8		
3652	7.3040	16	-8		
3653	7.3060	16	-8		
3654	7.3080	16	-8		
3655	7.3100	16	-8		
3656	7.3120	16	-8		
3657	7.3140	16	-8		
3658	7.3160	16	-8		
3659	7.3180	16	-8		
3660	7.3200	16	-8		
3661	7.3220	16	-8		
3662	7.3240	16	-8		
3663	7.3260	16	-8		
3664	7.3280	16	-9		
3665	7.3300	16	-9		
3666	7.3320	16	-9		
3667	7.3340	16	-9		
3668	7.3360	16	-9		
3669	7.3380	16	-9		
3670	7.3400	16	-9		
3671	7.3420	16	-9		
3672	7.3440	16	-9		
3673	7.3460	16	-10		
3674	7.3480	15	-10		
3675	7.3500	15	-10		
3676	7.3520	15	-10		
3677	7.3540	15	-10		
3678	7.3560	15	-10		
3679	7.3580	15	-10		
3680	7.3600	15	-10		
3681	7.3620	15	-10		
3682	7.3640	15	-10		
3683	7.3660	15	-10		
3684	7.3680	15	-10		
3685	7.3700	15	-10		
3686	7.3720	15	-10		
3687	7.3740	15	-10		
3688	7.3760	15	-10		
3689	7.3780	15	-11		
3690	7.3800	15	-11		
3691	7.3820	15	-11		
3692	7.3840	15	-11		
3693	7.3860	14	-11		
3694	7.3880	14	-11		
3695	7.3900	14	-11		
3696	7.3920	14	-11		
3697	7.3940	14	-11		
3698	7.3960	14	-11		
3699	7.3980	14	-11		
3700	7.4000	14	-11		
3701	7.4020	14	-11		
3702	7.4040	14	-11		
3703	7.4060	14	-12		
3704	7.4080	14	-12		
3705	7.4100	14	-12		
3706	7.4120	14	-12		
3707	7.4140	14	-12		
3708	7.4160	14	-12		
3709	7.4180	14	-12		
3710	7.4200	14	-12		
3711	7.4220	14	-12		
3712	7.4240	14	-12		
3713	7.4260	14	-12		
3714	7.4280	14	-12		
3715	7.4300	14	-12		
3716	7.4320	14	-12		
3717	7.4340	14	-12		
3718	7.4360	14	-12		
3719	7.4380	14	-12		
3720	7.4400	14	-12		
3721	7.4420	14	-12		
3722	7.4440	14	-12		
3723	7.4460	14	-12		
3724	7.4480	14	-12		
3725	7.4500	14	-12		
3726	7.4520	14	-12		
3727	7.4540	14	-12		
3728	7.4560	14	-12		
3729	7.4580	14	-12		
3730	7.4600	14	-12		
3731	7.4620	14	-12		
3732	7.4640	14	-12		
3733	7.4660	14	-12		
3734	7.4680	14	-12		
3735	7.4700	14	-12		
3736	7.4720	14	-12		
3737	7.4740	14	-12		
3738	7.4760	14	-12		
3739	7.4780	14	-12		
3740	7.4800	14	-12		
3741	7.4820	14	-12		
3742	7.4840	14	-12		
3743	7.4860	14	-12		
3744	7.4880	14	-12		
3745	7.4900	14	-12		
3746	7.4920	14	-12		
3747	7.4940	14	-12		
3748	7.4960	14	-12		
3749	7.4980	14	-12		
3750	7.5000	14	-12		
3751	7.5020	14	-12		
3752	7.5040	14	-12		
3753	7.5060	14	-12		
3754	7.5080	14	-12		
3755	7.5100	14	-12		
3756	7.5120	14	-12		
3757	7.5140	14	-12		
3758	7.5160	14	-12		
3759	7.5180	14	-12		
3760	7.5200	14	-12		
3761	7.5220	14	-12		
3762	7.5240	14	-12		
3763	7.5260	14	-12		
3764	7.5280	14	-12		
3765	7.5300	14	-12		
3766	7.5320	14	-12		
3767	7.5340	14	-12		
3768	7.5360	15	-12		
3769	7.5380	15	-12		
3770	7.5400	15	-12		
3771	7.5420	15	-12		
3772	7.5440	15	-12		
3773	7.5460	15	-12		
3774	7.5480	15	-12		
3775	7.5500	15	-12		
3776	7.5520	15	-12		
3777	7.5540	15	-12		
3778	7.5560	15	-12		
3779	7.5580	15	-12		
3780	7.5600	15	-12		
3781	7.5620	15	-12		
3782	7.5640	15	-12		
3783	7.5660	15	-12		
3784	7.5680	15	-11		
3785	7.5700	15	-11		
3786	7.5720	15	-11		
3787	7.5740	16	-11		
3788	7.5760	16	-11		
3789	7.5780	16	-11		
3790	7.5800	16	-11		
3791	7.5820	16	-11		
3792	7.5840	16	-11		
3793	7.5860	16	-11		
3794	7.5880	16	-11		
3795	7.5900	16	-11		
3796	7.5920	16	-11		
3797	7.5940	16	-11		
3798	7.5960	16	-10		
3799	7.5980	16	-10		
3800	7.6000	16	-10		
3801	7.6020	16	-10		
3802	7.6040	16	-10		
3803	7.6060	16	-10		
3804	7.6080	16	-10		
3805	7.6100	16	-10		
3806	7.6120	16	-10		
3807	7.6140	16	-10		
3808	7.6160	16	-10		
3809	7.6180	16	-10		
3810	7.6200	16	-10		
3811	7.6220	16	-10		
3812	7.6240	16	-10		
3813	7.6260	17	-9		
3814	7.6280	17	-9		
3815	7.6300	17	-9		
3816	7.6320	17	-9		
3817	7.6340	17	-9		
3818	7.6360	17	-9		
3819	7.6380	17	-9		
3820	7.6400	17	-9		
3821	7.6420	17	-9		
3822	7.6440	17	-9		
3823	7.6460	17	-8		
3824	7.6480	18	-8		
3825	7.6500	18	-8		
3826	7.6520	18	-8		
3827	7.6540	18	-8		
3828	7.6560	18	-8		
3829	7.6580	18	-8		
3830	7.6600	18	-8		
3831	7.6620	18	-8		
3832	7.6640	18	-8		
3833	7.6660	18	-8		
3834	7.6680	18	-8		
3835	7.6700	18	-7		
3836	7.6720	18	-7		
3837	7.6740	18	-7		
3838	7.6760	18	-7		
3839	7.6780	18	-7		
3840	7.6800	18	-7		
3841	7.6820	18	-7		
3842	7.6840	18	-7		
3843	7.6860	18	-6		
3844	7.6880	19	-6		
3845	7.6900	19	-6		
3846	7.6920	19	-6		
3847	7.6940	19	-6		
3848	7.6960	19	-6		
3849	7.6980	19	-6		
3850	7.7000	19	-6		
3851	7.7020	19	-6		
3852	7.7040	19	-6		
3853	7.7060	20	-5		
3854	7.7080	20	-5		
3855	7.7100	20	-5		
3856	7.7120	20	-5		
3857	7.7140	20	-5		
3858	7.7160	20	-5		
3859	7.7180	20	-5		
3860	7.7200	20	-4		
3861	7.7220	20	-4		
3862	7.7240	20	-4		
3863	7.7260	20	-4		
3864	7.7280	20	-4		
3865	7.7300	20	-4		
3866	7.7320	20	-4		
3867	7.7340	20	-4		
3868	7.7360	20	-4		
3869	7.7380	20	-4		
3870	7.7400	21	-3		
3871	7.7420	21	-3		
3872	7.7440	21	-3		
3873	7.7460	21	-3		
3874	7.7480	21	-3		
3875	7.7500	21	-3		
3876	7.7520	21	-3		
3877	7.7540	21	-2		
3878	7.7560	21	-2		
3879	7.7580	22	-2		
3880	7.7600	22	-2		
3881	7.7620	22	-2		
3882	7.7640	22	-2		
3883	7.7660	22	-2		
3884	7.7680	22	-2		
3885	7.7700	22	-2		
3886	7.7720	22	-2		
3887	7.7740	22	-1		
3888	7.7760	22	-1		
3889	7.7780	22	-1		
3890	7.7800	22	-1		
3891	7.7820	22	-1		
3892	7.7840	22	-1		
3893	7.7860	22	0		
3894	7.7880	22	0		
3895	7.7900	22	0		
3896	7.7920	23	0		
3897	7.7940	23	0		
3898	7.7960	23	0		
3899	7.7980	23	0		
3900	7.8000	23	0		
3901	7.8020	23	0		
3902	7.8040	23	1		
3903	7.8060	23	1		
3904	7.8080	23	1		
3905	7.8100	24	1		
3906	7.8120	24	1		
3907	7.8140	24	1		
3908	7.8160	24	1		
3909	7.8180	24	2		
3910	7.8200	24	2		
3911	7.8220	24	2		
3912	7.8240	24	2		
3913	7.8260	24	2		
3914	7.8280	24	2		
3915	7.8300	24	2		
3916	7.8320	24	2		
3917	7.8340	24	2		
3918	7.8360	24	3		
3919	7.8380	24	3		
3920	7.8400	24	3		
3921	7.8420	24	3		
3922	7.8440	25	3		
3923	7.8460	25	3		
3924	7.8480	25	3		
3925	7.8500	25	4		
3926	7.8520	25	4		
3927	7.8540	25	4		
3928	7.8560	25	4		
3929	7.8580	25	4		
3930	7.8600	25	4		
3931	7.8620	25	4		
3932	7.8640	26	4		
3933	7.8660	26	4		
3934	7.8680	26	4		
3935	7.8700	26	5		
3936	7.8720	26	5		
3937	7.8740	26	5		
3938	7.8760	26	5		
3939	7.8780	26	5		
3940	7.8800	26	5		
3941	7.8820	26	5		
3942	7.8840	26	5		
3943	7.8860	26	6		
3944	7.8880	26	6		
3945	7.8900	26	6		
3946	7.8920	26	6		
3947	7.8940	26	6		
3948	7.8960	26	6		
3949	7.8980	26	6		
3950	7.9000	26	6		
3951	7.9020	26	6		
3952	7.9040	26	6		
3953	7.9060	26	7		
3954	7.9080	26	7		
3955	7.9100	26	7		
3956	7.9120	26	7		
3957	7.9140	26	7		
3958	7.9160	26	7		
3959	7.9180	26	7		
3960	7.9200	26	7		
3961	7.9220	26	8		
3962	7.9240	26	8		
3963	7.9260	26	8		
3964	7.9280	26	8		
3965	7.9300	26	8		
3966	7.9320	26	8		
3967	7.9340	26	8		
3968	7.9360	26	8		
3969	7.9380	26	8		
3970	7.9400	26	8		
3971	7.9420	27	8		
3972	7.9440	27	8		
3973	7.9460	27	8		
3974	7.9480	27	9		
3975	7.9500	27	9		
3976	7.9520	27	9		
3977	7.9540	27	9		
3978	7.9560	27	9		
3979	7.9580	27	9		
3980	7.9600	27	9		
3981	7.9620	27	9		
3982	7.9640	27	9		
3983	7.9660	27	9		
3984	7.9680	27	10		
3985	7.9700	27	10		
3986	7.9720	28	10		
3987	7.9740	28	10		
3988	7.9760	28	10		
3989	7.9780	28	10		
3990	7.9800	28	10		
3991	7.9820	28	10		
3992	7.9840	28	10		
3993	7.9860	28	10		
3994	7.9880	28	10		
3995	7.9900	28	10		
3996	7.9920	27	10		
3997	7.9940	27	10		
3998	7.9960	27	10		
3999	7.9980	27	10		
4000	8.0000	27	10		
4001	8.0020	27	11		
4002	8.0040	27	11		
4003	8.0060	27	11		
4004	8.0080	27	11		
4005	8.0100	27	11		
4006	8.0120	27	11		
4007	8.0140	27	11		
4008	8.0160	27	11		
4009	8.0180	27	11		
4010	8.0200	27	11		
4011	8.0220	27	11		
4012	8.0240	27	11		
4013	8.0260	27	11		
4014	8.0280	27	11		
4015	8.0300	27	11		
4016	8.0320	27	11		
4017	8.0340	27	11		
4018	8.0360	27	12		
4019	8.0380	27	12		
4020	8.0400	27	12		
4021	8.0420	27	12		
4022	8.0440	27	12		
4023	8.0460	27	12		
4024	8.0480	27	12		
4025	8.0500	27	12		
4026	8.0520	27	12		
4027	8.0540	27	12		
4028	8.0560	27	12		
4029	8.0580	27	12		
4030	8.0600	27	12		
4031	8.0620	27	12		
4032	8.0640	27	12		
4033	8.0660	27	12		
4034	8.0680	27	12		
4035	8.0700	27	12		
4036	8.0720	27	12		
4037	8.0740	27	12		
4038	8.0760	27	12		
4039	8.0780	27	12		
4040	8.0800	27	12		
4041	8.0820	27	12		
4042	8.0840	27	12		
4043	8.0860	27	12		
4044	8.0880	27	12		
4045	8.0900	27	12		
4046	8.0920	27	12		
4047	8.0940	27	12		
4048	8.0960	27	12		
4049	8.0980	27	12		
4050	8.1000	27	12		
4051	8.1020	27	12		
4052	8.1040	27	12		
4053	8.1060	27	12		
4054	8.1080	27	12		
4055	8.1100	27	12		
4056	8.1120	27	12		
4057	8.1140	27	12		
4058	8.1160	27	12		
4059	8.1180	27	12		
4060	8.1200	27	12		
4061	8.1220	27	12		
4062	8.1240	27	12		
4063	8.1260	27	12		
4064	8.1280	27	12		
4065	8.1300	27	12		
4066	8.1320	27	12		
4067	8.1340	27	12		
4068	8.1360	27	12		
4069	8.1380	27	12		
4070	8.1400	27	12		
4071	8.1420	27	12		
4072	8.1440	27	12		
4073	8.1460	27	12		
4074	8.1480	27	12		
4075	8.1500	27	12		
4076	8.1520	27	12		
4077	8.1540	27	12		
4078	8.1560	28	12		
4079	8.1580	28	12		
4080	8.1600	28	12		
4081	8.1620	28	11		
4082	8.1640	28	11		
4083	8.1660	28	11		
4084	8.1680	28	11		
4085	8.1700	28	11		
4086	8.1720	27	11		
4087	8.1740	27	11		
4088	8.1760	27	11		
4089	8.1780	27	11		
4090	8.1800	27	11		
4091	8.1820	27	11		
4092	8.1840	27	11		
4093	8.1860	27	11		
4094	8.1880	27	11		
4095	8.1900	27	11		
4096	8.1920	27	11		
4097	8.1940	27	11		
4098	8.1960	27	10		
4099	8.1980	27	10		
4100	8.2000	27	10		
4101	8.2020	26	10		
4102	8.2040	26	10		
4103	8.2060	26	10		
4104	8.2080	26	10		
4105	8.2100	26	10		
4106	8.2120	26	10		
4107	8.2140	26	10		
4108	8.2160	26	10		
4109	8.2180	26	10		
4110	8.2200	26	10		
4111	8.2220	26	10		
4112	8.2240	26	10		
4113	8.2260	26	10		
4114	8.2280	26	10		
4115	8.2300	26	9		
4116	8.2320	26	9		
4117	8.2340	26	9		
4118	8.2360	26	9		
4119	8.2380	26	9		
4120	8.2400	26	9		
4121	8.2420	26	9		
4122	8.2440	26	9		
4123	8.2460	26	9		
4124	8.2480	26	9		
4125	8.2500	26	8		
4126	8.2520	26	8		
4127	8.2540	26	8		
4128	8.2560	26	8		
4129	8.2580	26	8		
4130	8.2600	26	8		
4131	8.2620	26	8		
4132	8.2640	26	8		
4133	8.2660	26	8		
4134	8.2680	26	8		
4135	8.2700	26	8		
4136	8.2720	26	8		
4137	8.2740	26	7		
4138	8.2760	26	7		
4139	8.2780	26	7		
4140	8.2800	25	7		
4141	8.2820	25	7		
4142	8.2840	25	7		
4143	8.2860	25	7		
4144	8.2880	25	7		
4145	8.2900	25	7		
4146	8.2920	25	6		
4147	8.2940	25	6		
4148	8.2960	25	6		
4149	8.2980	25	6		
4150	8.3000	24	6		
4151	8.3020	24	6		
4152	8.3040	24	6		
4153	8.3060	24	6		
4154	8.3080	24	6		
4155	8.3100	24	6		
4156	8.3120	24	5		
4157	8.3140	24	5		
4158	8.3160	24	5		
4159	8.3180	24	5		
4160	8.3200	24	5		
4161	8.3220	24	5		
4162	8.3240	24	5		
4163	8.3260	24	4		
4164	8.3280	24	4		
4165	8.3300	24	4		
4166	8.3320	24	4		
4167	8.3340	23	4		
4168	8.3360	23	4		
4169	8.3380	23	4		
4170	8.3400	23	4		
4171	8.3420	23	4		
4172	8.3440	23	4		
4173	8.3460	23	3		
4174	8.3480	23	3		
4175	8.3500	23	3		
4176	8.3520	22	3		
4177	8.3540	22	3		
4178	8.3560	22	3		
4179	8.3580	22	3		
4180	8.3600	22	2		
4181	8.3620	22	2		
4182	8.3640	22	2		
4183	8.3660	22	2		
4184	8.3680	22	2		
4185	8.3700	22	2		
4186	8.3720	22	2		
4187	8.3740	22	2		
4188	8.3760	22	2		
4189	8.3780	22	2		
4190	8.3800	22	1		
4191	8.3820	22	1		
4192	8.3840	22	1		
4193	8.3860	21	1		
4194	8.3880	21	1		
4195	8.3900	21	1		
4196	8.3920	21	0		
4197	8.3940	21	0		
4198	8.3960	21	0		
4199	8.3980	21	0		
4200	8.4000	21	0		
4201	8.4020	20	0		
4202	8.4040	20	0		
4203	8.4060	20	0		
4204	8.4080	20	0		
4205	8.4100	20	-1		
4206	8.4120	20	-1		
4207	8.4140	20	-1		
4208	8.4160	20	-1		
4209	8.4180	20	-1		
4210	8.4200	20	-1		
4211	8.4220	20	-1		
4212	8.4240	20	-2		
4213	8.4260	20	-2		
4214	8.4280	20	-2		
4215	8.4300	20	-2		
4216	8.4320	20	-2		
4217	8.4340	20	-2		
4218	8.4360	20	-2		
4219	8.4380	19	-2		
4220	8.4400	19	-2		
4221	8.4420	19	-2		
4222	8.4440	19	-3		
4223	8.4460	19	-3		
4224	8.4480	19	-3		
4225	8.4500	19	-3		
4226	8.4520	19	-3		
4227	8.4540	19	-3		
4228	8.4560	18	-4		
4229	8.4580	18	-4		
4230	8.4600	18	-4		
4231	8.4620	18	-4		
4232	8.4640	18	-4		
4233	8.4660	18	-4		
4234	8.4680	18	-4		
4235	8.4700	18	-4		
4236	8.4720	18	-4		
4237	8.4740	18	-4		
4238	8.4760	18	-4		
4239	8.4780	18	-5		
4240	8.4800	18	-5		
4241	8.4820	18	-5		
4242	8.4840	18	-5		
4243	8.4860	18	-5		
4244	8.4880	18	-5		
4245	8.4900	18	-6		
4246	8.4920	18	-6		
4247	8.4940	18	-6		
4248	8.4960	17	-6		
4249	8.4980	17	-6		
4250	8.5000	17	-6		
4251	8.5020	17	-6		
4252	8.5040	17	-6		
4253	8.5060	17	-6		
4254	8.5080	17	-6		
4255	8.5100	17	-6		
4256	8.5120	17	-7		
4257	8.5140	17	-7		
4258	8.5160	17	-7		
4259	8.5180	16	-7		
4260	8.5200	16	-7		
4261	8.5220	16	-7		
4262	8.5240	16	-7		
4263	8.5260	16	-7		
4264	8.5280	16	-8		
4265	8.5300	16	-8		
4266	8.5320	16	-8		
4267	8.5340	16	-8		
4268	8.5360	16	-8		
4269	8.5380	16	-8		
4270	8.5400	16	-8		
4271	8.5420	16	-8		
4272	8.5440	16	-8		
4273	8.5460	16	-8		
4274	8.5480	16	-8		
4275	8.5500	16	-8		
4276	8.5520	16	-9		
4277	8.5540	16	-9		
4278	8.5560	16	-9		
4279	8.5580	16	-9		
4280	8.5600	16	-9		
4281	8.5620	16	-9		
4282	8.5640	16	-9		
4283	8.5660	16	-9		
4284	8.5680	16	-9		
4285	8.5700	15	-10		
4286	8.5720	15	-10		
4287	8.5740	15	-10		
4288	8.5760	15	-10		
4289	8.5780	15	-10		
4290	8.5800	15	-10		
4291	8.5820	15	-10		
4292	8.5840	15	-10		
4293	8.5860	15	-10		
4294	8.5880	15	-10		
4295	8.5900	15	-10		
4296	8.5920	15	-10		
4297	8.5940	15	-10		
4298	8.5960	15	-10		
4299	8.5980	15	-10		
4300	8.6000	15	-10		
4301	8.6020	15	-11		
4302	8.6040	15	-11		
4303	8.6060	15	-11		
4304	8.6080	14	-11		
4305	8.6100	14	-11		
4306	8.6120	14	-11		
4307	8.6140	14	-11		
4308	8.6160	14	-11		
4309	8.6180	14	-11		
4310	8.6200	14	-11		
4311	8.6220	14	-11		
4312	8.6240	14	-11		
4313	8.6260	14	-11		
4314	8.6280	14	-12		
4315	8.6300	14	-12		
4316	8.6320	14	-12		
4317	8.6340	14	-12		
4318	8.6360	14	-12		
4319	8.6380	14	-12		
4320	8.6400	14	-12		
4321	8.6420	14	-12		
4322	8.6440	14	-12		
4323	8.6460	14	-12		
4324	8.6480	14	-12		
4325	8.6500	14	-12		
4326	8.6520	14	-12		
4327	8.6540	14	-12		
4328	8.6560	14	-12		
4329	8.6580	14	-12		
4330	8.6600	14	-12		
4331	8.6620	14	-12		
4332	8.6640	14	-12		
4333	8.6660	14	-12		
4334	8.6680	14	-12		
4335	8.6700	14	-12		
4336	8.6720	14	-12		
4337	8.6740	14	-12		
4338	8.6760	14	-12		
4339	8.6780	14	-12		
4340	8.6800	14	-12		
4341	8.6820	14	-12		
4342	8.6840	14	-12		
4343	8.6860	14	-12		
4344	8.6880	14	-12		
4345	8.6900	14	-12		
4346	8.6920	14	-12		
4347	8.6940	14	-12		
4348	8.6960	14	-12		
4349	8.6980	14	-12		
4350	8.7000	14	-12		
4351	8.7020	14	-12		
4352	8.7040	14	-12		
4353	8.7060	14	-12		
4354	8.7080	14	-12		
4355	8.7100	14	-12		
4356	8.7120	14	-12		
4357	8.7140	14	-12		
4358	8.7160	14	-12		
4359	8.7180	14	-12		
4360	8.7200	14	-12		
4361	8.7220	14	-12		
4362	8.7240	14	-12		
4363	8.7260	14	-12		
4364	8.7280	14	-12		
4365	8.7300	14	-12		
4366	8.7320	14	-12		
4367	8.7340	14	-12		
4368	8.7360	14	-12		
4369	8.7380	14	-12		
4370	8.7400	14	-12		
4371	8.7420	14	-12		
4372	8.7440	14	-12		
4373	8.7460	14	-12		
4374	8.7480	14	-12		
4375	8.7500	14	-12		
4376	8.7520	14	-12		
4377	8.7540	14	-12		
4378	8.7560	14	-12		
4379	8.7580	15	-12		
4380	8.7600	15	-12		
4381	8.7620	15	-12		
4382	8.7640	15	-12		
4383	8.7660	15	-12		
4384	8.7680	15	-12		
4385	8.7700	15	-12		
4386	8.7720	15	-12		
4387	8.7740	15	-12		
4388	8.7760	15	-12		
4389	8.7780	15	-12		
4390	8.7800	15	-12		
4391	8.7820	15	-12		
4392	8.7840	15	-12		
4393	8.7860	15	-12		
4394	8.7880	15	-12		
4395	8.7900	15	-12		
4396	8.7920	15	-12		
4397	8.7940	15	-11		
4398	8.7960	16	-11		
4399	8.7980	16	-11		
4400	8.8000	16	-11		
4401	8.8020	16	-11		
4402	8.8040	16	-11		
4403	8.8060	16	-11		
4404	8.8080	16	-11		
4405	8.8100	16	-11		
4406	8.8120	16	-11		
4407	8.8140	16	-11		
4408	8.8160	16	-11		
4409	8.8180	16	-11		
4410	8.8200	16	-10		
4411	8.8220	16	-10		
4412	8.8240	16	-10		
4413	8.8260	16	-10		
4414	8.8280	16	-10		
4415	8.8300	16	-10		
4416	8.8320	16	-10		
4417	8.8340	16	-10		
4418	8.8360	16	-10		
4419	8.8380	16	-10		
4420	8.8400	16	-10		
4421	8.8420	16	-10		
4422	8.8440	16	-10		
4423	8.8460	16	-10		
4424	8.8480	17	-10		
4425	8.8500	17	-10		
4426	8.8520	17	-9		
4427	8.8540	17	-9		
4428	8.8560	17	-9		
4429	8.8580	17	-9		
4430	8.8600	17	-9		
4431	8.8620	17	-9		
4432	8.8640	17	-9		
4433	8.8660	17	-9		
4434	8.8680	17	-9		
4435	8.8700	18	-8		
4436	8.8720	18	-8		
4437	8.8740	18	-8		
4438	8.8760	18	-8		
4439	8.8780	18	-8		
4440	8.8800	18	-8		
4441	8.8820	18	-8		
4442	8.8840	18	-8		
4443	8.8860	18	-8		
4444	8.8880	18	-8		
4445	8.8900	18	-8		
4446	8.8920	18	-8		
4447	8.8940	18	-7		
4448	8.8960	18	-7		
4449	8.8980	18	-7		
4450	8.9000	18	-7		
4451	8.9020	18	-7		
4452	8.9040	18	-7		
4453	8.9060	18	-7		
4454	8.9080	19	-7		
4455	8.9100	19	-6		
4456	8.9120	19	-6		
4457	8.9140	19	-6		
4458	8.9160	19	-6		
4459	8.9180	19	-6		
4460	8.9200	19	-6		
4461	8.9220	19	-6		
4462	8.9240	19	-6		
4463	8.9260	19	-6		
4464	8.9280	20	-6		
4465	8.9300	20	-5		
4466	8.9320	20	-5		
4467	8.9340	20	-5		
4468	8.9360	20	-5		
4469	8.9380	20	-5		
4470	8.9400	20	-5		
4471	8.9420	20	-5		
4472	8.9440	20	-4		
4473	8.9460	20	-4		
4474	8.9480	20	-4		
4475	8.9500	20	-4		
4476	8.9520	20	-4		
4477	8.9540	20	-4		
4478	8.9560	20	-4		
4479	8.9580	20	-4		
4480	8.9600	20	-4		
4481	8.9620	21	-4		
4482	8.9640	21	-3		
4483	8.9660	21	-3		
4484	8.9680	21	-3		
4485	8.9700	21	-3		
4486	8.9720	21	-3		
4487	8.9740	21	-3		
4488	8.9760	21	-3		
4489	8.9780	21	-2		
4490	8.9800	22	-2		
4491	8.9820	22	-2		
4492	8.9840	22	-2		
4493	8.9860	22	-2		
4494	8.9880	22	-2		
4495	8.9900	22	-2		
4496	8.9920	22	-2		
4497	8.9940	22	-2		
4498	8.9960	22	-1		
4499	8.9980	22	-1		
4500	9.0000	22	-1		
4501	9.0020	22	-1		
4502	9.0040	22	-1		
4503	9.0060	22	-1		
4504	9.0080	22	0		
4505	9.0100	22	0		
4506	9.0120	23	0		
4507	9.0140	23	0		
4508	9.0160	23	0		
4509	9.0180	23	0		
4510	9.0200	23	0		
4511	9.0220	23	0		
4512	9.0240	23	0		
4513	9.0260	23	0		
4514	9.0280	23	1		
4515	9.0300	24	1		
4516	9.0320	24	1		
4517	9.0340	24	1		
4518	9.0360	24	1		
4519	9.0380	24	1		
4520	9.0400	24	2		
4521	9.0420	24	2		
4522	9.0440	24	2		
4523	9.0460	24	2		
4524	9.0480	24	2		
4525	9.0500	24	2		
4526	9.0520	24	2		
4527	9.0540	24	2		
4528	9.0560	24	2		
4529	9.0580	24	2		
4530	9.0600	24	3		
4531	9.0620	24	3		
4532	9.0640	24	3		
4533	9.0660	25	3		
4534	9.0680	25	3		
4535	9.0700	25	3		
4536	9.0720	25	4		
4537	9.0740	25	4		
4538	9.0760	25	4		
4539	9.0780	25	4		
4540	9.0800	25	4		
4541	9.0820	25	4		
4542	9.0840	25	4		
4543	9.0860	26	4		
4544	9.0880	26	4		
4545	9.0900	26	4		
4546	9.0920	26	5		
4547	9.0940	26	5		
4548	9.0960	26	5		
4549	9.0980	26	5		
4550	9.1000	26	5		
4551	9.1020	26	5		
4552	9.1040	26	5		
4553	9.1060	26	6		
4554	9.1080	26	6		
4555	9.1100	26	6		
4556	9.1120	26	6		
4557	9.1140	26	6		
4558	9.1160	26	6		
4559	9.1180	26	6		
4560	9.1200	26	6		
4561	9.1220	26	6		
4562	9.1240	26	6		
4563	9.1260	26	6		
4564	9.1280	26	7		
4565	9.1300	26	7		
4566	9.1320	26	7		
4567	9.1340	26	7		
4568	9.1360	26	7		
4569	9.1380	26	7		
4570	9.1400	26	7		
4571	9.1420	26	7		
4572	9.1440	26	8		
4573	9.1460	26	8		
4574	9.1480	26	8		
4575	9.1500	26	8		
4576	9.1520	26	8		
4577	9.1540	26	8		
4578	9.1560	26	8		
4579	9.1580	26	8		
4580	9.1600	26	8		
4581	9.1620	26	8		
4582	9.1640	27	8		
4583	9.1660	27	8		
4584	9.1680	27	9		
4585	9.1700	27	9		
4586	9.1720	27	9		
4587	9.1740	27	9		
4588	9.1760	27	9		
4589	9.1780	27	9		
4590	9.1800	27	9		
4591	9.1820	27	9		
4592	9.1840	27	9		
4593	9.1860	27	10		
4594	9.1880	27	10		
4595	9.1900	27	10		
4596	9.1920	27	10		
4597	9.1940	28	10		
4598	9.1960	28	10		
4599	9.1980	28	10		
4600	9.2000	28	10		
4601	9.2020	28	10		
4602	9.2040	28	10		
4603	9.2060	28	10		
4604	9.2080	28	10		
4605	9.2100	28	10		
4606	9.2120	27	10		
4607	9.2140	27	10		
4608	9.2160	27	10		
4609	9.2180	27	10		
4610	9.2200	27	11		
4611	9.2220	27	11		
4612	9.2240	27	11		
4613	9.2260	27	11		
4614	9.2280	27	11		
4615	9.2300	27	11		
4616	9.2320	27	11		
4617	9.2340	27	11		
4618	9.2360	27	11		
4619	9.2380	27	11		
4620	9.2400	27	11		
4621	9.2420	27	11		
4622	9.2440	27	11		
4623	9.2460	27	11		
4624	9.2480	27	11		
4625	9.2500	27	12		
4626	9.2520	27	12		
4627	9.2540	27	12		
4628	9.2560	27	12		
4629	9.2580	27	12		
4630	9.2600	27	12		
4631	9.2620	27	12		
4632	9.2640	27	12		
4633	9.2660	27	12		
4634	9.2680	27	12		
4635	9.2700	27	12		
4636	9.2720	27	12		
4637	9.2740	27	12		
4638	9.2760	27	12		
4639	9.2780	27	12		
4640	9.2800	27	12		
4641	9.2820	27	12		
4642	9.2840	27	12		
4643	9.2860	27	12		
4644	9.2880	27	12		
4645	9.2900	27	12		
4646	9.2920	27	12		
4647	9.2940	27	12		
4648	9.2960	27	12		
4649	9.2980	27	12		
4650	9.3000	27	12		
4651	9.3020	27	12		
4652	9.3040	27	12		
4653	9.3060	27	12		
4654	9.3080	27	12		
4655	9.3100	27	12		
4656	9.3120	27	12		
4657	9.3140	27	12		
4658	9.3160	27	12		
4659	9.3180	27	12		
4660	9.3200	27	12		
4661	9.3220	27	12		
4662	9.3240	27	12		
4663	9.3260	27	12		
4664	9.3280	27	12		
4665	9.3300	27	12		
4666	9.3320	27	12		
4667	9.3340	27	12		
4668	9.3360	27	12		
4669	9.3380	27	12		
4670	9.3400	27	12		
4671	9.3420	27	12		
4672	9.3440	27	12		
4673	9.3460	27	12		
4674	9.3480	27	12		
4675	9.3500	27	12		
4676	9.3520	27	12		
4677	9.3540	27	12		
4678	9.3560	27	12		
4679	9.3580	27	12		
4680	9.3600	27	12		
4681	9.3620	27	12		
4682	9.3640	27	12		
4683	9.3660	27	12		
4684	9.3680	27	12		
4685	9.3700	27	12		
4686	9.3720	27	12		
4687	9.3740	27	12		
4688	9.3760	27	12		
4689	9.3780	28	12		
4690	9.3800	28	12		
4691	9.3820	28	12		
4692	9.3840	28	12		
4693	9.3860	28	12		
4694	9.3880	28	12		
4695	9.3900	28	11		
4696	9.3920	28	11		
4697	9.3940	27	11		
4698	9.3960	27	11		
4699	9.3980	27	11		
4700	9.4000	27	11		
4701	9.4020	27	11		
4702	9.4040	27	11		
4703	9.4060	27	11		
4704	9.4080	27	11		
4705	9.4100	27	11		
4706	9.4120	27	11		
4707	9.4140	27	11		
4708	9.4160	27	11		
4709	9.4180	27	11		
4710	9.4200	27	10		
4711	9.4220	27	10		
4712	9.4240	26	10		
4713	9.4260	26	10		
4714	9.4280	26	10		
4715	9.4300	26	10		
4716	9.4320	26	10		
4717	9.4340	26	10		
4718	9.4360	26	10		
4719	9.4380	26	10		
4720	9.4400	26	10		
4721	9.4420	26	10		
4722	9.4440	26	10		
4723	9.4460	26	10		
4724	9.4480	26	10		
4725	9.4500	26	10		
4726	9.4520	26	10		
4727	9.4540	26	9		
4728	9.4560	26	9		
4729	9.4580	26	9		
4730	9.4600	26	9		
4731	9.4620	26	9		
4732	9.4640	26	9		
4733	9.4660	26	9		
4734	9.4680	26	9		
4735	9.4700	26	9		
4736	9.4720	26	9		
4737	9.4740	26	8		
4738	9.4760	26	8		
4739	9.4780	26	8		
4740	9.4800	26	8		
4741	9.4820	26	8		
4742	9.4840	26	8		
4743	9.4860	26	8		
4744	9.4880	26	8		
4745	9.4900	26	8		
4746	9.4920	26	8		
4747	9.4940	26	8		
4748	9.4960	26	8		
4749	9.4980	26	7		
4750	9.5000	26	7		
4751	9.5020	25	7		
4752	9.5040	25	7		
4753	9.5060	25	7		
4754	9.5080	25	7		
4755	9.5100	25	7		
4756	9.5120	25	6		
4757	9.5140	25	6		
4758	9.5160	25	6		
4759	9.5180	25	6		
4760	9.5200	24	6		
4761	9.5220	24	6		
4762	9.5240	24	6		
4763	9.5260	24	6		
4764	9.5280	24	6		
4765	9.5300	24	6		
4766	9.5320	24	6		
4767	9.5340	24	5		
4768	9.5360	24	5		
4769	9.5380	24	5		
4770	9.5400	24	5		
4771	9.5420	24	5		
4772	9.5440	24	5		
4773	9.5460	24	5		
4774	9.5480	24	4		
4775	9.5500	24	4		
4776	9.5520	24	4		
4777	9.5540	24	4		
4778	9.5560	23	4		
4779	9.5580	23	4		
4780	9.5600	23	4		
4781	9.5620	23	4		
4782	9.5640	23	4		
4783	9.5660	23	4		
4784	9.5680	23	3		
4785	9.5700	23	3		
4786	9.5720	23	3		
4787	9.5740	22	3		
4788	9.5760	22	3		
4789	9.5780	22	3		
4790	9.5800	22	2		
4791	9.5820	22	2		
4792	9.5840	22	2		
4793	9.5860	22	2		
4794	9.5880	22	2		
4795	9.5900	22	2		
4796	9.5920	22	2		
4797	9.5940	22	2		
4798	9.5960	22	2		
4799	9.5980	22	2		
4800	9.6000	22	1		
4801	9.6020	22	1		
4802	9.6040	22	1		
4803	9.6060	22	1		
4804	9.6080	21	1		
4805	9.6100	21	1		
4806	9.6120	21	0		
4807	9.6140	21	0		
4808	9.6160	21	0		
4809	9.6180	21	0		
4810	9.6200	21	0		
4811	9.6220	21	0		
4812	9.6240	20	0		
4813	9.6260	20	0		
4814	9.6280	20	0		
4815	9.6300	20	-1		
4816	9.6320	20	-1		
4817	9.6340	20	-1		
4818	9.6360	20	-1		
4819	9.6380	20	-1		
4820	9.6400	20	-1		
4821	9.6420	20	-2		
4822	9.6440	20	-2		
4823	9.6460	20	-2		
4824	9.6480	20	-2		
4825	9.6500	20	-2		
4826	9.6520	20	-2		
4827	9.6540	20	-2		
4828	9.6560	20	-2		
4829	9.6580	20	-2		
4830	9.6600	19	-2		
4831	9.6620	19	-3		
4832	9.6640	19	-3		
4833	9.6660	19	-3		
4834	9.6680	19	-3		
4835	9.6700	19	-3		
4836	9.6720	19	-3		
4837	9.6740	19	-3		
4838	9.6760	19	-4		
4839	9.6780	18	-4		
4840	9.6800	18	-4		
4841	9.6820	18	-4		
4842	9.6840	18	-4		
4843	9.6860	18	-4		
4844	9.6880	18	-4		
4845	9.6900	18	-4		
4846	9.6920	18	-4		
4847	9.6940	18	-4		
4848	9.6960	18	-5		
4849	9.6980	18	-5		
4850	9.7000	18	-5		
4851	9.7020	18	-5		
4852	9.7040	18	-5		
4853	9.7060	18	-5		
4854	9.7080	18	-6		
4855	9.7100	18	-6		
4856	9.7120	18	-6		
4857	9.7140	18	-6		
4858	9.7160	17	-6		
4859	9.7180	17	-6		
4860	9.7200	17	-6		
4861	9.7220	17	-6		
4862	9.7240	17	-6		
4863	9.7260	17	-6		
4864	9.7280	17	-7		
4865	9.7300	17	-7		
4866	9.7320	17	-7		
4867	9.7340	17	-7		
4868	9.7360	17	-7		
4869	9.7380	17	-7		
4870	9.7400	16	-7		
4871	9.7420	16	-7		
4872	9.7440	16	-8		
4873	9.7460	16	-8		
4874	9.7480	16	-8		
4875	9.7500	16	-8		
4876	9.7520	16	-8		
4877	9.7540	16	-8		
4878	9.7560	16	-8		
4879	9.7580	16	-8		
4880	9.7600	16	-8		
4881	9.7620	16	-8		
4882	9.7640	16	-8		
4883	9.7660	16	-8		
4884	9.7680	16	-9		
4885	9.7700	16	-9		
4886	9.7720	16	-9		
4887	9.7740	16	-9		
4888	9.7760	16	-9		
4889	9.7780	16	-9		
4890	9.7800	16	-9		
4891	9.7820	16	-9		
4892	9.7840	16	-9		
4893	9.7860	16	-10		
4894	9.7880	16	-10		
4895	9.7900	16	-10		
4896	9.7920	15	-10		
4897	9.7940	15	-10		
4898	9.7960	15	-10		
4899	9.7980	15	-10		
4900	9.8000	15	-10		
4901	9.8020	15	-10		
4902	9.8040	15	-10		
4903	9.8060	15	-10		
4904	9.8080	15	-10		
4905	9.8100	15	-10		
4906	9.8120	15	-10		
4907	9.8140	15	-11		
4908	9.8160	15	-11		
4909	9.8180	15	-11		
4910	9.8200	15	-11		
4911	9.8220	15	-11		
4912	9.8240	15	-11		
4913	9.8260	15	-11		
4914	9.8280	14	-11		
4915	9.8300	14	-11		
4916	9.8320	14	-11		
4917	9.8340	14	-11		
4918	9.8360	14	-11		
4919	9.8380	14	-11		
4920	9.8400	14	-12		
4921	9.8420	14	-12		
4922	9.8440	14	-12		
4923	9.8460	14	-12		
4924	9.8480	14	-12		
4925	9.8500	14	-12		
4926	9.8520	14	-12		
4927	9.8540	14	-12		
4928	9.8560	14	-12		
4929	9.8580	14	-12		
4930	9.8600	14	-12		
4931	9.8620	14	-12		
4932	9.8640	14	-12		
4933	9.8660	14	-12		
4934	9.8680	14	-12		
4935	9.8700	14	-12		
4936	9.8720	14	-12		
4937	9.8740	14	-12		
4938	9.8760	14	-12		
4939	9.8780	14	-12		
4940	9.8800	14	-12		
4941	9.8820	14	-12		
4942	9.8840	14	-12		
4943	9.8860	14	-12		
4944	9.8880	14	-12		
4945	9.8900	14	-12		
4946	9.8920	14	-12		
4947	9.8940	14	-12		
4948	9.8960	14	-12		
4949	9.8980	14	-12		
4950	9.9000	14	-12		
4951	9.9020	14	-12		
4952	9.9040	14	-13		
4953	9.9060	14	-13		
4954	9.9080	14	-13		
4955	9.9100	14	-13		
4956	9.9120	14	-13		
4957	9.9140	14	-13		
4958	9.9160	14	-13		
4959	9.9180	14	-13		
4960	9.9200	14	-13		
4961	9.9220	14	-13		
4962	9.9240	14	-13		
4963	9.9260	14	-13		
4964	9.9280	14	-13		
4965	9.9300	14	-13		
4966	9.9320	14	-13		
4967	9.9340	14	-13		
4968	9.9360	14	-13		
4969	9.9380	14	-13		
4970	9.9400	14	-13		
4971	9.9420	14	-13		
4972	9.9440	14	-13		
4973	9.9460	14	-13		
4974	9.9480	14	-13		
4975	9.9500	14	-13		
4976	9.9520	14	-13		
4977	9.9540	14	-13		
4978	9.9560	14	-12		
4979	9.9580	14	-12		
4980	9.9600	14	-12		
4981	9.9620	14	-12		
4982	9.9640	14	-12		
4983	9.9660	14	-12		
4984	9.9680	14	-12		
4985	9.9700	14	-12		
4986	9.9720	14	-12		
4987	9.9740	14	-12		
4988	9.9760	14	-12		
4989	9.9780	14	-12		
4990	9.9800	15	-12		
4991	9.9820	15	-12		
4992	9.9840	15	-12		
4993	9.9860	15	-12		
4994	9.9880	15	-12		
4995	9.9900	15	-12		
4996	9.9920	15	-12		
4997	9.9940	15	-12		
4998	9.9960	15	-12		
4999	9.9980	15	-12		
5000	10.0000	15	-12		
