#	time(s)	count A	count B	count C	count D
1	0.0020	9	10		
2	0.0040	9	10		
3	0.0060	9	10		
4	0.0080	9	10		
5	0.0100	9	10		
6	0.0120	9	10		
7	0.0140	9	10		
8	0.0160	9	11		
9	0.0180	9	11		
10	0.0200	9	11		
11	0.0220	8	11		
12	0.0240	8	11		
13	0.0260	8	11		
14	0.0280	8	11		
15	0.0300	8	11		
16	0.0320	8	11		
17	0.0340	8	11		
18	0.0360	8	11		
19	0.0380	9	11		
20	0.0400	9	12		
21	0.0420	9	12		
22	0.0440	9	12		
23	0.0460	9	12		
24	0.0480	9	12		
25	0.0500	9	12		
26	0.0520	9	12		
27	0.0540	9	12		
28	0.0560	9	12		
29	0.0580	9	12		
30	0.0600	9	12		
31	0.0620	9	12		
32	0.0640	9	12		
33	0.0660	9	12		
34	0.0680	9	12		
35	0.0700	9	12		
36	0.0720	9	12		
37	0.0740	9	12		
38	0.0760	9	12		
39	0.0780	9	12		
40	0.0800	9	12		
41	0.0820	9	12		
42	0.0840	9	12		
43	0.0860	9	13		
44	0.0880	9	13		
45	0.0900	9	13		
46	0.0920	9	13		
47	0.0940	9	13		
48	0.0960	9	13		
49	0.0980	9	13		
50	0.1000	9	13		
51	0.1020	9	13		
52	0.1040	9	13		
53	0.1060	9	13		
54	0.1080	9	13		
55	0.1100	9	13		
56	0.1120	9	13		
57	0.1140	9	13		
58	0.1160	9	13		
59	0.1180	9	13		
60	0.1200	9	13		
61	0.1220	9	13		
62	0.1240	9	13		
63	0.1260	9	13		
64	0.1280	9	13		
65	0.1300	9	13		
66	0.1320	9	13		
67	0.1340	9	13		
68	0.1360	9	13		
69	0.1380	9	13		
70	0.1400	9	13		
71	0.1420	9	13		
72	0.1440	9	13		
73	0.1460	9	13		
74	0.1480	9	13		
75	0.1500	9	13		
76	0.1520	9	13		
77	0.1540	9	13		
78	0.1560	9	13		
79	0.1580	9	13		
80	0.1600	9	13		
81	0.1620	9	13		
82	0.1640	9	13		
83	0.1660	9	13		
84	0.1680	9	13		
85	0.1700	9	13		
86	0.1720	9	13		
87	0.1740	9	13		
88	0.1760	9	13		
89	0.1780	9	13		
90	0.1800	8	13		
91	0.1820	8	13		
92	0.1840	8	13		
93	0.1860	8	13		
94	0.1880	8	12		
95	0.1900	8	12		
96	0.1920	8	12		
97	0.1940	8	12		
98	0.1960	9	12		
99	0.1980	9	12		
100	0.2000	9	12		
101	0.2020	9	12		
102	0.2040	9	12		
103	0.2060	9	12		
104	0.2080	9	12		
105	0.2100	9	12		
106	0.2120	9	12		
107	0.2140	9	12		
108	0.2160	9	12		
109	0.2180	9	12		
110	0.2200	9	12		
111	0.2220	9	12		
112	0.2240	9	12		
113	0.2260	9	12		
114	0.2280	9	12		
115	0.2300	8	12		
116	0.2320	8	11		
117	0.2340	8	11		
118	0.2360	8	11		
119	0.2380	8	11		
120	0.2400	8	11		
121	0.2420	8	11		
122	0.2440	8	11		
123	0.2460	8	11		
124	0.2480	8	11		
125	0.2500	8	11		
126	0.2520	8	11		
127	0.2540	8	10		
128	0.2560	8	10		
129	0.2580	8	10		
130	0.2600	8	10		
131	0.2620	8	10		
132	0.2640	8	10		
133	0.2660	8	10		
134	0.2680	8	10		
135	0.2700	8	10		
136	0.2720	8	10		
137	0.2740	8	10		
138	0.2760	8	10		
139	0.2780	8	10		
140	0.2800	8	10		
141	0.2820	8	9		
142	0.2840	8	9		
143	0.2860	8	9		
144	0.2880	8	9		
145	0.2900	8	9		
146	0.2920	8	9		
147	0.2940	8	9		
148	0.2960	8	9		
149	0.2980	8	9		
150	0.3000	8	8		
151	0.3020	8	8		
152	0.3040	8	8		
153	0.3060	7	8		
154	0.3080	7	8		
155	0.3100	7	8		
156	0.3120	7	8		
157	0.3140	7	8		
158	0.3160	7	8		
159	0.3180	7	8		
160	0.3200	7	7		
161	0.3220	7	7		
162	0.3240	7	7		
163	0.3260	7	7		
164	0.3280	6	7		
165	0.3300	6	7		
166	0.3320	6	7		
167	0.3340	6	6		
168	0.3360	6	6		
169	0.3380	6	6		
170	0.3400	6	6		
171	0.3420	6	6		
172	0.3440	6	6		
173	0.3460	6	6		
174	0.3480	6	6		
175	0.3500	6	6		
176	0.3520	6	5		
177	0.3540	6	5		
178	0.3560	6	5		
179	0.3580	6	5		
180	0.3600	5	5		
181	0.3620	5	5		
182	0.3640	5	5		
183	0.3660	5	4		
184	0.3680	5	4		
185	0.3700	5	4		
186	0.3720	5	4		
187	0.3740	5	4		
188	0.3760	5	4		
189	0.3780	5	4		
190	0.3800	4	4		
191	0.3820	4	4		
192	0.3840	4	3		
193	0.3860	4	3		
194	0.3880	4	3		
195	0.3900	4	3		
196	0.3920	4	3		
197	0.3940	4	3		
198	0.3960	4	2		
199	0.3980	4	2		
200	0.4000	4	2		
201	0.4020	4	2		
202	0.4040	4	2		
203	0.4060	4	2		
204	0.4080	4	2		
205	0.4100	3	2		
206	0.4120	3	1		
207	0.4140	3	1		
208	0.4160	3	1		
209	0.4180	3	1		
210	0.4200	3	1		
211	0.4220	3	1		
212	0.4240	3	0		
213	0.4260	3	0		
214	0.4280	3	0		
215	0.4300	2	0		
216	0.4320	2	0		
217	0.4340	2	0		
218	0.4360	2	0		
219	0.4380	2	0		
220	0.4400	2	0		
221	0.4420	2	-1		
222	0.4440	2	-1		
223	0.4460	2	-1		
224	0.4480	2	-1		
225	0.4500	2	-1		
226	0.4520	2	-1		
227	0.4540	2	-2		
228	0.4560	2	-2		
229	0.4580	2	-2		
230	0.4600	2	-2		
231	0.4620	1	-2		
232	0.4640	1	-2		
233	0.4660	1	-2		
234	0.4680	1	-2		
235	0.4700	1	-3		
236	0.4720	1	-3		
237	0.4740	1	-3		
238	0.4760	1	-3		
239	0.4780	1	-3		
240	0.4800	1	-3		
241	0.4820	0	-3		
242	0.4840	0	-4		
243	0.4860	0	-4		
244	0.4880	0	-4		
245	0.4900	0	-4		
246	0.4920	0	-4		
247	0.4940	0	-4		
248	0.4960	0	-4		
249	0.4980	0	-4		
250	0.5000	0	-4		
251	0.5020	0	-5		
252	0.5040	0	-5		
253	0.5060	0	-5		
254	0.5080	0	-5		
255	0.5100	0	-5		
256	0.5120	0	-6		
257	0.5140	0	-6		
258	0.5160	-1	-6		
259	0.5180	-1	-6		
260	0.5200	-1	-6		
261	0.5220	-1	-6		
262	0.5240	-1	-6		
263	0.5260	-1	-6		
264	0.5280	-1	-6		
265	0.5300	-1	-6		
266	0.5320	-1	-7		
267	0.5340	-1	-7		
268	0.5360	-1	-7		
269	0.5380	-1	-7		
270	0.5400	-2	-7		
271	0.5420	-2	-7		
272	0.5440	-2	-7		
273	0.5460	-2	-8		
274	0.5480	-2	-8		
275	0.5500	-2	-8		
276	0.5520	-2	-8		
277	0.5540	-2	-8		
278	0.5560	-2	-8		
279	0.5580	-2	-8		
280	0.5600	-2	-8		
281	0.5620	-2	-8		
282	0.5640	-2	-8		
283	0.5660	-2	-9		
284	0.5680	-2	-9		
285	0.5700	-2	-9		
286	0.5720	-2	-9		
287	0.5740	-2	-9		
288	0.5760	-2	-9		
289	0.5780	-2	-9		
290	0.5800	-2	-9		
291	0.5820	-2	-10		
292	0.5840	-2	-10		
293	0.5860	-2	-10		
294	0.5880	-3	-10		
295	0.5900	-3	-10		
296	0.5920	-3	-10		
297	0.5940	-3	-10		
298	0.5960	-3	-10		
299	0.5980	-3	-10		
300	0.6000	-3	-10		
301	0.6020	-3	-10		
302	0.6040	-3	-10		
303	0.6060	-3	-11		
304	0.6080	-3	-11		
305	0.6100	-3	-11		
306	0.6120	-3	-11		
307	0.6140	-3	-11		
308	0.6160	-3	-11		
309	0.6180	-3	-11		
310	0.6200	-3	-11		
311	0.6220	-3	-11		
312	0.6240	-4	-11		
313	0.6260	-4	-12		
314	0.6280	-4	-12		
315	0.6300	-4	-12		
316	0.6320	-4	-12		
317	0.6340	-4	-12		
318	0.6360	-4	-12		
319	0.6380	-4	-12		
320	0.6400	-4	-12		
321	0.6420	-4	-12		
322	0.6440	-4	-12		
323	0.6460	-4	-12		
324	0.6480	-4	-12		
325	0.6500	-4	-12		
326	0.6520	-4	-12		
327	0.6540	-4	-12		
328	0.6560	-4	-12		
329	0.6580	-4	-12		
330	0.6600	-4	-12		
331	0.6620	-4	-12		
332	0.6640	-4	-13		
333	0.6660	-4	-13		
334	0.6680	-4	-13		
335	0.6700	-4	-13		
336	0.6720	-4	-13		
337	0.6740	-4	-13		
338	0.6760	-4	-13		
339	0.6780	-4	-13		
340	0.6800	-4	-13		
341	0.6820	-4	-13		
342	0.6840	-4	-13		
343	0.6860	-4	-13		
344	0.6880	-4	-13		
345	0.6900	-4	-13		
346	0.6920	-4	-13		
347	0.6940	-4	-13		
348	0.6960	-4	-13		
349	0.6980	-4	-13		
350	0.7000	-4	-13		
351	0.7020	-4	-13		
352	0.7040	-4	-13		
353	0.7060	-4	-14		
354	0.7080	-4	-14		
355	0.7100	-4	-14		
356	0.7120	-4	-14		
357	0.7140	-4	-14		
358	0.7160	-4	-14		
359	0.7180	-4	-14		
360	0.7200	-4	-14		
361	0.7220	-4	-14		
362	0.7240	-4	-14		
363	0.7260	-4	-14		
364	0.7280	-4	-14		
365	0.7300	-4	-14		
366	0.7320	-4	-14		
367	0.7340	-4	-14		
368	0.7360	-4	-14		
369	0.7380	-4	-14		
370	0.7400	-4	-14		
371	0.7420	-4	-14		
372	0.7440	-4	-14		
373	0.7460	-4	-14		
374	0.7480	-4	-14		
375	0.7500	-4	-14		
376	0.7520	-4	-14		
377	0.7540	-4	-14		
378	0.7560	-4	-14		
379	0.7580	-4	-14		
380	0.7600	-4	-14		
381	0.7620	-4	-14		
382	0.7640	-4	-14		
383	0.7660	-4	-14		
384	0.7680	-4	-14		
385	0.7700	-4	-13		
386	0.7720	-4	-13		
387	0.7740	-4	-13		
388	0.7760	-4	-13		
389	0.7780	-4	-13		
390	0.7800	-4	-13		
391	0.7820	-4	-13		
392	0.7840	-4	-13		
393	0.7860	-4	-13		
394	0.7880	-4	-13		
395	0.7900	-4	-13		
396	0.7920	-4	-13		
397	0.7940	-3	-13		
398	0.7960	-3	-13		
399	0.7980	-3	-13		
400	0.8000	-3	-13		
401	0.8020	-3	-13		
402	0.8040	-3	-13		
403	0.8060	-3	-13		
404	0.8080	-3	-13		
405	0.8100	-3	-13		
406	0.8120	-3	-12		
407	0.8140	-3	-12		
408	0.8160	-3	-12		
409	0.8180	-3	-12		
410	0.8200	-3	-12		
411	0.8220	-3	-12		
412	0.8240	-3	-12		
413	0.8260	-3	-12		
414	0.8280	-3	-12		
415	0.8300	-2	-12		
416	0.8320	-2	-12		
417	0.8340	-2	-12		
418	0.8360	-2	-12		
419	0.8380	-2	-12		
420	0.8400	-2	-12		
421	0.8420	-2	-12		
422	0.8440	-2	-12		
423	0.8460	-2	-12		
424	0.8480	-2	-11		
425	0.8500	-2	-11		
426	0.8520	-2	-11		
427	0.8540	-2	-11		
428	0.8560	-2	-11		
429	0.8580	-2	-11		
430	0.8600	-2	-11		
431	0.8620	-2	-11		
432	0.8640	-2	-11		
433	0.8660	-2	-11		
434	0.8680	-2	-10		
435	0.8700	-2	-10		
436	0.8720	-2	-10		
437	0.8740	-2	-10		
438	0.8760	-1	-10		
439	0.8780	-1	-10		
440	0.8800	-1	-10		
441	0.8820	-1	-10		
442	0.8840	-1	-10		
443	0.8860	-1	-10		
444	0.8880	-1	-10		
445	0.8900	-1	-10		
446	0.8920	-1	-9		
447	0.8940	-1	-9		
448	0.8960	-1	-9		
449	0.8980	-1	-9		
450	0.9000	0	-9		
451	0.9020	0	-9		
452	0.9040	0	-9		
453	0.9060	0	-9		
454	0.9080	0	-8		
455	0.9100	0	-8		
456	0.9120	0	-8		
457	0.9140	0	-8		
458	0.9160	0	-8		
459	0.9180	0	-8		
460	0.9200	0	-8		
461	0.9220	0	-8		
462	0.9240	0	-8		
463	0.9260	0	-8		
464	0.9280	0	-7		
465	0.9300	0	-7		
466	0.9320	0	-7		
467	0.9340	1	-7		
468	0.9360	1	-7		
469	0.9380	1	-7		
470	0.9400	1	-7		
471	0.9420	1	-6		
472	0.9440	1	-6		
473	0.9460	1	-6		
474	0.9480	1	-6		
475	0.9500	1	-6		
476	0.9520	1	-6		
477	0.9540	2	-6		
478	0.9560	2	-6		
479	0.9580	2	-6		
480	0.9600	2	-5		
481	0.9620	2	-5		
482	0.9640	2	-5		
483	0.9660	2	-5		
484	0.9680	2	-5		
485	0.9700	2	-5		
486	0.9720	2	-5		
487	0.9740	2	-4		
488	0.9760	2	-4		
489	0.9780	2	-4		
490	0.9800	2	-4		
491	0.9820	2	-4		
492	0.9840	2	-4		
493	0.9860	2	-4		
494	0.9880	3	-4		
495	0.9900	3	-3		
496	0.9920	3	-3		
497	0.9940	3	-3		
498	0.9960	3	-3		
499	0.9980	3	-3		
500	1.0000	3	-3		
501	1.0020	3	-2		
502	1.0040	3	-2		
503	1.0060	4	-2		
504	1.0080	4	-2		
505	1.0100	4	-2		
506	1.0120	4	-2		
507	1.0140	4	-2		
508	1.0160	4	-2		
509	1.0180	4	-2		
510	1.0200	4	-1		
511	1.0220	4	-1		
512	1.0240	4	-1		
513	1.0260	4	-1		
514	1.0280	4	-1		
515	1.0300	4	0		
516	1.0320	4	0		
517	1.0340	4	0		
518	1.0360	4	0		
519	1.0380	5	0		
520	1.0400	5	0		
521	1.0420	5	0		
522	1.0440	5	0		
523	1.0460	5	0		
524	1.0480	5	1		
525	1.0500	5	1		
526	1.0520	5	1		
527	1.0540	5	1		
528	1.0560	5	1		
529	1.0580	6	1		
530	1.0600	6	2		
531	1.0620	6	2		
532	1.0640	6	2		
533	1.0660	6	2		
534	1.0680	6	2		
535	1.0700	6	2		
536	1.0720	6	2		
537	1.0740	6	2		
538	1.0760	6	2		
539	1.0780	6	3		
540	1.0800	6	3		
541	1.0820	6	3		
542	1.0840	6	3		
543	1.0860	6	3		
544	1.0880	6	3		
545	1.0900	7	4		
546	1.0920	7	4		
547	1.0940	7	4		
548	1.0960	7	4		
549	1.0980	7	4		
550	1.1000	7	4		
551	1.1020	7	4		
552	1.1040	7	4		
553	1.1060	7	5		
554	1.1080	7	5		
555	1.1100	7	5		
556	1.1120	8	5		
557	1.1140	8	5		
558	1.1160	8	5		
559	1.1180	8	6		
560	1.1200	8	6		
561	1.1220	8	6		
562	1.1240	8	6		
563	1.1260	8	6		
564	1.1280	8	6		
565	1.1300	8	6		
566	1.1320	8	6		
567	1.1340	8	6		
568	1.1360	8	6		
569	1.1380	8	7		
570	1.1400	8	7		
571	1.1420	8	7		
572	1.1440	8	7		
573	1.1460	8	7		
574	1.1480	8	7		
575	1.1500	8	8		
576	1.1520	8	8		
577	1.1540	8	8		
578	1.1560	8	8		
579	1.1580	8	8		
580	1.1600	8	8		
581	1.1620	8	8		
582	1.1640	8	8		
583	1.1660	8	8		
584	1.1680	8	8		
585	1.1700	8	8		
586	1.1720	8	9		
587	1.1740	8	9		
588	1.1760	8	9		
589	1.1780	8	9		
590	1.1800	8	9		
591	1.1820	8	9		
592	1.1840	8	9		
593	1.1860	8	9		
594	1.1880	8	10		
595	1.1900	9	10		
596	1.1920	9	10		
597	1.1940	9	10		
598	1.1960	9	10		
599	1.1980	9	10		
600	1.2000	9	10		
601	1.2020	9	10		
602	1.2040	9	10		
603	1.2060	9	10		
604	1.2080	9	10		
605	1.2100	9	10		
606	1.2120	9	10		
607	1.2140	9	11		
608	1.2160	9	11		
609	1.2180	9	11		
610	1.2200	9	11		
611	1.2220	9	11		
612	1.2240	8	11		
613	1.2260	8	11		
614	1.2280	8	11		
615	1.2300	8	11		
616	1.2320	8	11		
617	1.2340	8	12		
618	1.2360	8	12		
619	1.2380	8	12		
620	1.2400	9	12		
621	1.2420	9	12		
622	1.2440	9	12		
623	1.2460	9	12		
624	1.2480	9	12		
625	1.2500	9	12		
626	1.2520	9	12		
627	1.2540	9	12		
628	1.2560	9	12		
629	1.2580	9	12		
630	1.2600	9	12		
631	1.2620	9	12		
632	1.2640	9	12		
633	1.2660	9	12		
634	1.2680	9	12		
635	1.2700	9	12		
636	1.2720	9	12		
637	1.2740	9	13		
638	1.2760	9	13		
639	1.2780	9	13		
640	1.2800	9	13		
641	1.2820	9	13		
642	1.2840	9	13		
643	1.2860	9	13		
644	1.2880	9	13		
645	1.2900	9	13		
646	1.2920	9	13		
647	1.2940	9	13		
648	1.2960	9	13		
649	1.2980	9	13		
650	1.3000	9	13		
651	1.3020	9	13		
652	1.3040	9	13		
653	1.3060	9	13		
654	1.3080	9	13		
655	1.3100	9	13		
656	1.3120	9	13		
657	1.3140	9	13		
658	1.3160	9	13		
659	1.3180	9	13		
660	1.3200	9	13		
661	1.3220	9	13		
662	1.3240	9	13		
663	1.3260	9	13		
664	1.3280	9	13		
665	1.3300	9	13		
666	1.3320	9	13		
667	1.3340	9	13		
668	1.3360	9	13		
669	1.3380	9	13		
670	1.3400	9	13		
671	1.3420	9	13		
672	1.3440	9	13		
673	1.3460	9	13		
674	1.3480	9	13		
675	1.3500	9	13		
676	1.3520	9	13		
677	1.3540	9	13		
678	1.3560	9	13		
679	1.3580	9	13		
680	1.3600	9	13		
681	1.3620	9	13		
682	1.3640	9	13		
683	1.3660	9	13		
684	1.3680	9	13		
685	1.3700	9	13		
686	1.3720	9	13		
687	1.3740	9	13		
688	1.3760	9	13		
689	1.3780	9	13		
690	1.3800	8	13		
691	1.3820	8	13		
692	1.3840	8	13		
693	1.3860	8	13		
694	1.3880	8	13		
695	1.3900	8	13		
696	1.3920	8	13		
697	1.3940	9	13		
698	1.3960	9	13		
699	1.3980	9	13		
700	1.4000	9	12		
701	1.4020	9	12		
702	1.4040	9	12		
703	1.4060	9	12		
704	1.4080	9	12		
705	1.4100	9	12		
706	1.4120	9	12		
707	1.4140	9	12		
708	1.4160	9	12		
709	1.4180	9	12		
710	1.4200	9	12		
711	1.4220	9	12		
712	1.4240	9	12		
713	1.4260	9	12		
714	1.4280	9	12		
715	1.4300	8	12		
716	1.4320	8	12		
717	1.4340	8	12		
718	1.4360	8	12		
719	1.4380	8	11		
720	1.4400	8	11		
721	1.4420	8	11		
722	1.4440	8	11		
723	1.4460	8	11		
724	1.4480	8	11		
725	1.4500	8	11		
726	1.4520	8	11		
727	1.4540	8	11		
728	1.4560	8	11		
729	1.4580	8	11		
730	1.4600	8	10		
731	1.4620	8	10		
732	1.4640	8	10		
733	1.4660	8	10		
734	1.4680	8	10		
735	1.4700	8	10		
736	1.4720	8	10		
737	1.4740	8	10		
738	1.4760	8	10		
739	1.4780	8	10		
740	1.4800	8	10		
741	1.4820	8	10		
742	1.4840	8	9		
743	1.4860	8	9		
744	1.4880	8	9		
745	1.4900	8	9		
746	1.4920	8	9		
747	1.4940	8	9		
748	1.4960	8	9		
749	1.4980	8	9		
750	1.5000	8	9		
751	1.5020	8	8		
752	1.5040	8	8		
753	1.5060	7	8		
754	1.5080	7	8		
755	1.5100	7	8		
756	1.5120	7	8		
757	1.5140	7	8		
758	1.5160	7	8		
759	1.5180	7	8		
760	1.5200	7	8		
761	1.5220	7	7		
762	1.5240	7	7		
763	1.5260	6	7		
764	1.5280	6	7		
765	1.5300	6	7		
766	1.5320	6	7		
767	1.5340	6	7		
768	1.5360	6	6		
769	1.5380	6	6		
770	1.5400	6	6		
771	1.5420	6	6		
772	1.5440	6	6		
773	1.5460	6	6		
774	1.5480	6	6		
775	1.5500	6	6		
776	1.5520	6	6		
777	1.5540	6	5		
778	1.5560	6	5		
779	1.5580	6	5		
780	1.5600	5	5		
781	1.5620	5	5		
782	1.5640	5	5		
783	1.5660	5	4		
784	1.5680	5	4		
785	1.5700	5	4		
786	1.5720	5	4		
787	1.5740	5	4		
788	1.5760	5	4		
789	1.5780	5	4		
790	1.5800	4	4		
791	1.5820	4	4		
792	1.5840	4	3		
793	1.5860	4	3		
794	1.5880	4	3		
795	1.5900	4	3		
796	1.5920	4	3		
797	1.5940	4	3		
798	1.5960	4	2		
799	1.5980	4	2		
800	1.6000	4	2		
801	1.6020	4	2		
802	1.6040	4	2		
803	1.6060	4	2		
804	1.6080	4	2		
805	1.6100	3	2		
806	1.6120	3	1		
807	1.6140	3	1		
808	1.6160	3	1		
809	1.6180	3	1		
810	1.6200	3	1		
811	1.6220	3	1		
812	1.6240	3	0		
813	1.6260	3	0		
814	1.6280	3	0		
815	1.6300	2	0		
816	1.6320	2	0		
817	1.6340	2	0		
818	1.6360	2	0		
819	1.6380	2	0		
820	1.6400	2	-1		
821	1.6420	2	-1		
822	1.6440	2	-1		
823	1.6460	2	-1		
824	1.6480	2	-1		
825	1.6500	2	-1		
826	1.6520	2	-2		
827	1.6540	2	-2		
828	1.6560	2	-2		
829	1.6580	2	-2		
830	1.6600	2	-2		
831	1.6620	1	-2		
832	1.6640	1	-2		
833	1.6660	1	-2		
834	1.6680	1	-2		
835	1.6700	1	-3		
836	1.6720	1	-3		
837	1.6740	1	-3		
838	1.6760	1	-3		
839	1.6780	1	-3		
840	1.6800	1	-3		
841	1.6820	0	-4		
842	1.6840	0	-4		
843	1.6860	0	-4		
844	1.6880	0	-4		
845	1.6900	0	-4		
846	1.6920	0	-4		
847	1.6940	0	-4		
848	1.6960	0	-4		
849	1.6980	0	-4		
850	1.7000	0	-5		
851	1.7020	0	-5		
852	1.7040	0	-5		
853	1.7060	0	-5		
854	1.7080	0	-5		
855	1.7100	0	-6		
856	1.7120	0	-6		
857	1.7140	0	-6		
858	1.7160	-1	-6		
859	1.7180	-1	-6		
860	1.7200	-1	-6		
861	1.7220	-1	-6		
862	1.7240	-1	-6		
863	1.7260	-1	-6		
864	1.7280	-1	-7		
865	1.7300	-1	-7		
866	1.7320	-1	-7		
867	1.7340	-1	-7		
868	1.7360	-1	-7		
869	1.7380	-1	-7		
870	1.7400	-2	-7		
871	1.7420	-2	-8		
872	1.7440	-2	-8		
873	1.7460	-2	-8		
874	1.7480	-2	-8		
875	1.7500	-2	-8		
876	1.7520	-2	-8		
877	1.7540	-2	-8		
878	1.7560	-2	-8		
879	1.7580	-2	-8		
880	1.7600	-2	-8		
881	1.7620	-2	-9		
882	1.7640	-2	-9		
883	1.7660	-2	-9		
884	1.7680	-2	-9		
885	1.7700	-2	-9		
886	1.7720	-2	-9		
887	1.7740	-2	-9		
888	1.7760	-2	-9		
889	1.7780	-2	-10		
890	1.7800	-2	-10		
891	1.7820	-2	-10		
892	1.7840	-2	-10		
893	1.7860	-3	-10		
894	1.7880	-3	-10		
895	1.7900	-3	-10		
896	1.7920	-3	-10		
897	1.7940	-3	-10		
898	1.7960	-3	-10		
899	1.7980	-3	-10		
900	1.8000	-3	-10		
901	1.8020	-3	-11		
902	1.8040	-3	-11		
903	1.8060	-3	-11		
904	1.8080	-3	-11		
905	1.8100	-3	-11		
906	1.8120	-3	-11		
907	1.8140	-3	-11		
908	1.8160	-3	-11		
909	1.8180	-3	-11		
910	1.8200	-3	-12		
911	1.8220	-3	-12		
912	1.8240	-4	-12		
913	1.8260	-4	-12		
914	1.8280	-4	-12		
915	1.8300	-4	-12		
916	1.8320	-4	-12		
917	1.8340	-4	-12		
918	1.8360	-4	-12		
919	1.8380	-4	-12		
920	1.8400	-4	-12		
921	1.8420	-4	-12		
922	1.8440	-4	-12		
923	1.8460	-4	-12		
924	1.8480	-4	-12		
925	1.8500	-4	-12		
926	1.8520	-4	-12		
927	1.8540	-4	-13		
928	1.8560	-4	-13		
929	1.8580	-4	-13		
930	1.8600	-4	-13		
931	1.8620	-4	-13		
932	1.8640	-4	-13		
933	1.8660	-4	-13		
934	1.8680	-4	-13		
935	1.8700	-4	-13		
936	1.8720	-4	-13		
937	1.8740	-4	-13		
938	1.8760	-4	-13		
939	1.8780	-4	-13		
940	1.8800	-4	-13		
941	1.8820	-4	-13		
942	1.8840	-4	-13		
943	1.8860	-4	-13		
944	1.8880	-4	-13		
945	1.8900	-4	-14		
946	1.8920	-4	-14		
947	1.8940	-4	-14		
948	1.8960	-4	-14		
949	1.8980	-4	-14		
950	1.9000	-4	-14		
951	1.9020	-4	-14		
952	1.9040	-4	-14		
953	1.9060	-4	-14		
954	1.9080	-4	-14		
955	1.9100	-4	-14		
956	1.9120	-4	-14		
957	1.9140	-4	-14		
958	1.9160	-4	-14		
959	1.9180	-4	-14		
960	1.9200	-4	-14		
961	1.9220	-4	-14		
962	1.9240	-4	-14		
963	1.9260	-4	-14		
964	1.9280	-4	-14		
965	1.9300	-4	-14		
966	1.9320	-4	-14		
967	1.9340	-4	-14		
968	1.9360	-4	-14		
969	1.9380	-4	-14		
970	1.9400	-4	-14		
971	1.9420	-4	-14		
972	1.9440	-4	-14		
973	1.9460	-4	-14		
974	1.9480	-4	-14		
975	1.9500	-4	-14		
976	1.9520	-4	-14		
977	1.9540	-4	-14		
978	1.9560	-4	-14		
979	1.9580	-4	-14		
980	1.9600	-4	-14		
981	1.9620	-4	-14		
982	1.9640	-4	-14		
983	1.9660	-4	-14		
984	1.9680	-4	-14		
985	1.9700	-4	-14		
986	1.9720	-4	-14		
987	1.9740	-4	-14		
988	1.9760	-4	-14		
989	1.9780	-4	-14		
990	1.9800	-4	-14		
991	1.9820	-4	-14		
992	1.9840	-4	-13		
993	1.9860	-4	-13		
994	1.9880	-4	-13		
995	1.9900	-4	-13		
996	1.9920	-4	-13		
997	1.9940	-3	-13		
998	1.9960	-3	-13		
999	1.9980	-3	-13		
1000	2.0000	-3	-13		
1001	2.0020	-3	-13		
1002	2.0040	-3	-13		
1003	2.0060	-3	-13		
1004	2.0080	-3	-13		
1005	2.0100	-3	-13		
1006	2.0120	-3	-13		
1007	2.0140	-3	-13		
1008	2.0160	-3	-13		
1009	2.0180	-3	-12		
1010	2.0200	-3	-12		
1011	2.0220	-3	-12		
1012	2.0240	-3	-12		
1013	2.0260	-3	-12		
1014	2.0280	-3	-12		
1015	2.0300	-2	-12		
1016	2.0320	-2	-12		
1017	2.0340	-2	-12		
1018	2.0360	-2	-12		
1019	2.0380	-2	-12		
1020	2.0400	-2	-12		
1021	2.0420	-2	-12		
1022	2.0440	-2	-12		
1023	2.0460	-2	-12		
1024	2.0480	-2	-12		
1025	2.0500	-2	-12		
1026	2.0520	-2	-11		
1027	2.0540	-2	-11		
1028	2.0560	-2	-11		
1029	2.0580	-2	-11		
1030	2.0600	-2	-11		
1031	2.0620	-2	-11		
1032	2.0640	-2	-11		
1033	2.0660	-2	-11		
1034	2.0680	-2	-11		
1035	2.0700	-2	-10		
1036	2.0720	-2	-10		
1037	2.0740	-2	-10		
1038	2.0760	-1	-10		
1039	2.0780	-1	-10		
1040	2.0800	-1	-10		
1041	2.0820	-1	-10		
1042	2.0840	-1	-10		
1043	2.0860	-1	-10		
1044	2.0880	-1	-10		
1045	2.0900	-1	-10		
1046	2.0920	-1	-10		
1047	2.0940	-1	-9		
1048	2.0960	-1	-9		
1049	2.0980	-1	-9		
1050	2.1000	0	-9		
1051	2.1020	0	-9		
1052	2.1040	0	-9		
1053	2.1060	0	-9		
1054	2.1080	0	-8		
1055	2.1100	0	-8		
1056	2.1120	0	-8		
1057	2.1140	0	-8		
1058	2.1160	0	-8		
1059	2.1180	0	-8		
1060	2.1200	0	-8		
1061	2.1220	0	-8		
1062	2.1240	0	-8		
1063	2.1260	0	-8		
1064	2.1280	0	-8		
1065	2.1300	0	-7		
1066	2.1320	0	-7		
1067	2.1340	1	-7		
1068	2.1360	1	-7		
1069	2.1380	1	-7		
1070	2.1400	1	-7		
1071	2.1420	1	-6		
1072	2.1440	1	-6		
1073	2.1460	1	-6		
1074	2.1480	1	-6		
1075	2.1500	1	-6		
1076	2.1520	1	-6		
1077	2.1540	1	-6		
1078	2.1560	2	-6		
1079	2.1580	2	-6		
1080	2.1600	2	-5		
1081	2.1620	2	-5		
1082	2.1640	2	-5		
1083	2.1660	2	-5		
1084	2.1680	2	-5		
1085	2.1700	2	-5		
1086	2.1720	2	-4		
1087	2.1740	2	-4		
1088	2.1760	2	-4		
1089	2.1780	2	-4		
1090	2.1800	2	-4		
1091	2.1820	2	-4		
1092	2.1840	2	-4		
1093	2.1860	2	-4		
1094	2.1880	3	-4		
1095	2.1900	3	-3		
1096	2.1920	3	-3		
1097	2.1940	3	-3		
1098	2.1960	3	-3		
1099	2.1980	3	-3		
1100	2.2000	3	-3		
1101	2.2020	3	-2		
1102	2.2040	3	-2		
1103	2.2060	4	-2		
1104	2.2080	4	-2		
1105	2.2100	4	-2		
1106	2.2120	4	-2		
1107	2.2140	4	-2		
1108	2.2160	4	-2		
1109	2.2180	4	-1		
1110	2.2200	4	-1		
1111	2.2220	4	-1		
1112	2.2240	4	-1		
1113	2.2260	4	-1		
1114	2.2280	4	-1		
1115	2.2300	4	0		
1116	2.2320	4	0		
1117	2.2340	4	0		
1118	2.2360	4	0		
1119	2.2380	5	0		
1120	2.2400	5	0		
1121	2.2420	5	0		
1122	2.2440	5	0		
1123	2.2460	5	1		
1124	2.2480	5	1		
1125	2.2500	5	1		
1126	2.2520	5	1		
1127	2.2540	5	1		
1128	2.2560	6	1		
1129	2.2580	6	2		
1130	2.2600	6	2		
1131	2.2620	6	2		
1132	2.2640	6	2		
1133	2.2660	6	2		
1134	2.2680	6	2		
1135	2.2700	6	2		
1136	2.2720	6	2		
1137	2.2740	6	3		
1138	2.2760	6	3		
1139	2.2780	6	3		
1140	2.2800	6	3		
1141	2.2820	6	3		
1142	2.2840	6	3		
1143	2.2860	6	4		
1144	2.2880	6	4		
1145	2.2900	7	4		
1146	2.2920	7	4		
1147	2.2940	7	4		
1148	2.2960	7	4		
1149	2.2980	7	4		
1150	2.3000	7	4		
1151	2.3020	7	4		
1152	2.3040	7	5		
1153	2.3060	7	5		
1154	2.3080	7	5		
1155	2.3100	8	5		
1156	2.3120	8	5		
1157	2.3140	8	5		
1158	2.3160	8	6		
1159	2.3180	8	6		
1160	2.3200	8	6		
1161	2.3220	8	6		
1162	2.3240	8	6		
1163	2.3260	8	6		
1164	2.3280	8	6		
1165	2.3300	8	6		
1166	2.3320	8	6		
1167	2.3340	8	7		
1168	2.3360	8	7		
1169	2.3380	8	7		
1170	2.3400	8	7		
1171	2.3420	8	7		
1172	2.3440	8	7		
1173	2.3460	8	7		
1174	2.3480	8	8		
1175	2.3500	8	8		
1176	2.3520	8	8		
1177	2.3540	8	8		
1178	2.3560	8	8		
1179	2.3580	8	8		
1180	2.3600	8	8		
1181	2.3620	8	8		
1182	2.3640	8	8		
1183	2.3660	8	8		
1184	2.3680	8	9		
1185	2.3700	8	9		
1186	2.3720	8	9		
1187	2.3740	8	9		
1188	2.3760	8	9		
1189	2.3780	8	9		
1190	2.3800	8	9		
1191	2.3820	8	9		
1192	2.3840	8	10		
1193	2.3860	8	10		
1194	2.3880	9	10		
1195	2.3900	9	10		
1196	2.3920	9	10		
1197	2.3940	9	10		
1198	2.3960	9	10		
1199	2.3980	9	10		
1200	2.4000	9	10		
1201	2.4020	9	10		
1202	2.4040	9	10		
1203	2.4060	9	10		
1204	2.4080	9	10		
1205	2.4100	9	11		
1206	2.4120	9	11		
1207	2.4140	9	11		
1208	2.4160	9	11		
1209	2.4180	9	11		
1210	2.4200	9	11		
1211	2.4220	8	11		
1212	2.4240	8	11		
1213	2.4260	8	11		
1214	2.4280	8	11		
1215	2.4300	8	12		
1216	2.4320	8	12		
1217	2.4340	8	12		
1218	2.4360	8	12		
1219	2.4380	9	12		
1220	2.4400	9	12		
1221	2.4420	9	12		
1222	2.4440	9	12		
1223	2.4460	9	12		
1224	2.4480	9	12		
1225	2.4500	9	12		
1226	2.4520	9	12		
1227	2.4540	9	12		
1228	2.4560	9	12		
1229	2.4580	9	12		
1230	2.4600	9	12		
1231	2.4620	9	12		
1232	2.4640	9	12		
1233	2.4660	9	12		
1234	2.4680	9	13		
1235	2.4700	9	13		
1236	2.4720	9	13		
1237	2.4740	9	13		
1238	2.4760	9	13		
1239	2.4780	9	13		
1240	2.4800	9	13		
1241	2.4820	9	13		
1242	2.4840	9	13		
1243	2.4860	9	13		
1244	2.4880	9	13		
1245	2.4900	9	13		
1246	2.4920	9	13		
1247	2.4940	9	13		
1248	2.4960	9	13		
1249	2.4980	9	13		
1250	2.5000	9	13		
1251	2.5020	9	13		
1252	2.5040	9	13		
1253	2.5060	9	13		
1254	2.5080	9	13		
1255	2.5100	9	13		
1256	2.5120	9	13		
1257	2.5140	9	13		
1258	2.5160	9	13		
1259	2.5180	9	13		
1260	2.5200	9	14		
1261	2.5220	9	14		
1262	2.5240	9	14		
1263	2.5260	9	14		
1264	2.5280	9	14		
1265	2.5300	9	14		
1266	2.5320	9	14		
1267	2.5340	9	14		
1268	2.5360	9	14		
1269	2.5380	9	14		
1270	2.5400	9	14		
1271	2.5420	9	14		
1272	2.5440	9	14		
1273	2.5460	9	14		
1274	2.5480	9	14		
1275	2.5500	9	13		
1276	2.5520	9	13		
1277	2.5540	9	13		
1278	2.5560	9	13		
1279	2.5580	9	13		
1280	2.5600	9	13		
1281	2.5620	9	13		
1282	2.5640	9	13		
1283	2.5660	9	13		
1284	2.5680	9	13		
1285	2.5700	9	13		
1286	2.5720	9	13		
1287	2.5740	9	13		
1288	2.5760	9	13		
1289	2.5780	9	13		
1290	2.5800	9	13		
1291	2.5820	8	13		
1292	2.5840	8	13		
1293	2.5860	8	13		
1294	2.5880	8	13		
1295	2.5900	8	13		
1296	2.5920	8	13		
1297	2.5940	8	13		
1298	2.5960	9	13		
1299	2.5980	9	13		
1300	2.6000	9	13		
1301	2.6020	9	12		
1302	2.6040	9	12		
1303	2.6060	9	12		
1304	2.6080	9	12		
1305	2.6100	9	12		
1306	2.6120	9	12		
1307	2.6140	9	12		
1308	2.6160	9	12		
1309	2.6180	9	12		
1310	2.6200	9	12		
1311	2.6220	9	12		
1312	2.6240	9	12		
1313	2.6260	9	12		
1314	2.6280	9	12		
1315	2.6300	8	12		
1316	2.6320	8	12		
1317	2.6340	8	12		
1318	2.6360	8	12		
1319	2.6380	8	11		
1320	2.6400	8	11		
1321	2.6420	8	11		
1322	2.6440	8	11		
1323	2.6460	8	11		
1324	2.6480	8	11		
1325	2.6500	8	11		
1326	2.6520	8	11		
1327	2.6540	8	11		
1328	2.6560	8	11		
1329	2.6580	8	11		
1330	2.6600	8	10		
1331	2.6620	8	10		
1332	2.6640	8	10		
1333	2.6660	8	10		
1334	2.6680	8	10		
1335	2.6700	8	10		
1336	2.6720	8	10		
1337	2.6740	8	10		
1338	2.6760	8	10		
1339	2.6780	8	10		
1340	2.6800	8	10		
1341	2.6820	8	10		
1342	2.6840	8	9		
1343	2.6860	8	9		
1344	2.6880	8	9		
1345	2.6900	8	9		
1346	2.6920	8	9		
1347	2.6940	8	9		
1348	2.6960	8	9		
1349	2.6980	8	9		
1350	2.7000	8	8		
1351	2.7020	8	8		
1352	2.7040	8	8		
1353	2.7060	7	8		
1354	2.7080	7	8		
1355	2.7100	7	8		
1356	2.7120	7	8		
1357	2.7140	7	8		
1358	2.7160	7	8		
1359	2.7180	7	8		
1360	2.7200	7	7		
1361	2.7220	7	7		
1362	2.7240	7	7		
1363	2.7260	7	7		
1364	2.7280	6	7		
1365	2.7300	6	7		
1366	2.7320	6	7		
1367	2.7340	6	6		
1368	2.7360	6	6		
1369	2.7380	6	6		
1370	2.7400	6	6		
1371	2.7420	6	6		
1372	2.7440	6	6		
1373	2.7460	6	6		
1374	2.7480	6	6		
1375	2.7500	6	6		
1376	2.7520	6	5		
1377	2.7540	6	5		
1378	2.7560	6	5		
1379	2.7580	6	5		
1380	2.7600	5	5		
1381	2.7620	5	5		
1382	2.7640	5	4		
1383	2.7660	5	4		
1384	2.7680	5	4		
1385	2.7700	5	4		
1386	2.7720	5	4		
1387	2.7740	5	4		
1388	2.7760	5	4		
1389	2.7780	5	4		
1390	2.7800	4	4		
1391	2.7820	4	3		
1392	2.7840	4	3		
1393	2.7860	4	3		
1394	2.7880	4	3		
1395	2.7900	4	3		
1396	2.7920	4	3		
1397	2.7940	4	2		
1398	2.7960	4	2		
1399	2.7980	4	2		
1400	2.8000	4	2		
1401	2.8020	4	2		
1402	2.8040	4	2		
1403	2.8060	4	2		
1404	2.8080	4	2		
1405	2.8100	3	1		
1406	2.8120	3	1		
1407	2.8140	3	1		
1408	2.8160	3	1		
1409	2.8180	3	1		
1410	2.8200	3	1		
1411	2.8220	3	0		
1412	2.8240	3	0		
1413	2.8260	3	0		
1414	2.8280	3	0		
1415	2.8300	2	0		
1416	2.8320	2	0		
1417	2.8340	2	0		
1418	2.8360	2	0		
1419	2.8380	2	-1		
1420	2.8400	2	-1		
1421	2.8420	2	-1		
1422	2.8440	2	-1		
1423	2.8460	2	-1		
1424	2.8480	2	-1		
1425	2.8500	2	-2		
1426	2.8520	2	-2		
1427	2.8540	2	-2		
1428	2.8560	2	-2		
1429	2.8580	2	-2		
1430	2.8600	2	-2		
1431	2.8620	1	-2		
1432	2.8640	1	-2		
1433	2.8660	1	-3		
1434	2.8680	1	-3		
1435	2.8700	1	-3		
1436	2.8720	1	-3		
1437	2.8740	1	-3		
1438	2.8760	1	-3		
1439	2.8780	1	-4		
1440	2.8800	1	-4		
1441	2.8820	0	-4		
1442	2.8840	0	-4		
1443	2.8860	0	-4		
1444	2.8880	0	-4		
1445	2.8900	0	-4		
1446	2.8920	0	-4		
1447	2.8940	0	-4		
1448	2.8960	0	-5		
1449	2.8980	0	-5		
1450	2.9000	0	-5		
1451	2.9020	0	-5		
1452	2.9040	0	-5		
1453	2.9060	0	-5		
1454	2.9080	0	-6		
1455	2.9100	0	-6		
1456	2.9120	0	-6		
1457	2.9140	0	-6		
1458	2.9160	-1	-6		
1459	2.9180	-1	-6		
1460	2.9200	-1	-6		
1461	2.9220	-1	-6		
1462	2.9240	-1	-6		
1463	2.9260	-1	-7		
1464	2.9280	-1	-7		
1465	2.9300	-1	-7		
1466	2.9320	-1	-7		
1467	2.9340	-1	-7		
1468	2.9360	-1	-7		
1469	2.9380	-1	-7		
1470	2.9400	-2	-8		
1471	2.9420	-2	-8		
1472	2.9440	-2	-8		
1473	2.9460	-2	-8		
1474	2.9480	-2	-8		
1475	2.9500	-2	-8		
1476	2.9520	-2	-8		
1477	2.9540	-2	-8		
1478	2.9560	-2	-8		
1479	2.9580	-2	-8		
1480	2.9600	-2	-9		
1481	2.9620	-2	-9		
1482	2.9640	-2	-9		
1483	2.9660	-2	-9		
1484	2.9680	-2	-9		
1485	2.9700	-2	-9		
1486	2.9720	-2	-9		
1487	2.9740	-2	-10		
1488	2.9760	-2	-10		
1489	2.9780	-2	-10		
1490	2.9800	-2	-10		
1491	2.9820	-2	-10		
1492	2.9840	-2	-10		
1493	2.9860	-2	-10		
1494	2.9880	-3	-10		
1495	2.9900	-3	-10		
1496	2.9920	-3	-10		
1497	2.9940	-3	-10		
1498	2.9960	-3	-10		
1499	2.9980	-3	-10		
1500	3.0000	-3	-11		
1501	3.0020	-3	-11		
1502	3.0040	-3	-11		
1503	3.0060	-3	-11		
1504	3.0080	-3	-11		
1505	3.0100	-3	-11		
1506	3.0120	-3	-11		
1507	3.0140	-3	-11		
1508	3.0160	-3	-12		
1509	3.0180	-3	-12		
1510	3.0200	-3	-12		
1511	3.0220	-3	-12		
1512	3.0240	-4	-12		
1513	3.0260	-4	-12		
1514	3.0280	-4	-12		
1515	3.0300	-4	-12		
1516	3.0320	-4	-12		
1517	3.0340	-4	-12		
1518	3.0360	-4	-12		
1519	3.0380	-4	-12		
1520	3.0400	-4	-12		
1521	3.0420	-4	-12		
1522	3.0440	-4	-12		
1523	3.0460	-4	-12		
1524	3.0480	-4	-12		
1525	3.0500	-4	-13		
1526	3.0520	-4	-13		
1527	3.0540	-4	-13		
1528	3.0560	-4	-13		
1529	3.0580	-4	-13		
1530	3.0600	-4	-13		
1531	3.0620	-4	-13		
1532	3.0640	-4	-13		
1533	3.0660	-4	-13		
1534	3.0680	-4	-13		
1535	3.0700	-4	-13		
1536	3.0720	-4	-13		
1537	3.0740	-4	-13		
1538	3.0760	-4	-13		
1539	3.0780	-4	-13		
1540	3.0800	-4	-13		
1541	3.0820	-4	-13		
1542	3.0840	-4	-13		
1543	3.0860	-4	-14		
1544	3.0880	-4	-14		
1545	3.0900	-4	-14		
1546	3.0920	-4	-14		
1547	3.0940	-4	-14		
1548	3.0960	-4	-14		
1549	3.0980	-4	-14		
1550	3.1000	-4	-14		
1551	3.1020	-4	-14		
1552	3.1040	-4	-14		
1553	3.1060	-4	-14		
1554	3.1080	-4	-14		
1555	3.1100	-4	-14		
1556	3.1120	-4	-14		
1557	3.1140	-4	-14		
1558	3.1160	-4	-14		
1559	3.1180	-4	-14		
1560	3.1200	-4	-14		
1561	3.1220	-4	-14		
1562	3.1240	-4	-14		
1563	3.1260	-4	-14		
1564	3.1280	-4	-14		
1565	3.1300	-4	-14		
1566	3.1320	-4	-14		
1567	3.1340	-4	-14		
1568	3.1360	-4	-14		
1569	3.1380	-4	-14		
1570	3.1400	-4	-14		
1571	3.1420	-4	-14		
1572	3.1440	-4	-14		
1573	3.1460	-4	-14		
1574	3.1480	-4	-14		
1575	3.1500	-4	-14		
1576	3.1520	-4	-14		
1577	3.1540	-4	-14		
1578	3.1560	-4	-14		
1579	3.1580	-4	-14		
1580	3.1600	-4	-14		
1581	3.1620	-4	-14		
1582	3.1640	-4	-14		
1583	3.1660	-4	-14		
1584	3.1680	-4	-14		
1585	3.1700	-4	-14		
1586	3.1720	-4	-14		
1587	3.1740	-4	-14		
1588	3.1760	-4	-14		
1589	3.1780	-4	-14		
1590	3.1800	-4	-14		
1591	3.1820	-4	-13		
1592	3.1840	-4	-13		
1593	3.1860	-4	-13		
1594	3.1880	-4	-13		
1595	3.1900	-4	-13		
1596	3.1920	-4	-13		
1597	3.1940	-3	-13		
1598	3.1960	-3	-13		
1599	3.1980	-3	-13		
1600	3.2000	-3	-13		
1601	3.2020	-3	-13		
1602	3.2040	-3	-13		
1603	3.2060	-3	-13		
1604	3.2080	-3	-13		
1605	3.2100	-3	-13		
1606	3.2120	-3	-13		
1607	3.2140	-3	-13		
1608	3.2160	-3	-12		
1609	3.2180	-3	-12		
1610	3.2200	-3	-12		
1611	3.2220	-3	-12		
1612	3.2240	-3	-12		
1613	3.2260	-3	-12		
1614	3.2280	-3	-12		
1615	3.2300	-2	-12		
1616	3.2320	-2	-12		
1617	3.2340	-2	-12		
1618	3.2360	-2	-12		
1619	3.2380	-2	-12		
1620	3.2400	-2	-12		
1621	3.2420	-2	-12		
1622	3.2440	-2	-12		
1623	3.2460	-2	-12		
1624	3.2480	-2	-12		
1625	3.2500	-2	-11		
1626	3.2520	-2	-11		
1627	3.2540	-2	-11		
1628	3.2560	-2	-11		
1629	3.2580	-2	-11		
1630	3.2600	-2	-11		
1631	3.2620	-2	-11		
1632	3.2640	-2	-11		
1633	3.2660	-2	-11		
1634	3.2680	-2	-10		
1635	3.2700	-2	-10		
1636	3.2720	-2	-10		
1637	3.2740	-2	-10		
1638	3.2760	-1	-10		
1639	3.2780	-1	-10		
1640	3.2800	-1	-10		
1641	3.2820	-1	-10		
1642	3.2840	-1	-10		
1643	3.2860	-1	-10		
1644	3.2880	-1	-10		
1645	3.2900	-1	-10		
1646	3.2920	-1	-9		
1647	3.2940	-1	-9		
1648	3.2960	-1	-9		
1649	3.2980	-1	-9		
1650	3.3000	0	-9		
1651	3.3020	0	-9		
1652	3.3040	0	-9		
1653	3.3060	0	-8		
1654	3.3080	0	-8		
1655	3.3100	0	-8		
1656	3.3120	0	-8		
1657	3.3140	0	-8		
1658	3.3160	0	-8		
1659	3.3180	0	-8		
1660	3.3200	0	-8		
1661	3.3220	0	-8		
1662	3.3240	0	-8		
1663	3.3260	0	-7		
1664	3.3280	0	-7		
1665	3.3300	0	-7		
1666	3.3320	0	-7		
1667	3.3340	1	-7		
1668	3.3360	1	-7		
1669	3.3380	1	-7		
1670	3.3400	1	-6		
1671	3.3420	1	-6		
1672	3.3440	1	-6		
1673	3.3460	1	-6		
1674	3.3480	1	-6		
1675	3.3500	1	-6		
1676	3.3520	1	-6		
1677	3.3540	1	-6		
1678	3.3560	2	-6		
1679	3.3580	2	-5		
1680	3.3600	2	-5		
1681	3.3620	2	-5		
1682	3.3640	2	-5		
1683	3.3660	2	-5		
1684	3.3680	2	-5		
1685	3.3700	2	-4		
1686	3.3720	2	-4		
1687	3.3740	2	-4		
1688	3.3760	2	-4		
1689	3.3780	2	-4		
1690	3.3800	2	-4		
1691	3.3820	2	-4		
1692	3.3840	2	-4		
1693	3.3860	2	-4		
1694	3.3880	3	-3		
1695	3.3900	3	-3		
1696	3.3920	3	-3		
1697	3.3940	3	-3		
1698	3.3960	3	-3		
1699	3.3980	3	-3		
1700	3.4000	3	-2		
1701	3.4020	3	-2		
1702	3.4040	3	-2		
1703	3.4060	4	-2		
1704	3.4080	4	-2		
1705	3.4100	4	-2		
1706	3.4120	4	-2		
1707	3.4140	4	-2		
1708	3.4160	4	-1		
1709	3.4180	4	-1		
1710	3.4200	4	-1		
1711	3.4220	4	-1		
1712	3.4240	4	-1		
1713	3.4260	4	-1		
1714	3.4280	4	0		
1715	3.4300	4	0		
1716	3.4320	4	0		
1717	3.4340	4	0		
1718	3.4360	4	0		
1719	3.4380	5	0		
1720	3.4400	5	0		
1721	3.4420	5	0		
1722	3.4440	5	1		
1723	3.4460	5	1		
1724	3.4480	5	1		
1725	3.4500	5	1		
1726	3.4520	5	1		
1727	3.4540	5	1		
1728	3.4560	6	2		
1729	3.4580	6	2		
1730	3.4600	6	2		
1731	3.4620	6	2		
1732	3.4640	6	2		
1733	3.4660	6	2		
1734	3.4680	6	2		
1735	3.4700	6	2		
1736	3.4720	6	3		
1737	3.4740	6	3		
1738	3.4760	6	3		
1739	3.4780	6	3		
1740	3.4800	6	3		
1741	3.4820	6	3		
1742	3.4840	6	4		
1743	3.4860	6	4		
1744	3.4880	6	4		
1745	3.4900	7	4		
1746	3.4920	7	4		
1747	3.4940	7	4		
1748	3.4960	7	4		
1749	3.4980	7	4		
1750	3.5000	7	4		
1751	3.5020	7	5		
1752	3.5040	7	5		
1753	3.5060	7	5		
1754	3.5080	7	5		
1755	3.5100	8	5		
1756	3.5120	8	5		
1757	3.5140	8	6		
1758	3.5160	8	6		
1759	3.5180	8	6		
1760	3.5200	8	6		
1761	3.5220	8	6		
1762	3.5240	8	6		
1763	3.5260	8	6		
1764	3.5280	8	6		
1765	3.5300	8	6		
1766	3.5320	8	7		
1767	3.5340	8	7		
1768	3.5360	8	7		
1769	3.5380	8	7		
1770	3.5400	8	7		
1771	3.5420	8	7		
1772	3.5440	8	7		
1773	3.5460	8	8		
1774	3.5480	8	8		
1775	3.5500	8	8		
1776	3.5520	8	8		
1777	3.5540	8	8		
1778	3.5560	8	8		
1779	3.5580	8	8		
1780	3.5600	8	8		
1781	3.5620	8	8		
1782	3.5640	8	8		
1783	3.5660	8	9		
1784	3.5680	8	9		
1785	3.5700	8	9		
1786	3.5720	8	9		
1787	3.5740	8	9		
1788	3.5760	8	9		
1789	3.5780	8	9		
1790	3.5800	8	9		
1791	3.5820	8	10		
1792	3.5840	8	10		
1793	3.5860	8	10		
1794	3.5880	9	10		
1795	3.5900	9	10		
1796	3.5920	9	10		
1797	3.5940	9	10		
1798	3.5960	9	10		
1799	3.5980	9	10		
1800	3.6000	9	10		
1801	3.6020	9	10		
1802	3.6040	9	10		
1803	3.6060	9	10		
1804	3.6080	9	11		
1805	3.6100	9	11		
1806	3.6120	9	11		
1807	3.6140	9	11		
1808	3.6160	9	11		
1809	3.6180	9	11		
1810	3.6200	9	11		
1811	3.6220	8	11		
1812	3.6240	8	11		
1813	3.6260	8	11		
1814	3.6280	8	12		
1815	3.6300	8	12		
1816	3.6320	8	12		
1817	3.6340	8	12		
1818	3.6360	8	12		
1819	3.6380	9	12		
1820	3.6400	9	12		
1821	3.6420	9	12		
1822	3.6440	9	12		
1823	3.6460	9	12		
1824	3.6480	9	12		
1825	3.6500	9	12		
1826	3.6520	9	12		
1827	3.6540	9	12		
1828	3.6560	9	12		
1829	3.6580	9	12		
1830	3.6600	9	12		
1831	3.6620	9	12		
1832	3.6640	9	12		
1833	3.6660	9	13		
1834	3.6680	9	13		
1835	3.6700	9	13		
1836	3.6720	9	13		
1837	3.6740	9	13		
1838	3.6760	9	13		
1839	3.6780	9	13		
1840	3.6800	9	13		
1841	3.6820	9	13		
1842	3.6840	9	13		
1843	3.6860	9	13		
1844	3.6880	9	13		
1845	3.6900	9	13		
1846	3.6920	9	13		
1847	3.6940	9	13		
1848	3.6960	9	13		
1849	3.6980	9	13		
1850	3.7000	9	13		
1851	3.7020	9	13		
1852	3.7040	9	13		
1853	3.7060	9	13		
1854	3.7080	9	13		
1855	3.7100	9	13		
1856	3.7120	9	13		
1857	3.7140	9	13		
1858	3.7160	9	13		
1859	3.7180	9	13		
1860	3.7200	9	14		
1861	3.7220	9	14		
1862	3.7240	9	14		
1863	3.7260	9	14		
1864	3.7280	9	14		
1865	3.7300	9	14		
1866	3.7320	9	14		
1867	3.7340	9	14		
1868	3.7360	9	14		
1869	3.7380	9	14		
1870	3.7400	9	14		
1871	3.7420	9	14		
1872	3.7440	9	14		
1873	3.7460	9	14		
1874	3.7480	9	13		
1875	3.7500	9	13		
1876	3.7520	9	13		
1877	3.7540	9	13		
1878	3.7560	9	13		
1879	3.7580	9	13		
1880	3.7600	9	13		
1881	3.7620	9	13		
1882	3.7640	9	13		
1883	3.7660	9	13		
1884	3.7680	9	13		
1885	3.7700	9	13		
1886	3.7720	9	13		
1887	3.7740	9	13		
1888	3.7760	9	13		
1889	3.7780	9	13		
1890	3.7800	9	13		
1891	3.7820	8	13		
1892	3.7840	8	13		
1893	3.7860	8	13		
1894	3.7880	8	13		
1895	3.7900	8	13		
1896	3.7920	8	13		
1897	3.7940	8	13		
1898	3.7960	9	13		
1899	3.7980	9	13		
1900	3.8000	9	12		
1901	3.8020	9	12		
1902	3.8040	9	12		
1903	3.8060	9	12		
1904	3.8080	9	12		
1905	3.8100	9	12		
1906	3.8120	9	12		
1907	3.8140	9	12		
1908	3.8160	9	12		
1909	3.8180	9	12		
1910	3.8200	9	12		
1911	3.8220	9	12		
1912	3.8240	9	12		
1913	3.8260	9	12		
1914	3.8280	9	12		
1915	3.8300	8	12		
1916	3.8320	8	12		
1917	3.8340	8	12		
1918	3.8360	8	11		
1919	3.8380	8	11		
1920	3.8400	8	11		
1921	3.8420	8	11		
1922	3.8440	8	11		
1923	3.8460	8	11		
1924	3.8480	8	11		
1925	3.8500	8	11		
1926	3.8520	8	11		
1927	3.8540	8	11		
1928	3.8560	8	11		
1929	3.8580	8	10		
1930	3.8600	8	10		
1931	3.8620	8	10		
1932	3.8640	8	10		
1933	3.8660	8	10		
1934	3.8680	8	10		
1935	3.8700	8	10		
1936	3.8720	8	10		
1937	3.8740	8	10		
1938	3.8760	8	10		
1939	3.8780	8	10		
1940	3.8800	8	10		
1941	3.8820	8	9		
1942	3.8840	8	9		
1943	3.8860	8	9		
1944	3.8880	8	9		
1945	3.8900	8	9		
1946	3.8920	8	9		
1947	3.8940	8	9		
1948	3.8960	8	9		
1949	3.8980	8	9		
1950	3.9000	8	8		
1951	3.9020	8	8		
1952	3.9040	8	8		
1953	3.9060	7	8		
1954	3.9080	7	8		
1955	3.9100	7	8		
1956	3.9120	7	8		
1957	3.9140	7	8		
1958	3.9160	7	8		
1959	3.9180	7	7		
1960	3.9200	7	7		
1961	3.9220	7	7		
1962	3.9240	7	7		
1963	3.9260	7	7		
1964	3.9280	6	7		
1965	3.9300	6	7		
1966	3.9320	6	6		
1967	3.9340	6	6		
1968	3.9360	6	6		
1969	3.9380	6	6		
1970	3.9400	6	6		
1971	3.9420	6	6		
1972	3.9440	6	6		
1973	3.9460	6	6		
1974	3.9480	6	6		
1975	3.9500	6	6		
1976	3.9520	6	5		
1977	3.9540	6	5		
1978	3.9560	6	5		
1979	3.9580	6	5		
1980	3.9600	5	5		
1981	3.9620	5	5		
1982	3.9640	5	4		
1983	3.9660	5	4		
1984	3.9680	5	4		
1985	3.9700	5	4		
1986	3.9720	5	4		
1987	3.9740	5	4		
1988	3.9760	5	4		
1989	3.9780	5	4		
1990	3.9800	4	4		
1991	3.9820	4	3		
1992	3.9840	4	3		
1993	3.9860	4	3		
1994	3.9880	4	3		
1995	3.9900	4	3		
1996	3.9920	4	3		
1997	3.9940	4	2		
1998	3.9960	4	2		
1999	3.9980	4	2		
2000	4.0000	4	2		
2001	4.0020	4	2		
2002	4.0040	4	2		
2003	4.0060	4	2		
2004	4.0080	4	2		
2005	4.0100	3	1		
2006	4.0120	3	1		
2007	4.0140	3	1		
2008	4.0160	3	1		
2009	4.0180	3	1		
2010	4.0200	3	1		
2011	4.0220	3	0		
2012	4.0240	3	0		
2013	4.0260	3	0		
2014	4.0280	3	0		
2015	4.0300	2	0		
2016	4.0320	2	0		
2017	4.0340	2	0		
2018	4.0360	2	0		
2019	4.0380	2	-1		
2020	4.0400	2	-1		
2021	4.0420	2	-1		
2022	4.0440	2	-1		
2023	4.0460	2	-1		
2024	4.0480	2	-1		
2025	4.0500	2	-2		
2026	4.0520	2	-2		
2027	4.0540	2	-2		
2028	4.0560	2	-2		
2029	4.0580	2	-2		
2030	4.0600	2	-2		
2031	4.0620	1	-2		
2032	4.0640	1	-2		
2033	4.0660	1	-3		
2034	4.0680	1	-3		
2035	4.0700	1	-3		
2036	4.0720	1	-3		
2037	4.0740	1	-3		
2038	4.0760	1	-3		
2039	4.0780	1	-4		
2040	4.0800	1	-4		
2041	4.0820	0	-4		
2042	4.0840	0	-4		
2043	4.0860	0	-4		
2044	4.0880	0	-4		
2045	4.0900	0	-4		
2046	4.0920	0	-4		
2047	4.0940	0	-4		
2048	4.0960	0	-5		
2049	4.0980	0	-5		
2050	4.1000	0	-5		
2051	4.1020	0	-5		
2052	4.1040	0	-5		
2053	4.1060	0	-5		
2054	4.1080	0	-6		
2055	4.1100	0	-6		
2056	4.1120	0	-6		
2057	4.1140	0	-6		
2058	4.1160	0	-6		
2059	4.1180	-1	-6		
2060	4.1200	-1	-6		
2061	4.1220	-1	-6		
2062	4.1240	-1	-6		
2063	4.1260	-1	-7		
2064	4.1280	-1	-7		
2065	4.1300	-1	-7		
2066	4.1320	-1	-7		
2067	4.1340	-1	-7		
2068	4.1360	-1	-7		
2069	4.1380	-1	-7		
2070	4.1400	-2	-8		
2071	4.1420	-2	-8		
2072	4.1440	-2	-8		
2073	4.1460	-2	-8		
2074	4.1480	-2	-8		
2075	4.1500	-2	-8		
2076	4.1520	-2	-8		
2077	4.1540	-2	-8		
2078	4.1560	-2	-8		
2079	4.1580	-2	-8		
2080	4.1600	-2	-9		
2081	4.1620	-2	-9		
2082	4.1640	-2	-9		
2083	4.1660	-2	-9		
2084	4.1680	-2	-9		
2085	4.1700	-2	-9		
2086	4.1720	-2	-9		
2087	4.1740	-2	-9		
2088	4.1760	-2	-10		
2089	4.1780	-2	-10		
2090	4.1800	-2	-10		
2091	4.1820	-2	-10		
2092	4.1840	-2	-10		
2093	4.1860	-2	-10		
2094	4.1880	-3	-10		
2095	4.1900	-3	-10		
2096	4.1920	-3	-10		
2097	4.1940	-3	-10		
2098	4.1960	-3	-10		
2099	4.1980	-3	-10		
2100	4.2000	-3	-11		
2101	4.2020	-3	-11		
2102	4.2040	-3	-11		
2103	4.2060	-3	-11		
2104	4.2080	-3	-11		
2105	4.2100	-3	-11		
2106	4.2120	-3	-11		
2107	4.2140	-3	-11		
2108	4.2160	-3	-11		
2109	4.2180	-3	-12		
2110	4.2200	-3	-12		
2111	4.2220	-3	-12		
2112	4.2240	-4	-12		
2113	4.2260	-4	-12		
2114	4.2280	-4	-12		
2115	4.2300	-4	-12		
2116	4.2320	-4	-12		
2117	4.2340	-4	-12		
2118	4.2360	-4	-12		
2119	4.2380	-4	-12		
2120	4.2400	-4	-12		
2121	4.2420	-4	-12		
2122	4.2440	-4	-12		
2123	4.2460	-4	-12		
2124	4.2480	-4	-12		
2125	4.2500	-4	-12		
2126	4.2520	-4	-12		
2127	4.2540	-4	-13		
2128	4.2560	-4	-13		
2129	4.2580	-4	-13		
2130	4.2600	-4	-13		
2131	4.2620	-4	-13		
2132	4.2640	-4	-13		
2133	4.2660	-4	-13		
2134	4.2680	-4	-13		
2135	4.2700	-4	-13		
2136	4.2720	-4	-13		
2137	4.2740	-4	-13		
2138	4.2760	-4	-13		
2139	4.2780	-4	-13		
2140	4.2800	-4	-13		
2141	4.2820	-4	-13		
2142	4.2840	-4	-13		
2143	4.2860	-4	-13		
2144	4.2880	-4	-13		
2145	4.2900	-4	-14		
2146	4.2920	-4	-14		
2147	4.2940	-4	-14		
2148	4.2960	-4	-14		
2149	4.2980	-4	-14		
2150	4.3000	-4	-14		
2151	4.3020	-4	-14		
2152	4.3040	-4	-14		
2153	4.3060	-4	-14		
2154	4.3080	-4	-14		
2155	4.3100	-4	-14		
2156	4.3120	-4	-14		
2157	4.3140	-4	-14		
2158	4.3160	-4	-14		
2159	4.3180	-4	-14		
2160	4.3200	-4	-14		
2161	4.3220	-4	-14		
2162	4.3240	-4	-14		
2163	4.3260	-4	-14		
2164	4.3280	-4	-14		
2165	4.3300	-4	-14		
2166	4.3320	-4	-14		
2167	4.3340	-4	-14		
2168	4.3360	-4	-14		
2169	4.3380	-4	-14		
2170	4.3400	-4	-14		
2171	4.3420	-4	-14		
2172	4.3440	-4	-14		
2173	4.3460	-4	-14		
2174	4.3480	-4	-14		
2175	4.3500	-4	-14		
2176	4.3520	-4	-14		
2177	4.3540	-4	-14		
2178	4.3560	-4	-14		
2179	4.3580	-4	-14		
2180	4.3600	-4	-14		
2181	4.3620	-4	-14		
2182	4.3640	-4	-14		
2183	4.3660	-4	-14		
2184	4.3680	-4	-14		
2185	4.3700	-4	-14		
2186	4.3720	-4	-14		
2187	4.3740	-4	-14		
2188	4.3760	-4	-13		
2189	4.3780	-4	-13		
2190	4.3800	-4	-13		
2191	4.3820	-4	-13		
2192	4.3840	-4	-13		
2193	4.3860	-4	-13		
2194	4.3880	-4	-13		
2195	4.3900	-4	-13		
2196	4.3920	-4	-13		
2197	4.3940	-3	-13		
2198	4.3960	-3	-13		
2199	4.3980	-3	-13		
2200	4.4000	-3	-13		
2201	4.4020	-3	-13		
2202	4.4040	-3	-13		
2203	4.4060	-3	-13		
2204	4.4080	-3	-13		
2205	4.4100	-3	-13		
2206	4.4120	-3	-12		
2207	4.4140	-3	-12		
2208	4.4160	-3	-12		
2209	4.4180	-3	-12		
2210	4.4200	-3	-12		
2211	4.4220	-3	-12		
2212	4.4240	-3	-12		
2213	4.4260	-3	-12		
2214	4.4280	-3	-12		
2215	4.4300	-2	-12		
2216	4.4320	-2	-12		
2217	4.4340	-2	-12		
2218	4.4360	-2	-12		
2219	4.4380	-2	-12		
2220	4.4400	-2	-12		
2221	4.4420	-2	-12		
2222	4.4440	-2	-12		
2223	4.4460	-2	-12		
2224	4.4480	-2	-11		
2225	4.4500	-2	-11		
2226	4.4520	-2	-11		
2227	4.4540	-2	-11		
2228	4.4560	-2	-11		
2229	4.4580	-2	-11		
2230	4.4600	-2	-11		
2231	4.4620	-2	-11		
2232	4.4640	-2	-11		
2233	4.4660	-2	-10		
2234	4.4680	-2	-10		
2235	4.4700	-2	-10		
2236	4.4720	-2	-10		
2237	4.4740	-2	-10		
2238	4.4760	-1	-10		
2239	4.4780	-1	-10		
2240	4.4800	-1	-10		
2241	4.4820	-1	-10		
2242	4.4840	-1	-10		
2243	4.4860	-1	-10		
2244	4.4880	-1	-10		
2245	4.4900	-1	-9		
2246	4.4920	-1	-9		
2247	4.4940	-1	-9		
2248	4.4960	-1	-9		
2249	4.4980	-1	-9		
2250	4.5000	0	-9		
2251	4.5020	0	-9		
2252	4.5040	0	-8		
2253	4.5060	0	-8		
2254	4.5080	0	-8		
2255	4.5100	0	-8		
2256	4.5120	0	-8		
2257	4.5140	0	-8		
2258	4.5160	0	-8		
2259	4.5180	0	-8		
2260	4.5200	0	-8		
2261	4.5220	0	-8		
2262	4.5240	0	-8		
2263	4.5260	0	-7		
2264	4.5280	0	-7		
2265	4.5300	0	-7		
2266	4.5320	0	-7		
2267	4.5340	1	-7		
2268	4.5360	1	-7		
2269	4.5380	1	-6		
2270	4.5400	1	-6		
2271	4.5420	1	-6		
2272	4.5440	1	-6		
2273	4.5460	1	-6		
2274	4.5480	1	-6		
2275	4.5500	1	-6		
2276	4.5520	1	-6		
2277	4.5540	1	-6		
2278	4.5560	2	-6		
2279	4.5580	2	-5		
2280	4.5600	2	-5		
2281	4.5620	2	-5		
2282	4.5640	2	-5		
2283	4.5660	2	-5		
2284	4.5680	2	-5		
2285	4.5700	2	-4		
2286	4.5720	2	-4		
2287	4.5740	2	-4		
2288	4.5760	2	-4		
2289	4.5780	2	-4		
2290	4.5800	2	-4		
2291	4.5820	2	-4		
2292	4.5840	2	-4		
2293	4.5860	2	-3		
2294	4.5880	3	-3		
2295	4.5900	3	-3		
2296	4.5920	3	-3		
2297	4.5940	3	-3		
2298	4.5960	3	-3		
2299	4.5980	3	-3		
2300	4.6000	3	-2		
2301	4.6020	3	-2		
2302	4.6040	3	-2		
2303	4.6060	4	-2		
2304	4.6080	4	-2		
2305	4.6100	4	-2		
2306	4.6120	4	-2		
2307	4.6140	4	-2		
2308	4.6160	4	-1		
2309	4.6180	4	-1		
2310	4.6200	4	-1		
2311	4.6220	4	-1		
2312	4.6240	4	-1		
2313	4.6260	4	0		
2314	4.6280	4	0		
2315	4.6300	4	0		
2316	4.6320	4	0		
2317	4.6340	4	0		
2318	4.6360	4	0		
2319	4.6380	5	0		
2320	4.6400	5	0		
2321	4.6420	5	0		
2322	4.6440	5	1		
2323	4.6460	5	1		
2324	4.6480	5	1		
2325	4.6500	5	1		
2326	4.6520	5	1		
2327	4.6540	5	1		
2328	4.6560	6	2		
2329	4.6580	6	2		
2330	4.6600	6	2		
2331	4.6620	6	2		
2332	4.6640	6	2		
2333	4.6660	6	2		
2334	4.6680	6	2		
2335	4.6700	6	2		
2336	4.6720	6	3		
2337	4.6740	6	3		
2338	4.6760	6	3		
2339	4.6780	6	3		
2340	4.6800	6	3		
2341	4.6820	6	3		
2342	4.6840	6	4		
2343	4.6860	6	4		
2344	4.6880	6	4		
2345	4.6900	7	4		
2346	4.6920	7	4		
2347	4.6940	7	4		
2348	4.6960	7	4		
2349	4.6980	7	4		
2350	4.7000	7	4		
2351	4.7020	7	5		
2352	4.7040	7	5		
2353	4.7060	7	5		
2354	4.7080	7	5		
2355	4.7100	7	5		
2356	4.7120	8	5		
2357	4.7140	8	6		
2358	4.7160	8	6		
2359	4.7180	8	6		
2360	4.7200	8	6		
2361	4.7220	8	6		
2362	4.7240	8	6		
2363	4.7260	8	6		
2364	4.7280	8	6		
2365	4.7300	8	6		
2366	4.7320	8	7		
2367	4.7340	8	7		
2368	4.7360	8	7		
2369	4.7380	8	7		
2370	4.7400	8	7		
2371	4.7420	8	7		
2372	4.7440	8	7		
2373	4.7460	8	8		
2374	4.7480	8	8		
2375	4.7500	8	8		
2376	4.7520	8	8		
2377	4.7540	8	8		
2378	4.7560	8	8		
2379	4.7580	8	8		
2380	4.7600	8	8		
2381	4.7620	8	8		
2382	4.7640	8	8		
2383	4.7660	8	8		
2384	4.7680	8	9		
2385	4.7700	8	9		
2386	4.7720	8	9		
2387	4.7740	8	9		
2388	4.7760	8	9		
2389	4.7780	8	9		
2390	4.7800	8	9		
2391	4.7820	8	9		
2392	4.7840	8	10		
2393	4.7860	8	10		
2394	4.7880	9	10		
2395	4.7900	9	10		
2396	4.7920	9	10		
2397	4.7940	9	10		
2398	4.7960	9	10		
2399	4.7980	9	10		
2400	4.8000	9	10		
2401	4.8020	9	10		
2402	4.8040	9	10		
2403	4.8060	9	10		
2404	4.8080	9	11		
2405	4.8100	9	11		
2406	4.8120	9	11		
2407	4.8140	9	11		
2408	4.8160	9	11		
2409	4.8180	9	11		
2410	4.8200	9	11		
2411	4.8220	8	11		
2412	4.8240	8	11		
2413	4.8260	8	11		
2414	4.8280	8	11		
2415	4.8300	8	12		
2416	4.8320	8	12		
2417	4.8340	8	12		
2418	4.8360	8	12		
2419	4.8380	9	12		
2420	4.8400	9	12		
2421	4.8420	9	12		
2422	4.8440	9	12		
2423	4.8460	9	12		
2424	4.8480	9	12		
2425	4.8500	9	12		
2426	4.8520	9	12		
2427	4.8540	9	12		
2428	4.8560	9	12		
2429	4.8580	9	12		
2430	4.8600	9	12		
2431	4.8620	9	12		
2432	4.8640	9	12		
2433	4.8660	9	12		
2434	4.8680	9	12		
2435	4.8700	9	13		
2436	4.8720	9	13		
2437	4.8740	9	13		
2438	4.8760	9	13		
2439	4.8780	9	13		
2440	4.8800	9	13		
2441	4.8820	9	13		
2442	4.8840	9	13		
2443	4.8860	9	13		
2444	4.8880	9	13		
2445	4.8900	9	13		
2446	4.8920	9	13		
2447	4.8940	9	13		
2448	4.8960	9	13		
2449	4.8980	9	13		
2450	4.9000	9	13		
2451	4.9020	9	13		
2452	4.9040	9	13		
2453	4.9060	9	13		
2454	4.9080	9	13		
2455	4.9100	9	13		
2456	4.9120	9	13		
2457	4.9140	9	13		
2458	4.9160	9	13		
2459	4.9180	9	13		
2460	4.9200	9	13		
2461	4.9220	9	13		
2462	4.9240	9	13		
2463	4.9260	9	13		
2464	4.9280	9	13		
2465	4.9300	9	13		
2466	4.9320	9	13		
2467	4.9340	9	13		
2468	4.9360	9	13		
2469	4.9380	9	13		
2470	4.9400	9	13		
2471	4.9420	9	13		
2472	4.9440	9	13		
2473	4.9460	9	13		
2474	4.9480	9	13		
2475	4.9500	9	13		
2476	4.9520	9	13		
2477	4.9540	9	13		
2478	4.9560	9	13		
2479	4.9580	9	13		
2480	4.9600	9	13		
2481	4.9620	9	13		
2482	4.9640	9	13		
2483	4.9660	9	13		
2484	4.9680	9	13		
2485	4.9700	9	13		
2486	4.9720	9	13		
2487	4.9740	9	13		
2488	4.9760	9	13		
2489	4.9780	9	13		
2490	4.9800	8	13		
2491	4.9820	8	13		
2492	4.9840	8	13		
2493	4.9860	8	13		
2494	4.9880	8	13		
2495	4.9900	8	13		
2496	4.9920	8	13		
2497	4.9940	8	13		
2498	4.9960	9	12		
2499	4.9980	9	12		
2500	5.0000	9	12		
2501	5.0020	9	12		
2502	5.0040	9	12		
2503	5.0060	9	12		
2504	5.0080	9	12		
2505	5.0100	9	12		
2506	5.0120	9	12		
2507	5.0140	9	12		
2508	5.0160	9	12		
2509	5.0180	9	12		
2510	5.0200	9	12		
2511	5.0220	9	12		
2512	5.0240	9	12		
2513	5.0260	9	12		
2514	5.0280	9	12		
2515	5.0300	8	12		
2516	5.0320	8	12		
2517	5.0340	8	11		
2518	5.0360	8	11		
2519	5.0380	8	11		
2520	5.0400	8	11		
2521	5.0420	8	11		
2522	5.0440	8	11		
2523	5.0460	8	11		
2524	5.0480	8	11		
2525	5.0500	8	11		
2526	5.0520	8	11		
2527	5.0540	8	11		
2528	5.0560	8	10		
2529	5.0580	8	10		
2530	5.0600	8	10		
2531	5.0620	8	10		
2532	5.0640	8	10		
2533	5.0660	8	10		
2534	5.0680	8	10		
2535	5.0700	8	10		
2536	5.0720	8	10		
2537	5.0740	8	10		
2538	5.0760	8	10		
2539	5.0780	8	10		
2540	5.0800	8	10		
2541	5.0820	8	9		
2542	5.0840	8	9		
2543	5.0860	8	9		
2544	5.0880	8	9		
2545	5.0900	8	9		
2546	5.0920	8	9		
2547	5.0940	8	9		
2548	5.0960	8	9		
2549	5.0980	8	8		
2550	5.1000	8	8		
2551	5.1020	8	8		
2552	5.1040	8	8		
2553	5.1060	7	8		
2554	5.1080	7	8		
2555	5.1100	7	8		
2556	5.1120	7	8		
2557	5.1140	7	8		
2558	5.1160	7	8		
2559	5.1180	7	7		
2560	5.1200	7	7		
2561	5.1220	7	7		
2562	5.1240	7	7		
2563	5.1260	7	7		
2564	5.1280	6	7		
2565	5.1300	6	7		
2566	5.1320	6	6		
2567	5.1340	6	6		
2568	5.1360	6	6		
2569	5.1380	6	6		
2570	5.1400	6	6		
2571	5.1420	6	6		
2572	5.1440	6	6		
2573	5.1460	6	6		
2574	5.1480	6	6		
2575	5.1500	6	5		
2576	5.1520	6	5		
2577	5.1540	6	5		
2578	5.1560	6	5		
2579	5.1580	6	5		
2580	5.1600	5	5		
2581	5.1620	5	5		
2582	5.1640	5	4		
2583	5.1660	5	4		
2584	5.1680	5	4		
2585	5.1700	5	4		
2586	5.1720	5	4		
2587	5.1740	5	4		
2588	5.1760	5	4		
2589	5.1780	5	4		
2590	5.1800	4	3		
2591	5.1820	4	3		
2592	5.1840	4	3		
2593	5.1860	4	3		
2594	5.1880	4	3		
2595	5.1900	4	3		
2596	5.1920	4	2		
2597	5.1940	4	2		
2598	5.1960	4	2		
2599	5.1980	4	2		
2600	5.2000	4	2		
2601	5.2020	4	2		
2602	5.2040	4	2		
2603	5.2060	4	2		
2604	5.2080	4	2		
2605	5.2100	3	1		
2606	5.2120	3	1		
2607	5.2140	3	1		
2608	5.2160	3	1		
2609	5.2180	3	1		
2610	5.2200	3	0		
2611	5.2220	3	0		
2612	5.2240	3	0		
2613	5.2260	3	0		
2614	5.2280	3	0		
2615	5.2300	2	0		
2616	5.2320	2	0		
2617	5.2340	2	0		
2618	5.2360	2	0		
2619	5.2380	2	-1		
2620	5.2400	2	-1		
2621	5.2420	2	-1		
2622	5.2440	2	-1		
2623	5.2460	2	-1		
2624	5.2480	2	-1		
2625	5.2500	2	-2		
2626	5.2520	2	-2		
2627	5.2540	2	-2		
2628	5.2560	2	-2		
2629	5.2580	2	-2		
2630	5.2600	2	-2		
2631	5.2620	1	-2		
2632	5.2640	1	-2		
2633	5.2660	1	-3		
2634	5.2680	1	-3		
2635	5.2700	1	-3		
2636	5.2720	1	-3		
2637	5.2740	1	-3		
2638	5.2760	1	-3		
2639	5.2780	1	-4		
2640	5.2800	1	-4		
2641	5.2820	0	-4		
2642	5.2840	0	-4		
2643	5.2860	0	-4		
2644	5.2880	0	-4		
2645	5.2900	0	-4		
2646	5.2920	0	-4		
2647	5.2940	0	-4		
2648	5.2960	0	-4		
2649	5.2980	0	-5		
2650	5.3000	0	-5		
2651	5.3020	0	-5		
2652	5.3040	0	-5		
2653	5.3060	0	-5		
2654	5.3080	0	-6		
2655	5.3100	0	-6		
2656	5.3120	0	-6		
2657	5.3140	0	-6		
2658	5.3160	0	-6		
2659	5.3180	-1	-6		
2660	5.3200	-1	-6		
2661	5.3220	-1	-6		
2662	5.3240	-1	-6		
2663	5.3260	-1	-7		
2664	5.3280	-1	-7		
2665	5.3300	-1	-7		
2666	5.3320	-1	-7		
2667	5.3340	-1	-7		
2668	5.3360	-1	-7		
2669	5.3380	-1	-7		
2670	5.3400	-2	-8		
2671	5.3420	-2	-8		
2672	5.3440	-2	-8		
2673	5.3460	-2	-8		
2674	5.3480	-2	-8		
2675	5.3500	-2	-8		
2676	5.3520	-2	-8		
2677	5.3540	-2	-8		
2678	5.3560	-2	-8		
2679	5.3580	-2	-8		
2680	5.3600	-2	-8		
2681	5.3620	-2	-9		
2682	5.3640	-2	-9		
2683	5.3660	-2	-9		
2684	5.3680	-2	-9		
2685	5.3700	-2	-9		
2686	5.3720	-2	-9		
2687	5.3740	-2	-9		
2688	5.3760	-2	-10		
2689	5.3780	-2	-10		
2690	5.3800	-2	-10		
2691	5.3820	-2	-10		
2692	5.3840	-2	-10		
2693	5.3860	-2	-10		
2694	5.3880	-3	-10		
2695	5.3900	-3	-10		
2696	5.3920	-3	-10		
2697	5.3940	-3	-10		
2698	5.3960	-3	-10		
2699	5.3980	-3	-10		
2700	5.4000	-3	-10		
2701	5.4020	-3	-11		
2702	5.4040	-3	-11		
2703	5.4060	-3	-11		
2704	5.4080	-3	-11		
2705	5.4100	-3	-11		
2706	5.4120	-3	-11		
2707	5.4140	-3	-11		
2708	5.4160	-3	-11		
2709	5.4180	-3	-11		
2710	5.4200	-3	-12		
2711	5.4220	-3	-12		
2712	5.4240	-4	-12		
2713	5.4260	-4	-12		
2714	5.4280	-4	-12		
2715	5.4300	-4	-12		
2716	5.4320	-4	-12		
2717	5.4340	-4	-12		
2718	5.4360	-4	-12		
2719	5.4380	-4	-12		
2720	5.4400	-4	-12		
2721	5.4420	-4	-12		
2722	5.4440	-4	-12		
2723	5.4460	-4	-12		
2724	5.4480	-4	-12		
2725	5.4500	-4	-12		
2726	5.4520	-4	-12		
2727	5.4540	-4	-12		
2728	5.4560	-4	-13		
2729	5.4580	-4	-13		
2730	5.4600	-4	-13		
2731	5.4620	-4	-13		
2732	5.4640	-4	-13		
2733	5.4660	-4	-13		
2734	5.4680	-4	-13		
2735	5.4700	-4	-13		
2736	5.4720	-4	-13		
2737	5.4740	-4	-13		
2738	5.4760	-4	-13		
2739	5.4780	-4	-13		
2740	5.4800	-4	-13		
2741	5.4820	-4	-13		
2742	5.4840	-4	-13		
2743	5.4860	-4	-13		
2744	5.4880	-4	-13		
2745	5.4900	-4	-13		
2746	5.4920	-4	-13		
2747	5.4940	-4	-13		
2748	5.4960	-4	-13		
2749	5.4980	-4	-14		
2750	5.5000	-4	-14		
2751	5.5020	-4	-14		
2752	5.5040	-4	-14		
2753	5.5060	-4	-14		
2754	5.5080	-4	-14		
2755	5.5100	-4	-14		
2756	5.5120	-4	-14		
2757	5.5140	-4	-14		
2758	5.5160	-4	-14		
2759	5.5180	-4	-14		
2760	5.5200	-4	-14		
2761	5.5220	-4	-14		
2762	5.5240	-4	-14		
2763	5.5260	-4	-14		
2764	5.5280	-4	-14		
2765	5.5300	-4	-14		
2766	5.5320	-4	-14		
2767	5.5340	-4	-14		
2768	5.5360	-4	-14		
2769	5.5380	-4	-14		
2770	5.5400	-4	-14		
2771	5.5420	-4	-14		
2772	5.5440	-4	-14		
2773	5.5460	-4	-14		
2774	5.5480	-4	-14		
2775	5.5500	-4	-14		
2776	5.5520	-4	-14		
2777	5.5540	-4	-14		
2778	5.5560	-4	-14		
2779	5.5580	-4	-14		
2780	5.5600	-4	-14		
2781	5.5620	-4	-14		
2782	5.5640	-4	-14		
2783	5.5660	-4	-14		
2784	5.5680	-4	-14		
2785	5.5700	-4	-13		
2786	5.5720	-4	-13		
2787	5.5740	-4	-13		
2788	5.5760	-4	-13		
2789	5.5780	-4	-13		
2790	5.5800	-4	-13		
2791	5.5820	-4	-13		
2792	5.5840	-4	-13		
2793	5.5860	-4	-13		
2794	5.5880	-4	-13		
2795	5.5900	-4	-13		
2796	5.5920	-4	-13		
2797	5.5940	-4	-13		
2798	5.5960	-3	-13		
2799	5.5980	-3	-13		
2800	5.6000	-3	-13		
2801	5.6020	-3	-13		
2802	5.6040	-3	-13		
2803	5.6060	-3	-13		
2804	5.6080	-3	-12		
2805	5.6100	-3	-12		
2806	5.6120	-3	-12		
2807	5.6140	-3	-12		
2808	5.6160	-3	-12		
2809	5.6180	-3	-12		
2810	5.6200	-3	-12		
2811	5.6220	-3	-12		
2812	5.6240	-3	-12		
2813	5.6260	-3	-12		
2814	5.6280	-3	-12		
2815	5.6300	-3	-12		
2816	5.6320	-2	-12		
2817	5.6340	-2	-12		
2818	5.6360	-2	-12		
2819	5.6380	-2	-12		
2820	5.6400	-2	-12		
2821	5.6420	-2	-12		
2822	5.6440	-2	-11		
2823	5.6460	-2	-11		
2824	5.6480	-2	-11		
2825	5.6500	-2	-11		
2826	5.6520	-2	-11		
2827	5.6540	-2	-11		
2828	5.6560	-2	-11		
2829	5.6580	-2	-11		
2830	5.6600	-2	-11		
2831	5.6620	-2	-11		
2832	5.6640	-2	-10		
2833	5.6660	-2	-10		
2834	5.6680	-2	-10		
2835	5.6700	-2	-10		
2836	5.6720	-2	-10		
2837	5.6740	-2	-10		
2838	5.6760	-2	-10		
2839	5.6780	-1	-10		
2840	5.6800	-1	-10		
2841	5.6820	-1	-10		
2842	5.6840	-1	-10		
2843	5.6860	-1	-10		
2844	5.6880	-1	-10		
2845	5.6900	-1	-9		
2846	5.6920	-1	-9		
2847	5.6940	-1	-9		
2848	5.6960	-1	-9		
2849	5.6980	-1	-9		
2850	5.7000	-1	-9		
2851	5.7020	0	-9		
2852	5.7040	0	-8		
2853	5.7060	0	-8		
2854	5.7080	0	-8		
2855	5.7100	0	-8		
2856	5.7120	0	-8		
2857	5.7140	0	-8		
2858	5.7160	0	-8		
2859	5.7180	0	-8		
2860	5.7200	0	-8		
2861	5.7220	0	-8		
2862	5.7240	0	-7		
2863	5.7260	0	-7		
2864	5.7280	0	-7		
2865	5.7300	0	-7		
2866	5.7320	0	-7		
2867	5.7340	0	-7		
2868	5.7360	1	-7		
2869	5.7380	1	-6		
2870	5.7400	1	-6		
2871	5.7420	1	-6		
2872	5.7440	1	-6		
2873	5.7460	1	-6		
2874	5.7480	1	-6		
2875	5.7500	1	-6		
2876	5.7520	1	-6		
2877	5.7540	1	-6		
2878	5.7560	2	-6		
2879	5.7580	2	-5		
2880	5.7600	2	-5		
2881	5.7620	2	-5		
2882	5.7640	2	-5		
2883	5.7660	2	-5		
2884	5.7680	2	-5		
2885	5.7700	2	-4		
2886	5.7720	2	-4		
2887	5.7740	2	-4		
2888	5.7760	2	-4		
2889	5.7780	2	-4		
2890	5.7800	2	-4		
2891	5.7820	2	-4		
2892	5.7840	2	-4		
2893	5.7860	2	-4		
2894	5.7880	3	-3		
2895	5.7900	3	-3		
2896	5.7920	3	-3		
2897	5.7940	3	-3		
2898	5.7960	3	-3		
2899	5.7980	3	-3		
2900	5.8000	3	-2		
2901	5.8020	3	-2		
2902	5.8040	3	-2		
2903	5.8060	3	-2		
2904	5.8080	4	-2		
2905	5.8100	4	-2		
2906	5.8120	4	-2		
2907	5.8140	4	-2		
2908	5.8160	4	-1		
2909	5.8180	4	-1		
2910	5.8200	4	-1		
2911	5.8220	4	-1		
2912	5.8240	4	-1		
2913	5.8260	4	-1		
2914	5.8280	4	0		
2915	5.8300	4	0		
2916	5.8320	4	0		
2917	5.8340	4	0		
2918	5.8360	4	0		
2919	5.8380	5	0		
2920	5.8400	5	0		
2921	5.8420	5	0		
2922	5.8440	5	0		
2923	5.8460	5	1		
2924	5.8480	5	1		
2925	5.8500	5	1		
2926	5.8520	5	1		
2927	5.8540	5	1		
2928	5.8560	5	2		
2929	5.8580	6	2		
2930	5.8600	6	2		
2931	5.8620	6	2		
2932	5.8640	6	2		
2933	5.8660	6	2		
2934	5.8680	6	2		
2935	5.8700	6	2		
2936	5.8720	6	2		
2937	5.8740	6	3		
2938	5.8760	6	3		
2939	5.8780	6	3		
2940	5.8800	6	3		
2941	5.8820	6	3		
2942	5.8840	6	3		
2943	5.8860	6	4		
2944	5.8880	6	4		
2945	5.8900	6	4		
2946	5.8920	7	4		
2947	5.8940	7	4		
2948	5.8960	7	4		
2949	5.8980	7	4		
2950	5.9000	7	4		
2951	5.9020	7	5		
2952	5.9040	7	5		
2953	5.9060	7	5		
2954	5.9080	7	5		
2955	5.9100	7	5		
2956	5.9120	8	5		
2957	5.9140	8	5		
2958	5.9160	8	6		
2959	5.9180	8	6		
2960	5.9200	8	6		
2961	5.9220	8	6		
2962	5.9240	8	6		
2963	5.9260	8	6		
2964	5.9280	8	6		
2965	5.9300	8	6		
2966	5.9320	8	6		
2967	5.9340	8	7		
2968	5.9360	8	7		
2969	5.9380	8	7		
2970	5.9400	8	7		
2971	5.9420	8	7		
2972	5.9440	8	7		
2973	5.9460	8	7		
2974	5.9480	8	8		
2975	5.9500	8	8		
2976	5.9520	8	8		
2977	5.9540	8	8		
2978	5.9560	8	8		
2979	5.9580	8	8		
2980	5.9600	8	8		
2981	5.9620	8	8		
2982	5.9640	8	8		
2983	5.9660	8	8		
2984	5.9680	8	8		
2985	5.9700	8	9		
2986	5.9720	8	9		
2987	5.9740	8	9		
2988	5.9760	8	9		
2989	5.9780	8	9		
2990	5.9800	8	9		
2991	5.9820	8	9		
2992	5.9840	8	9		
2993	5.9860	8	10		
2994	5.9880	8	10		
2995	5.9900	9	10		
2996	5.9920	9	10		
2997	5.9940	9	10		
2998	5.9960	9	10		
2999	5.9980	9	10		
3000	6.0000	9	10		
3001	6.0020	9	10		
3002	6.0040	9	10		
3003	6.0060	9	10		
3004	6.0080	9	10		
3005	6.0100	9	10		
3006	6.0120	9	11		
3007	6.0140	9	11		
3008	6.0160	9	11		
3009	6.0180	9	11		
3010	6.0200	9	11		
3011	6.0220	9	11		
3012	6.0240	8	11		
3013	6.0260	8	11		
3014	6.0280	8	11		
3015	6.0300	8	11		
3016	6.0320	8	11		
3017	6.0340	8	12		
3018	6.0360	8	12		
3019	6.0380	8	12		
3020	6.0400	9	12		
3021	6.0420	9	12		
3022	6.0440	9	12		
3023	6.0460	9	12		
3024	6.0480	9	12		
3025	6.0500	9	12		
3026	6.0520	9	12		
3027	6.0540	9	12		
3028	6.0560	9	12		
3029	6.0580	9	12		
3030	6.0600	9	12		
3031	6.0620	9	12		
3032	6.0640	9	12		
3033	6.0660	9	12		
3034	6.0680	9	12		
3035	6.0700	9	12		
3036	6.0720	9	12		
3037	6.0740	9	12		
3038	6.0760	9	13		
3039	6.0780	9	13		
3040	6.0800	9	13		
3041	6.0820	9	13		
3042	6.0840	9	13		
3043	6.0860	9	13		
3044	6.0880	9	13		
3045	6.0900	9	13		
3046	6.0920	9	13		
3047	6.0940	9	13		
3048	6.0960	9	13		
3049	6.0980	9	13		
3050	6.1000	9	13		
3051	6.1020	9	13		
3052	6.1040	9	13		
3053	6.1060	9	13		
3054	6.1080	9	13		
3055	6.1100	9	13		
3056	6.1120	9	13		
3057	6.1140	9	13		
3058	6.1160	9	13		
3059	6.1180	9	13		
3060	6.1200	9	13		
3061	6.1220	9	13		
3062	6.1240	9	13		
3063	6.1260	9	13		
3064	6.1280	9	13		
3065	6.1300	9	13		
3066	6.1320	9	13		
3067	6.1340	9	13		
3068	6.1360	9	13		
3069	6.1380	9	13		
3070	6.1400	9	13		
3071	6.1420	9	13		
3072	6.1440	9	13		
3073	6.1460	9	13		
3074	6.1480	9	13		
3075	6.1500	9	13		
3076	6.1520	9	13		
3077	6.1540	9	13		
3078	6.1560	9	13		
3079	6.1580	9	13		
3080	6.1600	9	13		
3081	6.1620	9	13		
3082	6.1640	9	13		
3083	6.1660	9	13		
3084	6.1680	9	13		
3085	6.1700	9	13		
3086	6.1720	9	13		
3087	6.1740	9	13		
3088	6.1760	9	13		
3089	6.1780	8	13		
3090	6.1800	8	13		
3091	6.1820	8	13		
3092	6.1840	8	13		
3093	6.1860	8	13		
3094	6.1880	8	13		
3095	6.1900	8	13		
3096	6.1920	8	13		
3097	6.1940	9	12		
3098	6.1960	9	12		
3099	6.1980	9	12		
3100	6.2000	9	12		
3101	6.2020	9	12		
3102	6.2040	9	12		
3103	6.2060	9	12		
3104	6.2080	9	12		
3105	6.2100	9	12		
3106	6.2120	9	12		
3107	6.2140	9	12		
3108	6.2160	9	12		
3109	6.2180	9	12		
3110	6.2200	9	12		
3111	6.2220	9	12		
3112	6.2240	9	12		
3113	6.2260	9	12		
3114	6.2280	9	12		
3115	6.2300	8	12		
3116	6.2320	8	12		
3117	6.2340	8	11		
3118	6.2360	8	11		
3119	6.2380	8	11		
3120	6.2400	8	11		
3121	6.2420	8	11		
3122	6.2440	8	11		
3123	6.2460	8	11		
3124	6.2480	8	11		
3125	6.2500	8	11		
3126	6.2520	8	11		
3127	6.2540	8	11		
3128	6.2560	8	10		
3129	6.2580	8	10		
3130	6.2600	8	10		
3131	6.2620	8	10		
3132	6.2640	8	10		
3133	6.2660	8	10		
3134	6.2680	8	10		
3135	6.2700	8	10		
3136	6.2720	8	10		
3137	6.2740	8	10		
3138	6.2760	8	10		
3139	6.2780	8	10		
3140	6.2800	8	10		
3141	6.2820	8	9		
3142	6.2840	8	9		
3143	6.2860	8	9		
3144	6.2880	8	9		
3145	6.2900	8	9		
3146	6.2920	8	9		
3147	6.2940	8	9		
3148	6.2960	8	9		
3149	6.2980	8	9		
3150	6.3000	8	8		
3151	6.3020	8	8		
3152	6.3040	8	8		
3153	6.3060	7	8		
3154	6.3080	7	8		
3155	6.3100	7	8		
3156	6.3120	7	8		
3157	6.3140	7	8		
3158	6.3160	7	8		
3159	6.3180	7	7		
3160	6.3200	7	7		
3161	6.3220	7	7		
3162	6.3240	7	7		
3163	6.3260	6	7		
3164	6.3280	6	7		
3165	6.3300	6	7		
3166	6.3320	6	6		
3167	6.3340	6	6		
3168	6.3360	6	6		
3169	6.3380	6	6		
3170	6.3400	6	6		
3171	6.3420	6	6		
3172	6.3440	6	6		
3173	6.3460	6	6		
3174	6.3480	6	6		
3175	6.3500	6	6		
3176	6.3520	6	5		
3177	6.3540	6	5		
3178	6.3560	6	5		
3179	6.3580	6	5		
3180	6.3600	5	5		
3181	6.3620	5	5		
3182	6.3640	5	4		
3183	6.3660	5	4		
3184	6.3680	5	4		
3185	6.3700	5	4		
3186	6.3720	5	4		
3187	6.3740	5	4		
3188	6.3760	5	4		
3189	6.3780	5	4		
3190	6.3800	4	4		
3191	6.3820	4	3		
3192	6.3840	4	3		
3193	6.3860	4	3		
3194	6.3880	4	3		
3195	6.3900	4	3		
3196	6.3920	4	3		
3197	6.3940	4	2		
3198	6.3960	4	2		
3199	6.3980	4	2		
3200	6.4000	4	2		
3201	6.4020	4	2		
3202	6.4040	4	2		
3203	6.4060	4	2		
3204	6.4080	4	2		
3205	6.4100	3	1		
3206	6.4120	3	1		
3207	6.4140	3	1		
3208	6.4160	3	1		
3209	6.4180	3	1		
3210	6.4200	3	1		
3211	6.4220	3	0		
3212	6.4240	3	0		
3213	6.4260	3	0		
3214	6.4280	3	0		
3215	6.4300	2	0		
3216	6.4320	2	0		
3217	6.4340	2	0		
3218	6.4360	2	0		
3219	6.4380	2	0		
3220	6.4400	2	-1		
3221	6.4420	2	-1		
3222	6.4440	2	-1		
3223	6.4460	2	-1		
3224	6.4480	2	-1		
3225	6.4500	2	-1		
3226	6.4520	2	-2		
3227	6.4540	2	-2		
3228	6.4560	2	-2		
3229	6.4580	2	-2		
3230	6.4600	2	-2		
3231	6.4620	1	-2		
3232	6.4640	1	-2		
3233	6.4660	1	-2		
3234	6.4680	1	-3		
3235	6.4700	1	-3		
3236	6.4720	1	-3		
3237	6.4740	1	-3		
3238	6.4760	1	-3		
3239	6.4780	1	-3		
3240	6.4800	1	-4		
3241	6.4820	0	-4		
3242	6.4840	0	-4		
3243	6.4860	0	-4		
3244	6.4880	0	-4		
3245	6.4900	0	-4		
3246	6.4920	0	-4		
3247	6.4940	0	-4		
3248	6.4960	0	-4		
3249	6.4980	0	-4		
3250	6.5000	0	-5		
3251	6.5020	0	-5		
3252	6.5040	0	-5		
3253	6.5060	0	-5		
3254	6.5080	0	-5		
3255	6.5100	0	-6		
3256	6.5120	0	-6		
3257	6.5140	0	-6		
3258	6.5160	-1	-6		
3259	6.5180	-1	-6		
3260	6.5200	-1	-6		
3261	6.5220	-1	-6		
3262	6.5240	-1	-6		
3263	6.5260	-1	-6		
3264	6.5280	-1	-7		
3265	6.5300	-1	-7		
3266	6.5320	-1	-7		
3267	6.5340	-1	-7		
3268	6.5360	-1	-7		
3269	6.5380	-1	-7		
3270	6.5400	-2	-7		
3271	6.5420	-2	-8		
3272	6.5440	-2	-8		
3273	6.5460	-2	-8		
3274	6.5480	-2	-8		
3275	6.5500	-2	-8		
3276	6.5520	-2	-8		
3277	6.5540	-2	-8		
3278	6.5560	-2	-8		
3279	6.5580	-2	-8		
3280	6.5600	-2	-8		
3281	6.5620	-2	-8		
3282	6.5640	-2	-9		
3283	6.5660	-2	-9		
3284	6.5680	-2	-9		
3285	6.5700	-2	-9		
3286	6.5720	-2	-9		
3287	6.5740	-2	-9		
3288	6.5760	-2	-9		
3289	6.5780	-2	-10		
3290	6.5800	-2	-10		
3291	6.5820	-2	-10		
3292	6.5840	-2	-10		
3293	6.5860	-3	-10		
3294	6.5880	-3	-10		
3295	6.5900	-3	-10		
3296	6.5920	-3	-10		
3297	6.5940	-3	-10		
3298	6.5960	-3	-10		
3299	6.5980	-3	-10		
3300	6.6000	-3	-10		
3301	6.6020	-3	-10		
3302	6.6040	-3	-11		
3303	6.6060	-3	-11		
3304	6.6080	-3	-11		
3305	6.6100	-3	-11		
3306	6.6120	-3	-11		
3307	6.6140	-3	-11		
3308	6.6160	-3	-11		
3309	6.6180	-3	-11		
3310	6.6200	-3	-11		
3311	6.6220	-3	-12		
3312	6.6240	-4	-12		
3313	6.6260	-4	-12		
3314	6.6280	-4	-12		
3315	6.6300	-4	-12		
3316	6.6320	-4	-12		
3317	6.6340	-4	-12		
3318	6.6360	-4	-12		
3319	6.6380	-4	-12		
3320	6.6400	-4	-12		
3321	6.6420	-4	-12		
3322	6.6440	-4	-12		
3323	6.6460	-4	-12		
3324	6.6480	-4	-12		
3325	6.6500	-4	-12		
3326	6.6520	-4	-12		
3327	6.6540	-4	-12		
3328	6.6560	-4	-12		
3329	6.6580	-4	-13		
3330	6.6600	-4	-13		
3331	6.6620	-4	-13		
3332	6.6640	-4	-13		
3333	6.6660	-4	-13		
3334	6.6680	-4	-13		
3335	6.6700	-4	-13		
3336	6.6720	-4	-13		
3337	6.6740	-4	-13		
3338	6.6760	-4	-13		
3339	6.6780	-4	-13		
3340	6.6800	-4	-13		
3341	6.6820	-4	-13		
3342	6.6840	-4	-13		
3343	6.6860	-4	-13		
3344	6.6880	-4	-13		
3345	6.6900	-4	-13		
3346	6.6920	-4	-13		
3347	6.6940	-4	-13		
3348	6.6960	-4	-13		
3349	6.6980	-4	-13		
3350	6.7000	-4	-14		
3351	6.7020	-4	-14		
3352	6.7040	-4	-14		
3353	6.7060	-4	-14		
3354	6.7080	-4	-14		
3355	6.7100	-4	-14		
3356	6.7120	-4	-14		
3357	6.7140	-4	-14		
3358	6.7160	-4	-14		
3359	6.7180	-4	-14		
3360	6.7200	-4	-14		
3361	6.7220	-4	-14		
3362	6.7240	-4	-14		
3363	6.7260	-4	-14		
3364	6.7280	-4	-14		
3365	6.7300	-4	-14		
3366	6.7320	-4	-14		
3367	6.7340	-4	-14		
3368	6.7360	-4	-14		
3369	6.7380	-4	-14		
3370	6.7400	-4	-14		
3371	6.7420	-4	-14		
3372	6.7440	-4	-14		
3373	6.7460	-4	-14		
3374	6.7480	-4	-14		
3375	6.7500	-4	-14		
3376	6.7520	-4	-14		
3377	6.7540	-4	-14		
3378	6.7560	-4	-14		
3379	6.7580	-4	-14		
3380	6.7600	-4	-14		
3381	6.7620	-4	-14		
3382	6.7640	-4	-14		
3383	6.7660	-4	-14		
3384	6.7680	-4	-14		
3385	6.7700	-4	-13		
3386	6.7720	-4	-13		
3387	6.7740	-4	-13		
3388	6.7760	-4	-13		
3389	6.7780	-4	-13		
3390	6.7800	-4	-13		
3391	6.7820	-4	-13		
3392	6.7840	-4	-13		
3393	6.7860	-4	-13		
3394	6.7880	-4	-13		
3395	6.7900	-4	-13		
3396	6.7920	-4	-13		
3397	6.7940	-4	-13		
3398	6.7960	-3	-13		
3399	6.7980	-3	-13		
3400	6.8000	-3	-13		
3401	6.8020	-3	-13		
3402	6.8040	-3	-13		
3403	6.8060	-3	-13		
3404	6.8080	-3	-13		
3405	6.8100	-3	-12		
3406	6.8120	-3	-12		
3407	6.8140	-3	-12		
3408	6.8160	-3	-12		
3409	6.8180	-3	-12		
3410	6.8200	-3	-12		
3411	6.8220	-3	-12		
3412	6.8240	-3	-12		
3413	6.8260	-3	-12		
3414	6.8280	-3	-12		
3415	6.8300	-2	-12		
3416	6.8320	-2	-12		
3417	6.8340	-2	-12		
3418	6.8360	-2	-12		
3419	6.8380	-2	-12		
3420	6.8400	-2	-12		
3421	6.8420	-2	-12		
3422	6.8440	-2	-12		
3423	6.8460	-2	-11		
3424	6.8480	-2	-11		
3425	6.8500	-2	-11		
3426	6.8520	-2	-11		
3427	6.8540	-2	-11		
3428	6.8560	-2	-11		
3429	6.8580	-2	-11		
3430	6.8600	-2	-11		
3431	6.8620	-2	-11		
3432	6.8640	-2	-11		
3433	6.8660	-2	-10		
3434	6.8680	-2	-10		
3435	6.8700	-2	-10		
3436	6.8720	-2	-10		
3437	6.8740	-2	-10		
3438	6.8760	-2	-10		
3439	6.8780	-1	-10		
3440	6.8800	-1	-10		
3441	6.8820	-1	-10		
3442	6.8840	-1	-10		
3443	6.8860	-1	-10		
3444	6.8880	-1	-10		
3445	6.8900	-1	-9		
3446	6.8920	-1	-9		
3447	6.8940	-1	-9		
3448	6.8960	-1	-9		
3449	6.8980	-1	-9		
3450	6.9000	0	-9		
3451	6.9020	0	-9		
3452	6.9040	0	-9		
3453	6.9060	0	-8		
3454	6.9080	0	-8		
3455	6.9100	0	-8		
3456	6.9120	0	-8		
3457	6.9140	0	-8		
3458	6.9160	0	-8		
3459	6.9180	0	-8		
3460	6.9200	0	-8		
3461	6.9220	0	-8		
3462	6.9240	0	-8		
3463	6.9260	0	-7		
3464	6.9280	0	-7		
3465	6.9300	0	-7		
3466	6.9320	0	-7		
3467	6.9340	0	-7		
3468	6.9360	1	-7		
3469	6.9380	1	-7		
3470	6.9400	1	-6		
3471	6.9420	1	-6		
3472	6.9440	1	-6		
3473	6.9460	1	-6		
3474	6.9480	1	-6		
3475	6.9500	1	-6		
3476	6.9520	1	-6		
3477	6.9540	1	-6		
3478	6.9560	2	-6		
3479	6.9580	2	-5		
3480	6.9600	2	-5		
3481	6.9620	2	-5		
3482	6.9640	2	-5		
3483	6.9660	2	-5		
3484	6.9680	2	-5		
3485	6.9700	2	-4		
3486	6.9720	2	-4		
3487	6.9740	2	-4		
3488	6.9760	2	-4		
3489	6.9780	2	-4		
3490	6.9800	2	-4		
3491	6.9820	2	-4		
3492	6.9840	2	-4		
3493	6.9860	2	-4		
3494	6.9880	3	-3		
3495	6.9900	3	-3		
3496	6.9920	3	-3		
3497	6.9940	3	-3		
3498	6.9960	3	-3		
3499	6.9980	3	-3		
3500	7.0000	3	-2		
3501	7.0020	3	-2		
3502	7.0040	3	-2		
3503	7.0060	4	-2		
3504	7.0080	4	-2		
3505	7.0100	4	-2		
3506	7.0120	4	-2		
3507	7.0140	4	-2		
3508	7.0160	4	-1		
3509	7.0180	4	-1		
3510	7.0200	4	-1		
3511	7.0220	4	-1		
3512	7.0240	4	-1		
3513	7.0260	4	-1		
3514	7.0280	4	0		
3515	7.0300	4	0		
3516	7.0320	4	0		
3517	7.0340	4	0		
3518	7.0360	4	0		
3519	7.0380	5	0		
3520	7.0400	5	0		
3521	7.0420	5	0		
3522	7.0440	5	0		
3523	7.0460	5	1		
3524	7.0480	5	1		
3525	7.0500	5	1		
3526	7.0520	5	1		
3527	7.0540	5	1		
3528	7.0560	5	1		
3529	7.0580	6	2		
3530	7.0600	6	2		
3531	7.0620	6	2		
3532	7.0640	6	2		
3533	7.0660	6	2		
3534	7.0680	6	2		
3535	7.0700	6	2		
3536	7.0720	6	2		
3537	7.0740	6	3		
3538	7.0760	6	3		
3539	7.0780	6	3		
3540	7.0800	6	3		
3541	7.0820	6	3		
3542	7.0840	6	3		
3543	7.0860	6	4		
3544	7.0880	6	4		
3545	7.0900	6	4		
3546	7.0920	7	4		
3547	7.0940	7	4		
3548	7.0960	7	4		
3549	7.0980	7	4		
3550	7.1000	7	4		
3551	7.1020	7	4		
3552	7.1040	7	5		
3553	7.1060	7	5		
3554	7.1080	7	5		
3555	7.1100	7	5		
3556	7.1120	8	5		
3557	7.1140	8	5		
3558	7.1160	8	6		
3559	7.1180	8	6		
3560	7.1200	8	6		
3561	7.1220	8	6		
3562	7.1240	8	6		
3563	7.1260	8	6		
3564	7.1280	8	6		
3565	7.1300	8	6		
3566	7.1320	8	6		
3567	7.1340	8	7		
3568	7.1360	8	7		
3569	7.1380	8	7		
3570	7.1400	8	7		
3571	7.1420	8	7		
3572	7.1440	8	7		
3573	7.1460	8	7		
3574	7.1480	8	8		
3575	7.1500	8	8		
3576	7.1520	8	8		
3577	7.1540	8	8		
3578	7.1560	8	8		
3579	7.1580	8	8		
3580	7.1600	8	8		
3581	7.1620	8	8		
3582	7.1640	8	8		
3583	7.1660	8	8		
3584	7.1680	8	8		
3585	7.1700	8	9		
3586	7.1720	8	9		
3587	7.1740	8	9		
3588	7.1760	8	9		
3589	7.1780	8	9		
3590	7.1800	8	9		
3591	7.1820	8	9		
3592	7.1840	8	9		
3593	7.1860	8	10		
3594	7.1880	9	10		
3595	7.1900	9	10		
3596	7.1920	9	10		
3597	7.1940	9	10		
3598	7.1960	9	10		
3599	7.1980	9	10		
3600	7.2000	9	10		
3601	7.2020	9	10		
3602	7.2040	9	10		
3603	7.2060	9	10		
3604	7.2080	9	10		
3605	7.2100	9	10		
3606	7.2120	9	11		
3607	7.2140	9	11		
3608	7.2160	9	11		
3609	7.2180	9	11		
3610	7.2200	9	11		
3611	7.2220	9	11		
3612	7.2240	8	11		
3613	7.2260	8	11		
3614	7.2280	8	11		
3615	7.2300	8	11		
3616	7.2320	8	12		
3617	7.2340	8	12		
3618	7.2360	8	12		
3619	7.2380	8	12		
3620	7.2400	9	12		
3621	7.2420	9	12		
3622	7.2440	9	12		
3623	7.2460	9	12		
3624	7.2480	9	12		
3625	7.2500	9	12		
3626	7.2520	9	12		
3627	7.2540	9	12		
3628	7.2560	9	12		
3629	7.2580	9	12		
3630	7.2600	9	12		
3631	7.2620	9	12		
3632	7.2640	9	12		
3633	7.2660	9	12		
3634	7.2680	9	12		
3635	7.2700	9	12		
3636	7.2720	9	12		
3637	7.2740	9	13		
3638	7.2760	9	13		
3639	7.2780	9	13		
3640	7.2800	9	13		
3641	7.2820	9	13		
3642	7.2840	9	13		
3643	7.2860	9	13		
3644	7.2880	9	13		
3645	7.2900	9	13		
3646	7.2920	9	13		
3647	7.2940	9	13		
3648	7.2960	9	13		
3649	7.2980	9	13		
3650	7.3000	9	13		
3651	7.3020	9	13		
3652	7.3040	9	13		
3653	7.3060	9	13		
3654	7.3080	9	13		
3655	7.3100	9	13		
3656	7.3120	9	13		
3657	7.3140	9	13		
3658	7.3160	9	13		
3659	7.3180	9	13		
3660	7.3200	9	13		
3661	7.3220	9	13		
3662	7.3240	9	13		
3663	7.3260	9	13		
3664	7.3280	9	13		
3665	7.3300	9	13		
3666	7.3320	9	13		
3667	7.3340	9	13		
3668	7.3360	9	13		
3669	7.3380	9	13		
3670	7.3400	9	13		
3671	7.3420	9	13		
3672	7.3440	9	13		
3673	7.3460	9	13		
3674	7.3480	9	13		
3675	7.3500	9	13		
3676	7.3520	9	13		
3677	7.3540	9	13		
3678	7.3560	9	13		
3679	7.3580	9	13		
3680	7.3600	9	13		
3681	7.3620	9	13		
3682	7.3640	9	13		
3683	7.3660	9	13		
3684	7.3680	9	13		
3685	7.3700	9	13		
3686	7.3720	9	13		
3687	7.3740	9	13		
3688	7.3760	9	13		
3689	7.3780	9	13		
3690	7.3800	8	13		
3691	7.3820	8	13		
3692	7.3840	8	13		
3693	7.3860	8	13		
3694	7.3880	8	13		
3695	7.3900	8	13		
3696	7.3920	8	13		
3697	7.3940	8	12		
3698	7.3960	9	12		
3699	7.3980	9	12		
3700	7.4000	9	12		
3701	7.4020	9	12		
3702	7.4040	9	12		
3703	7.4060	9	12		
3704	7.4080	9	12		
3705	7.4100	9	12		
3706	7.4120	9	12		
3707	7.4140	9	12		
3708	7.4160	9	12		
3709	7.4180	9	12		
3710	7.4200	9	12		
3711	7.4220	9	12		
3712	7.4240	9	12		
3713	7.4260	9	12		
3714	7.4280	9	12		
3715	7.4300	8	12		
3716	7.4320	8	12		
3717	7.4340	8	11		
3718	7.4360	8	11		
3719	7.4380	8	11		
3720	7.4400	8	11		
3721	7.4420	8	11		
3722	7.4440	8	11		
3723	7.4460	8	11		
3724	7.4480	8	11		
3725	7.4500	8	11		
3726	7.4520	8	11		
3727	7.4540	8	11		
3728	7.4560	8	10		
3729	7.4580	8	10		
3730	7.4600	8	10		
3731	7.4620	8	10		
3732	7.4640	8	10		
3733	7.4660	8	10		
3734	7.4680	8	10		
3735	7.4700	8	10		
3736	7.4720	8	10		
3737	7.4740	8	10		
3738	7.4760	8	10		
3739	7.4780	8	10		
3740	7.4800	8	10		
3741	7.4820	8	9		
3742	7.4840	8	9		
3743	7.4860	8	9		
3744	7.4880	8	9		
3745	7.4900	8	9		
3746	7.4920	8	9		
3747	7.4940	8	9		
3748	7.4960	8	9		
3749	7.4980	8	9		
3750	7.5000	8	8		
3751	7.5020	8	8		
3752	7.5040	8	8		
3753	7.5060	7	8		
3754	7.5080	7	8		
3755	7.5100	7	8		
3756	7.5120	7	8		
3757	7.5140	7	8		
3758	7.5160	7	8		
3759	7.5180	7	7		
3760	7.5200	7	7		
3761	7.5220	7	7		
3762	7.5240	7	7		
3763	7.5260	6	7		
3764	7.5280	6	7		
3765	7.5300	6	7		
3766	7.5320	6	6		
3767	7.5340	6	6		
3768	7.5360	6	6		
3769	7.5380	6	6		
3770	7.5400	6	6		
3771	7.5420	6	6		
3772	7.5440	6	6		
3773	7.5460	6	6		
3774	7.5480	6	6		
3775	7.5500	6	6		
3776	7.5520	6	5		
3777	7.5540	6	5		
3778	7.5560	6	5		
3779	7.5580	6	5		
3780	7.5600	5	5		
3781	7.5620	5	5		
3782	7.5640	5	4		
3783	7.5660	5	4		
3784	7.5680	5	4		
3785	7.5700	5	4		
3786	7.5720	5	4		
3787	7.5740	5	4		
3788	7.5760	5	4		
3789	7.5780	5	4		
3790	7.5800	4	4		
3791	7.5820	4	3		
3792	7.5840	4	3		
3793	7.5860	4	3		
3794	7.5880	4	3		
3795	7.5900	4	3		
3796	7.5920	4	3		
3797	7.5940	4	2		
3798	7.5960	4	2		
3799	7.5980	4	2		
3800	7.6000	4	2		
3801	7.6020	4	2		
3802	7.6040	4	2		
3803	7.6060	4	2		
3804	7.6080	4	2		
3805	7.6100	3	1		
3806	7.6120	3	1		
3807	7.6140	3	1		
3808	7.6160	3	1		
3809	7.6180	3	1		
3810	7.6200	3	1		
3811	7.6220	3	0		
3812	7.6240	3	0		
3813	7.6260	3	0		
3814	7.6280	3	0		
3815	7.6300	2	0		
3816	7.6320	2	0		
3817	7.6340	2	0		
3818	7.6360	2	0		
3819	7.6380	2	0		
3820	7.6400	2	-1		
3821	7.6420	2	-1		
3822	7.6440	2	-1		
3823	7.6460	2	-1		
3824	7.6480	2	-1		
3825	7.6500	2	-1		
3826	7.6520	2	-2		
3827	7.6540	2	-2		
3828	7.6560	2	-2		
3829	7.6580	2	-2		
3830	7.6600	2	-2		
3831	7.6620	1	-2		
3832	7.6640	1	-2		
3833	7.6660	1	-2		
3834	7.6680	1	-3		
3835	7.6700	1	-3		
3836	7.6720	1	-3		
3837	7.6740	1	-3		
3838	7.6760	1	-3		
3839	7.6780	1	-3		
3840	7.6800	1	-4		
3841	7.6820	0	-4		
3842	7.6840	0	-4		
3843	7.6860	0	-4		
3844	7.6880	0	-4		
3845	7.6900	0	-4		
3846	7.6920	0	-4		
3847	7.6940	0	-4		
3848	7.6960	0	-4		
3849	7.6980	0	-4		
3850	7.7000	0	-5		
3851	7.7020	0	-5		
3852	7.7040	0	-5		
3853	7.7060	0	-5		
3854	7.7080	0	-5		
3855	7.7100	0	-6		
3856	7.7120	0	-6		
3857	7.7140	0	-6		
3858	7.7160	-1	-6		
3859	7.7180	-1	-6		
3860	7.7200	-1	-6		
3861	7.7220	-1	-6		
3862	7.7240	-1	-6		
3863	7.7260	-1	-6		
3864	7.7280	-1	-6		
3865	7.7300	-1	-7		
3866	7.7320	-1	-7		
3867	7.7340	-1	-7		
3868	7.7360	-1	-7		
3869	7.7380	-1	-7		
3870	7.7400	-2	-7		
3871	7.7420	-2	-8		
3872	7.7440	-2	-8		
3873	7.7460	-2	-8		
3874	7.7480	-2	-8		
3875	7.7500	-2	-8		
3876	7.7520	-2	-8		
3877	7.7540	-2	-8		
3878	7.7560	-2	-8		
3879	7.7580	-2	-8		
3880	7.7600	-2	-8		
3881	7.7620	-2	-8		
3882	7.7640	-2	-9		
3883	7.7660	-2	-9		
3884	7.7680	-2	-9		
3885	7.7700	-2	-9		
3886	7.7720	-2	-9		
3887	7.7740	-2	-9		
3888	7.7760	-2	-9		
3889	7.7780	-2	-9		
3890	7.7800	-2	-10		
3891	7.7820	-2	-10		
3892	7.7840	-2	-10		
3893	7.7860	-3	-10		
3894	7.7880	-3	-10		
3895	7.7900	-3	-10		
3896	7.7920	-3	-10		
3897	7.7940	-3	-10		
3898	7.7960	-3	-10		
3899	7.7980	-3	-10		
3900	7.8000	-3	-10		
3901	7.8020	-3	-10		
3902	7.8040	-3	-11		
3903	7.8060	-3	-11		
3904	7.8080	-3	-11		
3905	7.8100	-3	-11		
3906	7.8120	-3	-11		
3907	7.8140	-3	-11		
3908	7.8160	-3	-11		
3909	7.8180	-3	-11		
3910	7.8200	-3	-11		
3911	7.8220	-3	-11		
3912	7.8240	-4	-12		
3913	7.8260	-4	-12		
3914	7.8280	-4	-12		
3915	7.8300	-4	-12		
3916	7.8320	-4	-12		
3917	7.8340	-4	-12		
3918	7.8360	-4	-12		
3919	7.8380	-4	-12		
3920	7.8400	-4	-12		
3921	7.8420	-4	-12		
3922	7.8440	-4	-12		
3923	7.8460	-4	-12		
3924	7.8480	-4	-12		
3925	7.8500	-4	-12		
3926	7.8520	-4	-12		
3927	7.8540	-4	-12		
3928	7.8560	-4	-12		
3929	7.8580	-4	-12		
3930	7.8600	-4	-13		
3931	7.8620	-4	-13		
3932	7.8640	-4	-13		
3933	7.8660	-4	-13		
3934	7.8680	-4	-13		
3935	7.8700	-4	-13		
3936	7.8720	-4	-13		
3937	7.8740	-4	-13		
3938	7.8760	-4	-13		
3939	7.8780	-4	-13		
3940	7.8800	-4	-13		
3941	7.8820	-4	-13		
3942	7.8840	-4	-13		
3943	7.8860	-4	-13		
3944	7.8880	-4	-13		
3945	7.8900	-4	-13		
3946	7.8920	-4	-13		
3947	7.8940	-4	-13		
3948	7.8960	-4	-13		
3949	7.8980	-4	-13		
3950	7.9000	-4	-13		
3951	7.9020	-4	-14		
3952	7.9040	-4	-14		
3953	7.9060	-4	-14		
3954	7.9080	-4	-14		
3955	7.9100	-4	-14		
3956	7.9120	-4	-14		
3957	7.9140	-4	-14		
3958	7.9160	-4	-14		
3959	7.9180	-4	-14		
3960	7.9200	-4	-14		
3961	7.9220	-4	-14		
3962	7.9240	-4	-14		
3963	7.9260	-4	-14		
3964	7.9280	-4	-14		
3965	7.9300	-4	-14		
3966	7.9320	-4	-14		
3967	7.9340	-4	-14		
3968	7.9360	-4	-14		
3969	7.9380	-4	-14		
3970	7.9400	-4	-14		
3971	7.9420	-4	-14		
3972	7.9440	-4	-14		
3973	7.9460	-4	-14		
3974	7.9480	-4	-14		
3975	7.9500	-4	-14		
3976	7.9520	-4	-14		
3977	7.9540	-4	-14		
3978	7.9560	-4	-14		
3979	7.9580	-4	-14		
3980	7.9600	-4	-14		
3981	7.9620	-4	-14		
3982	7.9640	-4	-14		
3983	7.9660	-4	-14		
3984	7.9680	-4	-13		
3985	7.9700	-4	-13		
3986	7.9720	-4	-13		
3987	7.9740	-4	-13		
3988	7.9760	-4	-13		
3989	7.9780	-4	-13		
3990	7.9800	-4	-13		
3991	7.9820	-4	-13		
3992	7.9840	-4	-13		
3993	7.9860	-4	-13		
3994	7.9880	-4	-13		
3995	7.9900	-4	-13		
3996	7.9920	-4	-13		
3997	7.9940	-4	-13		
3998	7.9960	-3	-13		
3999	7.9980	-3	-13		
4000	8.0000	-3	-13		
4001	8.0020	-3	-13		
4002	8.0040	-3	-13		
4003	8.0060	-3	-13		
4004	8.0080	-3	-13		
4005	8.0100	-3	-12		
4006	8.0120	-3	-12		
4007	8.0140	-3	-12		
4008	8.0160	-3	-12		
4009	8.0180	-3	-12		
4010	8.0200	-3	-12		
4011	8.0220	-3	-12		
4012	8.0240	-3	-12		
4013	8.0260	-3	-12		
4014	8.0280	-3	-12		
4015	8.0300	-2	-12		
4016	8.0320	-2	-12		
4017	8.0340	-2	-12		
4018	8.0360	-2	-12		
4019	8.0380	-2	-12		
4020	8.0400	-2	-12		
4021	8.0420	-2	-12		
4022	8.0440	-2	-12		
4023	8.0460	-2	-11		
4024	8.0480	-2	-11		
4025	8.0500	-2	-11		
4026	8.0520	-2	-11		
4027	8.0540	-2	-11		
4028	8.0560	-2	-11		
4029	8.0580	-2	-11		
4030	8.0600	-2	-11		
4031	8.0620	-2	-11		
4032	8.0640	-2	-11		
4033	8.0660	-2	-10		
4034	8.0680	-2	-10		
4035	8.0700	-2	-10		
4036	8.0720	-2	-10		
4037	8.0740	-2	-10		
4038	8.0760	-1	-10		
4039	8.0780	-1	-10		
4040	8.0800	-1	-10		
4041	8.0820	-1	-10		
4042	8.0840	-1	-10		
4043	8.0860	-1	-10		
4044	8.0880	-1	-10		
4045	8.0900	-1	-9		
4046	8.0920	-1	-9		
4047	8.0940	-1	-9		
4048	8.0960	-1	-9		
4049	8.0980	-1	-9		
4050	8.1000	0	-9		
4051	8.1020	0	-9		
4052	8.1040	0	-9		
4053	8.1060	0	-8		
4054	8.1080	0	-8		
4055	8.1100	0	-8		
4056	8.1120	0	-8		
4057	8.1140	0	-8		
4058	8.1160	0	-8		
4059	8.1180	0	-8		
4060	8.1200	0	-8		
4061	8.1220	0	-8		
4062	8.1240	0	-8		
4063	8.1260	0	-7		
4064	8.1280	0	-7		
4065	8.1300	0	-7		
4066	8.1320	0	-7		
4067	8.1340	0	-7		
4068	8.1360	1	-7		
4069	8.1380	1	-7		
4070	8.1400	1	-6		
4071	8.1420	1	-6		
4072	8.1440	1	-6		
4073	8.1460	1	-6		
4074	8.1480	1	-6		
4075	8.1500	1	-6		
4076	8.1520	1	-6		
4077	8.1540	1	-6		
4078	8.1560	2	-6		
4079	8.1580	2	-5		
4080	8.1600	2	-5		
4081	8.1620	2	-5		
4082	8.1640	2	-5		
4083	8.1660	2	-5		
4084	8.1680	2	-5		
4085	8.1700	2	-4		
4086	8.1720	2	-4		
4087	8.1740	2	-4		
4088	8.1760	2	-4		
4089	8.1780	2	-4		
4090	8.1800	2	-4		
4091	8.1820	2	-4		
4092	8.1840	2	-4		
4093	8.1860	2	-4		
4094	8.1880	3	-3		
4095	8.1900	3	-3		
4096	8.1920	3	-3		
4097	8.1940	3	-3		
4098	8.1960	3	-3		
4099	8.1980	3	-3		
4100	8.2000	3	-2		
4101	8.2020	3	-2		
4102	8.2040	3	-2		
4103	8.2060	4	-2		
4104	8.2080	4	-2		
4105	8.2100	4	-2		
4106	8.2120	4	-2		
4107	8.2140	4	-2		
4108	8.2160	4	-2		
4109	8.2180	4	-1		
4110	8.2200	4	-1		
4111	8.2220	4	-1		
4112	8.2240	4	-1		
4113	8.2260	4	-1		
4114	8.2280	4	0		
4115	8.2300	4	0		
4116	8.2320	4	0		
4117	8.2340	4	0		
4118	8.2360	4	0		
4119	8.2380	5	0		
4120	8.2400	5	0		
4121	8.2420	5	0		
4122	8.2440	5	0		
4123	8.2460	5	1		
4124	8.2480	5	1		
4125	8.2500	5	1		
4126	8.2520	5	1		
4127	8.2540	5	1		
4128	8.2560	5	1		
4129	8.2580	6	2		
4130	8.2600	6	2		
4131	8.2620	6	2		
4132	8.2640	6	2		
4133	8.2660	6	2		
4134	8.2680	6	2		
4135	8.2700	6	2		
4136	8.2720	6	2		
4137	8.2740	6	2		
4138	8.2760	6	3		
4139	8.2780	6	3		
4140	8.2800	6	3		
4141	8.2820	6	3		
4142	8.2840	6	3		
4143	8.2860	6	3		
4144	8.2880	6	4		
4145	8.2900	7	4		
4146	8.2920	7	4		
4147	8.2940	7	4		
4148	8.2960	7	4		
4149	8.2980	7	4		
4150	8.3000	7	4		
4151	8.3020	7	4		
4152	8.3040	7	5		
4153	8.3060	7	5		
4154	8.3080	7	5		
4155	8.3100	7	5		
4156	8.3120	8	5		
4157	8.3140	8	5		
4158	8.3160	8	6		
4159	8.3180	8	6		
4160	8.3200	8	6		
4161	8.3220	8	6		
4162	8.3240	8	6		
4163	8.3260	8	6		
4164	8.3280	8	6		
4165	8.3300	8	6		
4166	8.3320	8	6		
4167	8.3340	8	6		
4168	8.3360	8	7		
4169	8.3380	8	7		
4170	8.3400	8	7		
4171	8.3420	8	7		
4172	8.3440	8	7		
4173	8.3460	8	7		
4174	8.3480	8	7		
4175	8.3500	8	8		
4176	8.3520	8	8		
4177	8.3540	8	8		
4178	8.3560	8	8		
4179	8.3580	8	8		
4180	8.3600	8	8		
4181	8.3620	8	8		
4182	8.3640	8	8		
4183	8.3660	8	8		
4184	8.3680	8	8		
4185	8.3700	8	9		
4186	8.3720	8	9		
4187	8.3740	8	9		
4188	8.3760	8	9		
4189	8.3780	8	9		
4190	8.3800	8	9		
4191	8.3820	8	9		
4192	8.3840	8	9		
4193	8.3860	8	9		
4194	8.3880	9	10		
4195	8.3900	9	10		
4196	8.3920	9	10		
4197	8.3940	9	10		
4198	8.3960	9	10		
4199	8.3980	9	10		
4200	8.4000	9	10		
4201	8.4020	9	10		
4202	8.4040	9	10		
4203	8.4060	9	10		
4204	8.4080	9	10		
4205	8.4100	9	10		
4206	8.4120	9	10		
4207	8.4140	9	11		
4208	8.4160	9	11		
4209	8.4180	9	11		
4210	8.4200	9	11		
4211	8.4220	9	11		
4212	8.4240	8	11		
4213	8.4260	8	11		
4214	8.4280	8	11		
4215	8.4300	8	11		
4216	8.4320	8	11		
4217	8.4340	8	12		
4218	8.4360	8	12		
4219	8.4380	8	12		
4220	8.4400	9	12		
4221	8.4420	9	12		
4222	8.4440	9	12		
4223	8.4460	9	12		
4224	8.4480	9	12		
4225	8.4500	9	12		
4226	8.4520	9	12		
4227	8.4540	9	12		
4228	8.4560	9	12		
4229	8.4580	9	12		
4230	8.4600	9	12		
4231	8.4620	9	12		
4232	8.4640	9	12		
4233	8.4660	9	12		
4234	8.4680	9	12		
4235	8.4700	9	12		
4236	8.4720	9	12		
4237	8.4740	9	12		
4238	8.4760	9	13		
4239	8.4780	9	13		
4240	8.4800	9	13		
4241	8.4820	9	13		
4242	8.4840	9	13		
4243	8.4860	9	13		
4244	8.4880	9	13		
4245	8.4900	9	13		
4246	8.4920	9	13		
4247	8.4940	9	13		
4248	8.4960	9	13		
4249	8.4980	9	13		
4250	8.5000	9	13		
4251	8.5020	9	13		
4252	8.5040	9	13		
4253	8.5060	9	13		
4254	8.5080	9	13		
4255	8.5100	9	13		
4256	8.5120	9	13		
4257	8.5140	9	13		
4258	8.5160	9	13		
4259	8.5180	9	13		
4260	8.5200	9	13		
4261	8.5220	9	13		
4262	8.5240	9	13		
4263	8.5260	9	13		
4264	8.5280	9	13		
4265	8.5300	9	13		
4266	8.5320	9	13		
4267	8.5340	9	13		
4268	8.5360	9	13		
4269	8.5380	9	13		
4270	8.5400	9	13		
4271	8.5420	9	13		
4272	8.5440	9	13		
4273	8.5460	9	13		
4274	8.5480	9	13		
4275	8.5500	9	13		
4276	8.5520	9	13		
4277	8.5540	9	13		
4278	8.5560	9	13		
4279	8.5580	9	13		
4280	8.5600	9	13		
4281	8.5620	9	13		
4282	8.5640	9	13		
4283	8.5660	9	13		
4284	8.5680	9	13		
4285	8.5700	9	13		
4286	8.5720	9	13		
4287	8.5740	9	13		
4288	8.5760	9	13		
4289	8.5780	9	13		
4290	8.5800	8	13		
4291	8.5820	8	13		
4292	8.5840	8	13		
4293	8.5860	8	13		
4294	8.5880	8	13		
4295	8.5900	8	13		
4296	8.5920	8	13		
4297	8.5940	8	12		
4298	8.5960	9	12		
4299	8.5980	9	12		
4300	8.6000	9	12		
4301	8.6020	9	12		
4302	8.6040	9	12		
4303	8.6060	9	12		
4304	8.6080	9	12		
4305	8.6100	9	12		
4306	8.6120	9	12		
4307	8.6140	9	12		
4308	8.6160	9	12		
4309	8.6180	9	12		
4310	8.6200	9	12		
4311	8.6220	9	12		
4312	8.6240	9	12		
4313	8.6260	9	12		
4314	8.6280	9	12		
4315	8.6300	8	12		
4316	8.6320	8	12		
4317	8.6340	8	11		
4318	8.6360	8	11		
4319	8.6380	8	11		
4320	8.6400	8	11		
4321	8.6420	8	11		
4322	8.6440	8	11		
4323	8.6460	8	11		
4324	8.6480	8	11		
4325	8.6500	8	11		
4326	8.6520	8	11		
4327	8.6540	8	11		
4328	8.6560	8	10		
4329	8.6580	8	10		
4330	8.6600	8	10		
4331	8.6620	8	10		
4332	8.6640	8	10		
4333	8.6660	8	10		
4334	8.6680	8	10		
4335	8.6700	8	10		
4336	8.6720	8	10		
4337	8.6740	8	10		
4338	8.6760	8	10		
4339	8.6780	8	10		
4340	8.6800	8	10		
4341	8.6820	8	9		
4342	8.6840	8	9		
4343	8.6860	8	9		
4344	8.6880	8	9		
4345	8.6900	8	9		
4346	8.6920	8	9		
4347	8.6940	8	9		
4348	8.6960	8	9		
4349	8.6980	8	9		
4350	8.7000	8	8		
4351	8.7020	8	8		
4352	8.7040	8	8		
4353	8.7060	7	8		
4354	8.7080	7	8		
4355	8.7100	7	8		
4356	8.7120	7	8		
4357	8.7140	7	8		
4358	8.7160	7	8		
4359	8.7180	7	8		
4360	8.7200	7	7		
4361	8.7220	7	7		
4362	8.7240	7	7		
4363	8.7260	7	7		
4364	8.7280	6	7		
4365	8.7300	6	7		
4366	8.7320	6	7		
4367	8.7340	6	6		
4368	8.7360	6	6		
4369	8.7380	6	6		
4370	8.7400	6	6		
4371	8.7420	6	6		
4372	8.7440	6	6		
4373	8.7460	6	6		
4374	8.7480	6	6		
4375	8.7500	6	6		
4376	8.7520	6	5		
4377	8.7540	6	5		
4378	8.7560	6	5		
4379	8.7580	6	5		
4380	8.7600	5	5		
4381	8.7620	5	5		
4382	8.7640	5	4		
4383	8.7660	5	4		
4384	8.7680	5	4		
4385	8.7700	5	4		
4386	8.7720	5	4		
4387	8.7740	5	4		
4388	8.7760	5	4		
4389	8.7780	5	4		
4390	8.7800	4	4		
4391	8.7820	4	3		
4392	8.7840	4	3		
4393	8.7860	4	3		
4394	8.7880	4	3		
4395	8.7900	4	3		
4396	8.7920	4	3		
4397	8.7940	4	2		
4398	8.7960	4	2		
4399	8.7980	4	2		
4400	8.8000	4	2		
4401	8.8020	4	2		
4402	8.8040	4	2		
4403	8.8060	4	2		
4404	8.8080	4	2		
4405	8.8100	3	2		
4406	8.8120	3	1		
4407	8.8140	3	1		
4408	8.8160	3	1		
4409	8.8180	3	1		
4410	8.8200	3	1		
4411	8.8220	3	0		
4412	8.8240	3	0		
4413	8.8260	3	0		
4414	8.8280	3	0		
4415	8.8300	2	0		
4416	8.8320	2	0		
4417	8.8340	2	0		
4418	8.8360	2	0		
4419	8.8380	2	0		
4420	8.8400	2	-1		
4421	8.8420	2	-1		
4422	8.8440	2	-1		
4423	8.8460	2	-1		
4424	8.8480	2	-1		
4425	8.8500	2	-1		
4426	8.8520	2	-2		
4427	8.8540	2	-2		
4428	8.8560	2	-2		
4429	8.8580	2	-2		
4430	8.8600	2	-2		
4431	8.8620	1	-2		
4432	8.8640	1	-2		
4433	8.8660	1	-2		
4434	8.8680	1	-3		
4435	8.8700	1	-3		
4436	8.8720	1	-3		
4437	8.8740	1	-3		
4438	8.8760	1	-3		
4439	8.8780	1	-3		
4440	8.8800	1	-3		
4441	8.8820	0	-4		
4442	8.8840	0	-4		
4443	8.8860	0	-4		
4444	8.8880	0	-4		
4445	8.8900	0	-4		
4446	8.8920	0	-4		
4447	8.8940	0	-4		
4448	8.8960	0	-4		
4449	8.8980	0	-4		
4450	8.9000	0	-5		
4451	8.9020	0	-5		
4452	8.9040	0	-5		
4453	8.9060	0	-5		
4454	8.9080	0	-5		
4455	8.9100	0	-6		
4456	8.9120	0	-6		
4457	8.9140	0	-6		
4458	8.9160	0	-6		
4459	8.9180	-1	-6		
4460	8.9200	-1	-6		
4461	8.9220	-1	-6		
4462	8.9240	-1	-6		
4463	8.9260	-1	-6		
4464	8.9280	-1	-6		
4465	8.9300	-1	-7		
4466	8.9320	-1	-7		
4467	8.9340	-1	-7		
4468	8.9360	-1	-7		
4469	8.9380	-1	-7		
4470	8.9400	-2	-7		
4471	8.9420	-2	-8		
4472	8.9440	-2	-8		
4473	8.9460	-2	-8		
4474	8.9480	-2	-8		
4475	8.9500	-2	-8		
4476	8.9520	-2	-8		
4477	8.9540	-2	-8		
4478	8.9560	-2	-8		
4479	8.9580	-2	-8		
4480	8.9600	-2	-8		
4481	8.9620	-2	-8		
4482	8.9640	-2	-9		
4483	8.9660	-2	-9		
4484	8.9680	-2	-9		
4485	8.9700	-2	-9		
4486	8.9720	-2	-9		
4487	8.9740	-2	-9		
4488	8.9760	-2	-9		
4489	8.9780	-2	-9		
4490	8.9800	-2	-10		
4491	8.9820	-2	-10		
4492	8.9840	-2	-10		
4493	8.9860	-2	-10		
4494	8.9880	-3	-10		
4495	8.9900	-3	-10		
4496	8.9920	-3	-10		
4497	8.9940	-3	-10		
4498	8.9960	-3	-10		
4499	8.9980	-3	-10		
4500	9.0000	-3	-10		
4501	9.0020	-3	-10		
4502	9.0040	-3	-11		
4503	9.0060	-3	-11		
4504	9.0080	-3	-11		
4505	9.0100	-3	-11		
4506	9.0120	-3	-11		
4507	9.0140	-3	-11		
4508	9.0160	-3	-11		
4509	9.0180	-3	-11		
4510	9.0200	-3	-11		
4511	9.0220	-3	-11		
4512	9.0240	-4	-12		
4513	9.0260	-4	-12		
4514	9.0280	-4	-12		
4515	9.0300	-4	-12		
4516	9.0320	-4	-12		
4517	9.0340	-4	-12		
4518	9.0360	-4	-12		
4519	9.0380	-4	-12		
4520	9.0400	-4	-12		
4521	9.0420	-4	-12		
4522	9.0440	-4	-12		
4523	9.0460	-4	-12		
4524	9.0480	-4	-12		
4525	9.0500	-4	-12		
4526	9.0520	-4	-12		
4527	9.0540	-4	-12		
4528	9.0560	-4	-12		
4529	9.0580	-4	-12		
4530	9.0600	-4	-13		
4531	9.0620	-4	-13		
4532	9.0640	-4	-13		
4533	9.0660	-4	-13		
4534	9.0680	-4	-13		
4535	9.0700	-4	-13		
4536	9.0720	-4	-13		
4537	9.0740	-4	-13		
4538	9.0760	-4	-13		
4539	9.0780	-4	-13		
4540	9.0800	-4	-13		
4541	9.0820	-4	-13		
4542	9.0840	-4	-13		
4543	9.0860	-4	-13		
4544	9.0880	-4	-13		
4545	9.0900	-4	-13		
4546	9.0920	-4	-13		
4547	9.0940	-4	-13		
4548	9.0960	-4	-13		
4549	9.0980	-4	-13		
4550	9.1000	-4	-13		
4551	9.1020	-4	-14		
4552	9.1040	-4	-14		
4553	9.1060	-4	-14		
4554	9.1080	-4	-14		
4555	9.1100	-4	-14		
4556	9.1120	-4	-14		
4557	9.1140	-4	-14		
4558	9.1160	-4	-14		
4559	9.1180	-4	-14		
4560	9.1200	-4	-14		
4561	9.1220	-4	-14		
4562	9.1240	-4	-14		
4563	9.1260	-4	-14		
4564	9.1280	-4	-14		
4565	9.1300	-4	-14		
4566	9.1320	-4	-14		
4567	9.1340	-4	-14		
4568	9.1360	-4	-14		
4569	9.1380	-4	-14		
4570	9.1400	-4	-14		
4571	9.1420	-4	-14		
4572	9.1440	-4	-14		
4573	9.1460	-4	-14		
4574	9.1480	-4	-14		
4575	9.1500	-4	-14		
4576	9.1520	-4	-14		
4577	9.1540	-4	-14		
4578	9.1560	-4	-14		
4579	9.1580	-4	-14		
4580	9.1600	-4	-14		
4581	9.1620	-4	-14		
4582	9.1640	-4	-14		
4583	9.1660	-4	-14		
4584	9.1680	-4	-14		
4585	9.1700	-4	-14		
4586	9.1720	-4	-13		
4587	9.1740	-4	-13		
4588	9.1760	-4	-13		
4589	9.1780	-4	-13		
4590	9.1800	-4	-13		
4591	9.1820	-4	-13		
4592	9.1840	-4	-13		
4593	9.1860	-4	-13		
4594	9.1880	-4	-13		
4595	9.1900	-4	-13		
4596	9.1920	-4	-13		
4597	9.1940	-3	-13		
4598	9.1960	-3	-13		
4599	9.1980	-3	-13		
4600	9.2000	-3	-13		
4601	9.2020	-3	-13		
4602	9.2040	-3	-13		
4603	9.2060	-3	-13		
4604	9.2080	-3	-13		
4605	9.2100	-3	-13		
4606	9.2120	-3	-12		
4607	9.2140	-3	-12		
4608	9.2160	-3	-12		
4609	9.2180	-3	-12		
4610	9.2200	-3	-12		
4611	9.2220	-3	-12		
4612	9.2240	-3	-12		
4613	9.2260	-3	-12		
4614	9.2280	-3	-12		
4615	9.2300	-2	-12		
4616	9.2320	-2	-12		
4617	9.2340	-2	-12		
4618	9.2360	-2	-12		
4619	9.2380	-2	-12		
4620	9.2400	-2	-12		
4621	9.2420	-2	-12		
4622	9.2440	-2	-12		
4623	9.2460	-2	-12		
4624	9.2480	-2	-11		
4625	9.2500	-2	-11		
4626	9.2520	-2	-11		
4627	9.2540	-2	-11		
4628	9.2560	-2	-11		
4629	9.2580	-2	-11		
4630	9.2600	-2	-11		
4631	9.2620	-2	-11		
4632	9.2640	-2	-11		
4633	9.2660	-2	-11		
4634	9.2680	-2	-10		
4635	9.2700	-2	-10		
4636	9.2720	-2	-10		
4637	9.2740	-2	-10		
4638	9.2760	-1	-10		
4639	9.2780	-1	-10		
4640	9.2800	-1	-10		
4641	9.2820	-1	-10		
4642	9.2840	-1	-10		
4643	9.2860	-1	-10		
4644	9.2880	-1	-10		
4645	9.2900	-1	-10		
4646	9.2920	-1	-9		
4647	9.2940	-1	-9		
4648	9.2960	-1	-9		
4649	9.2980	-1	-9		
4650	9.3000	0	-9		
4651	9.3020	0	-9		
4652	9.3040	0	-9		
4653	9.3060	0	-9		
4654	9.3080	0	-8		
4655	9.3100	0	-8		
4656	9.3120	0	-8		
4657	9.3140	0	-8		
4658	9.3160	0	-8		
4659	9.3180	0	-8		
4660	9.3200	0	-8		
4661	9.3220	0	-8		
4662	9.3240	0	-8		
4663	9.3260	0	-8		
4664	9.3280	0	-7		
4665	9.3300	0	-7		
4666	9.3320	0	-7		
4667	9.3340	1	-7		
4668	9.3360	1	-7		
4669	9.3380	1	-7		
4670	9.3400	1	-7		
4671	9.3420	1	-6		
4672	9.3440	1	-6		
4673	9.3460	1	-6		
4674	9.3480	1	-6		
4675	9.3500	1	-6		
4676	9.3520	1	-6		
4677	9.3540	1	-6		
4678	9.3560	2	-6		
4679	9.3580	2	-6		
4680	9.3600	2	-5		
4681	9.3620	2	-5		
4682	9.3640	2	-5		
4683	9.3660	2	-5		
4684	9.3680	2	-5		
4685	9.3700	2	-5		
4686	9.3720	2	-4		
4687	9.3740	2	-4		
4688	9.3760	2	-4		
4689	9.3780	2	-4		
4690	9.3800	2	-4		
4691	9.3820	2	-4		
4692	9.3840	2	-4		
4693	9.3860	2	-4		
4694	9.3880	3	-4		
4695	9.3900	3	-3		
4696	9.3920	3	-3		
4697	9.3940	3	-3		
4698	9.3960	3	-3		
4699	9.3980	3	-3		
4700	9.4000	3	-3		
4701	9.4020	3	-2		
4702	9.4040	3	-2		
4703	9.4060	4	-2		
4704	9.4080	4	-2		
4705	9.4100	4	-2		
4706	9.4120	4	-2		
4707	9.4140	4	-2		
4708	9.4160	4	-2		
4709	9.4180	4	-2		
4710	9.4200	4	-1		
4711	9.4220	4	-1		
4712	9.4240	4	-1		
4713	9.4260	4	-1		
4714	9.4280	4	-1		
4715	9.4300	4	0		
4716	9.4320	4	0		
4717	9.4340	4	0		
4718	9.4360	4	0		
4719	9.4380	5	0		
4720	9.4400	5	0		
4721	9.4420	5	0		
4722	9.4440	5	0		
4723	9.4460	5	0		
4724	9.4480	5	1		
4725	9.4500	5	1		
4726	9.4520	5	1		
4727	9.4540	5	1		
4728	9.4560	5	1		
4729	9.4580	6	1		
4730	9.4600	6	2		
4731	9.4620	6	2		
4732	9.4640	6	2		
4733	9.4660	6	2		
4734	9.4680	6	2		
4735	9.4700	6	2		
4736	9.4720	6	2		
4737	9.4740	6	2		
4738	9.4760	6	3		
4739	9.4780	6	3		
4740	9.4800	6	3		
4741	9.4820	6	3		
4742	9.4840	6	3		
4743	9.4860	6	3		
4744	9.4880	6	4		
4745	9.4900	7	4		
4746	9.4920	7	4		
4747	9.4940	7	4		
4748	9.4960	7	4		
4749	9.4980	7	4		
4750	9.5000	7	4		
4751	9.5020	7	4		
4752	9.5040	7	4		
4753	9.5060	7	5		
4754	9.5080	7	5		
4755	9.5100	7	5		
4756	9.5120	8	5		
4757	9.5140	8	5		
4758	9.5160	8	5		
4759	9.5180	8	6		
4760	9.5200	8	6		
4761	9.5220	8	6		
4762	9.5240	8	6		
4763	9.5260	8	6		
4764	9.5280	8	6		
4765	9.5300	8	6		
4766	9.5320	8	6		
4767	9.5340	8	6		
4768	9.5360	8	6		
4769	9.5380	8	7		
4770	9.5400	8	7		
4771	9.5420	8	7		
4772	9.5440	8	7		
4773	9.5460	8	7		
4774	9.5480	8	7		
4775	9.5500	8	7		
4776	9.5520	8	8		
4777	9.5540	8	8		
4778	9.5560	8	8		
4779	9.5580	8	8		
4780	9.5600	8	8		
4781	9.5620	8	8		
4782	9.5640	8	8		
4783	9.5660	8	8		
4784	9.5680	8	8		
4785	9.5700	8	8		
4786	9.5720	8	9		
4787	9.5740	8	9		
4788	9.5760	8	9		
4789	9.5780	8	9		
4790	9.5800	8	9		
4791	9.5820	8	9		
4792	9.5840	8	9		
4793	9.5860	8	9		
4794	9.5880	9	10		
4795	9.5900	9	10		
4796	9.5920	9	10		
4797	9.5940	9	10		
4798	9.5960	9	10		
4799	9.5980	9	10		
4800	9.6000	9	10		
4801	9.6020	9	10		
4802	9.6040	9	10		
4803	9.6060	9	10		
4804	9.6080	9	10		
4805	9.6100	9	10		
4806	9.6120	9	10		
4807	9.6140	9	11		
4808	9.6160	9	11		
4809	9.6180	9	11		
4810	9.6200	9	11		
4811	9.6220	9	11		
4812	9.6240	8	11		
4813	9.6260	8	11		
4814	9.6280	8	11		
4815	9.6300	8	11		
4816	9.6320	8	11		
4817	9.6340	8	11		
4818	9.6360	8	12		
4819	9.6380	9	12		
4820	9.6400	9	12		
4821	9.6420	9	12		
4822	9.6440	9	12		
4823	9.6460	9	12		
4824	9.6480	9	12		
4825	9.6500	9	12		
4826	9.6520	9	12		
4827	9.6540	9	12		
4828	9.6560	9	12		
4829	9.6580	9	12		
4830	9.6600	9	12		
4831	9.6620	9	12		
4832	9.6640	9	12		
4833	9.6660	9	12		
4834	9.6680	9	12		
4835	9.6700	9	12		
4836	9.6720	9	12		
4837	9.6740	9	12		
4838	9.6760	9	13		
4839	9.6780	9	13		
4840	9.6800	9	13		
4841	9.6820	9	13		
4842	9.6840	9	13		
4843	9.6860	9	13		
4844	9.6880	9	13		
4845	9.6900	9	13		
4846	9.6920	9	13		
4847	9.6940	9	13		
4848	9.6960	9	13		
4849	9.6980	9	13		
4850	9.7000	9	13		
4851	9.7020	9	13		
4852	9.7040	9	13		
4853	9.7060	9	13		
4854	9.7080	9	13		
4855	9.7100	9	13		
4856	9.7120	9	13		
4857	9.7140	9	13		
4858	9.7160	9	13		
4859	9.7180	9	13		
4860	9.7200	9	13		
4861	9.7220	9	13		
4862	9.7240	9	13		
4863	9.7260	9	13		
4864	9.7280	9	13		
4865	9.7300	9	13		
4866	9.7320	9	13		
4867	9.7340	9	13		
4868	9.7360	9	13		
4869	9.7380	9	13		
4870	9.7400	9	13		
4871	9.7420	9	13		
4872	9.7440	9	13		
4873	9.7460	9	13		
4874	9.7480	9	13		
4875	9.7500	9	13		
4876	9.7520	9	13		
4877	9.7540	9	13		
4878	9.7560	9	13		
4879	9.7580	9	13		
4880	9.7600	9	13		
4881	9.7620	9	13		
4882	9.7640	9	13		
4883	9.7660	9	13		
4884	9.7680	9	13		
4885	9.7700	9	13		
4886	9.7720	9	13		
4887	9.7740	9	13		
4888	9.7760	9	13		
4889	9.7780	9	13		
4890	9.7800	8	13		
4891	9.7820	8	13		
4892	9.7840	8	13		
4893	9.7860	8	13		
4894	9.7880	8	13		
4895	9.7900	8	13		
4896	9.7920	8	13		
4897	9.7940	8	13		
4898	9.7960	9	13		
4899	9.7980	9	12		
4900	9.8000	9	12		
4901	9.8020	9	12		
4902	9.8040	9	12		
4903	9.8060	9	12		
4904	9.8080	9	12		
4905	9.8100	9	12		
4906	9.8120	9	12		
4907	9.8140	9	12		
4908	9.8160	9	12		
4909	9.8180	9	12		
4910	9.8200	9	12		
4911	9.8220	9	12		
4912	9.8240	9	12		
4913	9.8260	9	12		
4914	9.8280	9	12		
4915	9.8300	8	12		
4916	9.8320	8	12		
4917	9.8340	8	12		
4918	9.8360	8	11		
4919	9.8380	8	11		
4920	9.8400	8	11		
4921	9.8420	8	11		
4922	9.8440	8	11		
4923	9.8460	8	11		
4924	9.8480	8	11		
4925	9.8500	8	11		
4926	9.8520	8	11		
4927	9.8540	8	11		
4928	9.8560	8	11		
4929	9.8580	8	10		
4930	9.8600	8	10		
4931	9.8620	8	10		
4932	9.8640	8	10		
4933	9.8660	8	10		
4934	9.8680	8	10		
4935	9.8700	8	10		
4936	9.8720	8	10		
4937	9.8740	8	10		
4938	9.8760	8	10		
4939	9.8780	8	10		
4940	9.8800	8	10		
4941	9.8820	8	10		
4942	9.8840	8	9		
4943	9.8860	8	9		
4944	9.8880	8	9		
4945	9.8900	8	9		
4946	9.8920	8	9		
4947	9.8940	8	9		
4948	9.8960	8	9		
4949	9.8980	8	9		
4950	9.9000	8	9		
4951	9.9020	8	8		
4952	9.9040	8	8		
4953	9.9060	7	8		
4954	9.9080	7	8		
4955	9.9100	7	8		
4956	9.9120	7	8		
4957	9.9140	7	8		
4958	9.9160	7	8		
4959	9.9180	7	8		
4960	9.9200	7	7		
4961	9.9220	7	7		
4962	9.9240	7	7		
4963	9.9260	7	7		
4964	9.9280	6	7		
4965	9.9300	6	7		
4966	9.9320	6	7		
4967	9.9340	6	6		
4968	9.9360	6	6		
4969	9.9380	6	6		
4970	9.9400	6	6		
4971	9.9420	6	6		
4972	9.9440	6	6		
4973	9.9460	6	6		
4974	9.9480	6	6		
4975	9.9500	6	6		
4976	9.9520	6	6		
4977	9.9540	6	5		
4978	9.9560	6	5		
4979	9.9580	6	5		
4980	9.9600	5	5		
4981	9.9620	5	5		
4982	9.9640	5	5		
4983	9.9660	5	4		
4984	9.9680	5	4		
4985	9.9700	5	4		
4986	9.9720	5	4		
4987	9.9740	5	4		
4988	9.9760	5	4		
4989	9.9780	5	4		
4990	9.9800	4	4		
4991	9.9820	4	4		
4992	9.9840	4	3		
4993	9.9860	4	3		
4994	9.9880	4	3		
4995	9.9900	4	3		
4996	9.9920	4	3		
4997	9.9940	4	3		
4998	9.9960	4	2		
4999	9.9980	4	2		
5000	10.0000	4	2		
