#	time(s)	count A	count B	count C	count D
1	0.0020	8	59		
2	0.0040	7	59		
3	0.0060	7	59		
4	0.0080	7	58		
5	0.0100	7	58		
6	0.0120	7	58		
7	0.0140	7	57		
8	0.0160	7	57		
9	0.0180	7	56		
10	0.0200	7	56		
11	0.0220	6	56		
12	0.0240	6	55		
13	0.0260	6	54		
14	0.0280	6	54		
15	0.0300	6	54		
16	0.0320	6	53		
17	0.0340	6	53		
18	0.0360	6	52		
19	0.0380	6	52		
20	0.0400	6	51		
21	0.0420	6	51		
22	0.0440	6	50		
23	0.0460	6	50		
24	0.0480	6	49		
25	0.0500	5	49		
26	0.0520	5	48		
27	0.0540	5	48		
28	0.0560	5	47		
29	0.0580	5	47		
30	0.0600	5	46		
31	0.0620	5	46		
32	0.0640	5	45		
33	0.0660	4	44		
34	0.0680	4	44		
35	0.0700	4	43		
36	0.0720	4	43		
37	0.0740	4	42		
38	0.0760	4	42		
39	0.0780	4	41		
40	0.0800	4	40		
41	0.0820	4	40		
42	0.0840	4	39		
43	0.0860	4	38		
44	0.0880	4	38		
45	0.0900	4	37		
46	0.0920	4	36		
47	0.0940	3	36		
48	0.0960	3	35		
49	0.0980	3	35		
50	0.1000	3	34		
51	0.1020	3	33		
52	0.1040	3	32		
53	0.1060	3	32		
54	0.1080	3	31		
55	0.1100	2	30		
56	0.1120	2	30		
57	0.1140	2	29		
58	0.1160	2	28		
59	0.1180	2	28		
60	0.1200	2	27		
61	0.1220	2	26		
62	0.1240	2	25		
63	0.1260	2	25		
64	0.1280	2	24		
65	0.1300	2	23		
66	0.1320	2	22		
67	0.1340	2	22		
68	0.1360	2	21		
69	0.1380	1	20		
70	0.1400	1	20		
71	0.1420	1	19		
72	0.1440	1	18		
73	0.1460	1	17		
74	0.1480	1	16		
75	0.1500	1	16		
76	0.1520	1	15		
77	0.1540	1	14		
78	0.1560	1	14		
79	0.1580	0	13		
80	0.1600	0	12		
81	0.1620	0	11		
82	0.1640	0	10		
83	0.1660	0	10		
84	0.1680	0	9		
85	0.1700	0	8		
86	0.1720	0	7		
87	0.1740	0	6		
88	0.1760	0	6		
89	0.1780	0	5		
90	0.1800	0	4		
91	0.1820	0	4		
92	0.1840	0	3		
93	0.1860	0	2		
94	0.1880	0	1		
95	0.1900	-1	0		
96	0.1920	-1	0		
97	0.1940	-1	-1		
98	0.1960	-1	-2		
99	0.1980	-1	-3		
100	0.2000	-1	-4		
101	0.2020	-1	-5		
102	0.2040	-1	-6		
103	0.2060	-1	-6		
104	0.2080	-1	-7		
105	0.2100	-1	-8		
106	0.2120	-1	-9		
107	0.2140	-2	-9		
108	0.2160	-2	-10		
109	0.2180	-2	-11		
110	0.2200	-2	-12		
111	0.2220	-2	-12		
112	0.2240	-2	-13		
113	0.2260	-2	-14		
114	0.2280	-2	-15		
115	0.2300	-2	-16		
116	0.2320	-2	-16		
117	0.2340	-2	-17		
118	0.2360	-2	-18		
119	0.2380	-2	-19		
120	0.2400	-2	-19		
121	0.2420	-2	-20		
122	0.2440	-2	-21		
123	0.2460	-2	-22		
124	0.2480	-2	-22		
125	0.2500	-2	-23		
126	0.2520	-2	-24		
127	0.2540	-2	-24		
128	0.2560	-2	-25		
129	0.2580	-2	-26		
130	0.2600	-2	-27		
131	0.2620	-2	-28		
132	0.2640	-2	-28		
133	0.2660	-3	-29		
134	0.2680	-3	-30		
135	0.2700	-3	-30		
136	0.2720	-3	-31		
137	0.2740	-3	-32		
138	0.2760	-3	-32		
139	0.2780	-3	-33		
140	0.2800	-3	-34		
141	0.2820	-3	-34		
142	0.2840	-3	-35		
143	0.2860	-3	-36		
144	0.2880	-3	-36		
145	0.2900	-3	-37		
146	0.2920	-3	-38		
147	0.2940	-3	-38		
148	0.2960	-3	-39		
149	0.2980	-3	-40		
150	0.3000	-3	-40		
151	0.3020	-3	-41		
152	0.3040	-3	-42		
153	0.3060	-3	-42		
154	0.3080	-3	-43		
155	0.3100	-3	-44		
156	0.3120	-3	-44		
157	0.3140	-3	-45		
158	0.3160	-3	-45		
159	0.3180	-3	-46		
160	0.3200	-3	-46		
161	0.3220	-3	-47		
162	0.3240	-3	-48		
163	0.3260	-3	-48		
164	0.3280	-3	-49		
165	0.3300	-3	-49		
166	0.3320	-3	-50		
167	0.3340	-3	-50		
168	0.3360	-3	-51		
169	0.3380	-3	-51		
170	0.3400	-3	-52		
171	0.3420	-3	-52		
172	0.3440	-3	-53		
173	0.3460	-3	-53		
174	0.3480	-3	-54		
175	0.3500	-3	-54		
176	0.3520	-3	-54		
177	0.3540	-3	-55		
178	0.3560	-3	-56		
179	0.3580	-3	-56		
180	0.3600	-3	-56		
181	0.3620	-3	-57		
182	0.3640	-3	-57		
183	0.3660	-3	-58		
184	0.3680	-3	-58		
185	0.3700	-3	-58		
186	0.3720	-3	-59		
187	0.3740	-3	-59		
188	0.3760	-3	-59		
189	0.3780	-3	-60		
190	0.3800	-3	-60		
191	0.3820	-3	-60		
192	0.3840	-3	-61		
193	0.3860	-3	-61		
194	0.3880	-3	-61		
195	0.3900	-3	-62		
196	0.3920	-3	-62		
197	0.3940	-3	-62		
198	0.3960	-3	-62		
199	0.3980	-2	-63		
200	0.4000	-2	-63		
201	0.4020	-2	-64		
202	0.4040	-2	-64		
203	0.4060	-2	-64		
204	0.4080	-2	-64		
205	0.4100	-2	-64		
206	0.4120	-2	-64		
207	0.4140	-2	-65		
208	0.4160	-2	-65		
209	0.4180	-2	-65		
210	0.4200	-2	-65		
211	0.4220	-2	-65		
212	0.4240	-2	-66		
213	0.4260	-2	-66		
214	0.4280	-2	-66		
215	0.4300	-2	-66		
216	0.4320	-2	-66		
217	0.4340	-2	-66		
218	0.4360	-2	-66		
219	0.4380	-2	-66		
220	0.4400	-2	-66		
221	0.4420	-2	-66		
222	0.4440	-2	-66		
223	0.4460	-2	-66		
224	0.4480	-2	-66		
225	0.4500	-1	-66		
226	0.4520	-1	-66		
227	0.4540	-1	-66		
228	0.4560	-1	-66		
229	0.4580	-1	-66		
230	0.4600	-1	-66		
231	0.4620	-1	-66		
232	0.4640	-1	-66		
233	0.4660	-1	-66		
234	0.4680	-1	-66		
235	0.4700	-1	-66		
236	0.4720	-1	-66		
237	0.4740	0	-66		
238	0.4760	0	-66		
239	0.4780	0	-66		
240	0.4800	0	-66		
241	0.4820	0	-66		
242	0.4840	0	-66		
243	0.4860	0	-65		
244	0.4880	0	-65		
245	0.4900	0	-65		
246	0.4920	0	-65		
247	0.4940	0	-65		
248	0.4960	0	-64		
249	0.4980	0	-64		
250	0.5000	0	-64		
251	0.5020	0	-64		
252	0.5040	0	-64		
253	0.5060	1	-63		
254	0.5080	1	-63		
255	0.5100	1	-63		
256	0.5120	1	-62		
257	0.5140	1	-62		
258	0.5160	1	-62		
259	0.5180	1	-62		
260	0.5200	1	-61		
261	0.5220	1	-61		
262	0.5240	2	-61		
263	0.5260	2	-60		
264	0.5280	2	-60		
265	0.5300	2	-60		
266	0.5320	2	-59		
267	0.5340	2	-59		
268	0.5360	2	-59		
269	0.5380	2	-58		
270	0.5400	2	-58		
271	0.5420	2	-58		
272	0.5440	2	-57		
273	0.5460	2	-57		
274	0.5480	2	-56		
275	0.5500	2	-56		
276	0.5520	2	-56		
277	0.5540	3	-55		
278	0.5560	3	-54		
279	0.5580	3	-54		
280	0.5600	3	-54		
281	0.5620	3	-53		
282	0.5640	3	-53		
283	0.5660	3	-52		
284	0.5680	3	-52		
285	0.5700	4	-51		
286	0.5720	4	-51		
287	0.5740	4	-50		
288	0.5760	4	-50		
289	0.5780	4	-49		
290	0.5800	4	-48		
291	0.5820	4	-48		
292	0.5840	4	-48		
293	0.5860	4	-47		
294	0.5880	4	-46		
295	0.5900	4	-46		
296	0.5920	4	-45		
297	0.5940	4	-44		
298	0.5960	4	-44		
299	0.5980	5	-44		
300	0.6000	5	-43		
301	0.6020	5	-42		
302	0.6040	5	-41		
303	0.6060	5	-41		
304	0.6080	5	-40		
305	0.6100	5	-39		
306	0.6120	5	-39		
307	0.6140	6	-38		
308	0.6160	6	-38		
309	0.6180	6	-37		
310	0.6200	6	-36		
311	0.6220	6	-36		
312	0.6240	6	-35		
313	0.6260	6	-34		
314	0.6280	6	-34		
315	0.6300	6	-33		
316	0.6320	6	-32		
317	0.6340	6	-32		
318	0.6360	6	-31		
319	0.6380	6	-30		
320	0.6400	6	-29		
321	0.6420	7	-28		
322	0.6440	7	-28		
323	0.6460	7	-27		
324	0.6480	7	-26		
325	0.6500	7	-26		
326	0.6520	7	-25		
327	0.6540	7	-24		
328	0.6560	7	-24		
329	0.6580	8	-23		
330	0.6600	8	-22		
331	0.6620	8	-21		
332	0.6640	8	-20		
333	0.6660	8	-20		
334	0.6680	8	-19		
335	0.6700	8	-18		
336	0.6720	8	-18		
337	0.6740	8	-17		
338	0.6760	8	-16		
339	0.6780	8	-15		
340	0.6800	8	-14		
341	0.6820	8	-14		
342	0.6840	8	-13		
343	0.6860	8	-12		
344	0.6880	8	-11		
345	0.6900	9	-10		
346	0.6920	9	-10		
347	0.6940	9	-9		
348	0.6960	9	-8		
349	0.6980	9	-7		
350	0.7000	9	-7		
351	0.7020	9	-6		
352	0.7040	9	-5		
353	0.7060	9	-4		
354	0.7080	9	-3		
355	0.7100	8	-2		
356	0.7120	8	-2		
357	0.7140	8	-1		
358	0.7160	9	0		
359	0.7180	9	1		
360	0.7200	9	2		
361	0.7220	9	2		
362	0.7240	9	3		
363	0.7260	9	4		
364	0.7280	9	5		
365	0.7300	9	6		
366	0.7320	9	6		
367	0.7340	9	7		
368	0.7360	9	8		
369	0.7380	9	9		
370	0.7400	10	10		
371	0.7420	10	10		
372	0.7440	10	11		
373	0.7460	10	12		
374	0.7480	10	13		
375	0.7500	10	14		
376	0.7520	10	14		
377	0.7540	10	15		
378	0.7560	10	16		
379	0.7580	10	16		
380	0.7600	10	17		
381	0.7620	10	18		
382	0.7640	10	19		
383	0.7660	10	20		
384	0.7680	10	20		
385	0.7700	10	21		
386	0.7720	10	22		
387	0.7740	10	23		
388	0.7760	10	23		
389	0.7780	10	24		
390	0.7800	10	25		
391	0.7820	10	26		
392	0.7840	10	26		
393	0.7860	10	27		
394	0.7880	10	28		
395	0.7900	10	28		
396	0.7920	10	29		
397	0.7940	10	30		
398	0.7960	10	30		
399	0.7980	10	31		
400	0.8000	10	32		
401	0.8020	10	33		
402	0.8040	10	34		
403	0.8060	10	34		
404	0.8080	10	35		
405	0.8100	10	36		
406	0.8120	10	36		
407	0.8140	10	37		
408	0.8160	10	38		
409	0.8180	10	38		
410	0.8200	10	39		
411	0.8220	10	40		
412	0.8240	10	40		
413	0.8260	10	41		
414	0.8280	10	42		
415	0.8300	10	42		
416	0.8320	10	43		
417	0.8340	10	43		
418	0.8360	10	44		
419	0.8380	10	44		
420	0.8400	10	45		
421	0.8420	10	46		
422	0.8440	10	46		
423	0.8460	10	47		
424	0.8480	10	47		
425	0.8500	10	48		
426	0.8520	10	48		
427	0.8540	10	49		
428	0.8560	10	50		
429	0.8580	10	50		
430	0.8600	10	50		
431	0.8620	10	51		
432	0.8640	10	52		
433	0.8660	10	52		
434	0.8680	10	52		
435	0.8700	10	53		
436	0.8720	10	54		
437	0.8740	10	54		
438	0.8760	10	54		
439	0.8780	10	55		
440	0.8800	10	55		
441	0.8820	10	56		
442	0.8840	10	56		
443	0.8860	10	56		
444	0.8880	10	57		
445	0.8900	10	57		
446	0.8920	10	58		
447	0.8940	10	58		
448	0.8960	10	58		
449	0.8980	10	59		
450	0.9000	10	59		
451	0.9020	10	60		
452	0.9040	10	60		
453	0.9060	10	60		
454	0.9080	10	60		
455	0.9100	10	61		
456	0.9120	10	61		
457	0.9140	10	62		
458	0.9160	10	62		
459	0.9180	10	62		
460	0.9200	10	62		
461	0.9220	10	62		
462	0.9240	10	63		
463	0.9260	10	63		
464	0.9280	10	63		
465	0.9300	10	63		
466	0.9320	10	64		
467	0.9340	10	64		
468	0.9360	10	64		
469	0.9380	10	64		
470	0.9400	10	64		
471	0.9420	10	64		
472	0.9440	10	64		
473	0.9460	10	65		
474	0.9480	10	65		
475	0.9500	10	65		
476	0.9520	10	65		
477	0.9540	10	65		
478	0.9560	10	65		
479	0.9580	10	65		
480	0.9600	10	65		
481	0.9620	10	66		
482	0.9640	10	66		
483	0.9660	10	66		
484	0.9680	10	66		
485	0.9700	10	66		
486	0.9720	10	66		
487	0.9740	9	66		
488	0.9760	9	66		
489	0.9780	9	66		
490	0.9800	9	66		
491	0.9820	9	66		
492	0.9840	9	66		
493	0.9860	9	66		
494	0.9880	9	65		
495	0.9900	9	65		
496	0.9920	9	65		
497	0.9940	9	65		
498	0.9960	9	65		
499	0.9980	8	65		
500	1.0000	8	65		
501	1.0020	8	65		
502	1.0040	9	64		
503	1.0060	9	64		
504	1.0080	9	64		
505	1.0100	9	64		
506	1.0120	9	64		
507	1.0140	9	64		
508	1.0160	9	64		
509	1.0180	9	63		
510	1.0200	9	63		
511	1.0220	9	63		
512	1.0240	8	63		
513	1.0260	8	62		
514	1.0280	8	62		
515	1.0300	8	62		
516	1.0320	8	62		
517	1.0340	8	62		
518	1.0360	8	61		
519	1.0380	8	61		
520	1.0400	8	61		
521	1.0420	8	60		
522	1.0440	8	60		
523	1.0460	8	60		
524	1.0480	8	59		
525	1.0500	8	59		
526	1.0520	8	59		
527	1.0540	8	58		
528	1.0560	7	58		
529	1.0580	7	58		
530	1.0600	7	57		
531	1.0620	7	57		
532	1.0640	7	56		
533	1.0660	7	56		
534	1.0680	7	56		
535	1.0700	7	55		
536	1.0720	6	55		
537	1.0740	6	54		
538	1.0760	6	54		
539	1.0780	6	54		
540	1.0800	6	53		
541	1.0820	6	53		
542	1.0840	6	52		
543	1.0860	6	52		
544	1.0880	6	51		
545	1.0900	6	51		
546	1.0920	6	50		
547	1.0940	6	50		
548	1.0960	6	49		
549	1.0980	6	49		
550	1.1000	5	48		
551	1.1020	5	48		
552	1.1040	5	47		
553	1.1060	5	46		
554	1.1080	5	46		
555	1.1100	5	45		
556	1.1120	5	45		
557	1.1140	5	44		
558	1.1160	4	44		
559	1.1180	4	43		
560	1.1200	4	42		
561	1.1220	4	42		
562	1.1240	4	41		
563	1.1260	4	41		
564	1.1280	4	40		
565	1.1300	4	40		
566	1.1320	4	39		
567	1.1340	4	38		
568	1.1360	4	38		
569	1.1380	4	37		
570	1.1400	4	36		
571	1.1420	4	36		
572	1.1440	3	35		
573	1.1460	3	34		
574	1.1480	3	34		
575	1.1500	3	33		
576	1.1520	3	32		
577	1.1540	3	32		
578	1.1560	3	31		
579	1.1580	3	30		
580	1.1600	2	30		
581	1.1620	2	29		
582	1.1640	2	28		
583	1.1660	2	28		
584	1.1680	2	27		
585	1.1700	2	26		
586	1.1720	2	26		
587	1.1740	2	25		
588	1.1760	2	24		
589	1.1780	2	24		
590	1.1800	2	23		
591	1.1820	2	22		
592	1.1840	2	22		
593	1.1860	2	21		
594	1.1880	2	20		
595	1.1900	1	19		
596	1.1920	1	18		
597	1.1940	1	18		
598	1.1960	1	17		
599	1.1980	1	16		
600	1.2000	1	16		
601	1.2020	1	14		
602	1.2040	1	14		
603	1.2060	1	13		
604	1.2080	0	12		
605	1.2100	0	11		
606	1.2120	0	10		
607	1.2140	0	10		
608	1.2160	0	9		
609	1.2180	0	8		
610	1.2200	0	8		
611	1.2220	0	7		
612	1.2240	0	6		
613	1.2260	0	5		
614	1.2280	0	4		
615	1.2300	0	4		
616	1.2320	0	3		
617	1.2340	0	2		
618	1.2360	0	2		
619	1.2380	0	1		
620	1.2400	0	0		
621	1.2420	-1	-1		
622	1.2440	-1	-2		
623	1.2460	-1	-2		
624	1.2480	-1	-3		
625	1.2500	-1	-4		
626	1.2520	-1	-5		
627	1.2540	-1	-6		
628	1.2560	-1	-6		
629	1.2580	-1	-7		
630	1.2600	-1	-8		
631	1.2620	-1	-8		
632	1.2640	-1	-9		
633	1.2660	-2	-10		
634	1.2680	-2	-11		
635	1.2700	-2	-12		
636	1.2720	-2	-12		
637	1.2740	-2	-13		
638	1.2760	-2	-14		
639	1.2780	-2	-15		
640	1.2800	-2	-16		
641	1.2820	-2	-16		
642	1.2840	-2	-17		
643	1.2860	-2	-18		
644	1.2880	-2	-18		
645	1.2900	-2	-19		
646	1.2920	-2	-20		
647	1.2940	-2	-21		
648	1.2960	-2	-21		
649	1.2980	-2	-22		
650	1.3000	-2	-23		
651	1.3020	-2	-24		
652	1.3040	-2	-25		
653	1.3060	-2	-25		
654	1.3080	-2	-26		
655	1.3100	-2	-27		
656	1.3120	-2	-28		
657	1.3140	-2	-28		
658	1.3160	-2	-29		
659	1.3180	-2	-30		
660	1.3200	-3	-30		
661	1.3220	-3	-31		
662	1.3240	-3	-32		
663	1.3260	-3	-32		
664	1.3280	-3	-33		
665	1.3300	-3	-34		
666	1.3320	-3	-34		
667	1.3340	-3	-35		
668	1.3360	-3	-36		
669	1.3380	-3	-36		
670	1.3400	-3	-37		
671	1.3420	-3	-38		
672	1.3440	-3	-38		
673	1.3460	-3	-39		
674	1.3480	-3	-40		
675	1.3500	-3	-40		
676	1.3520	-3	-41		
677	1.3540	-3	-41		
678	1.3560	-3	-42		
679	1.3580	-3	-42		
680	1.3600	-3	-43		
681	1.3620	-3	-44		
682	1.3640	-3	-44		
683	1.3660	-3	-45		
684	1.3680	-3	-45		
685	1.3700	-3	-46		
686	1.3720	-3	-46		
687	1.3740	-3	-47		
688	1.3760	-3	-48		
689	1.3780	-3	-48		
690	1.3800	-3	-49		
691	1.3820	-3	-49		
692	1.3840	-3	-50		
693	1.3860	-3	-50		
694	1.3880	-3	-51		
695	1.3900	-3	-51		
696	1.3920	-3	-52		
697	1.3940	-3	-52		
698	1.3960	-3	-53		
699	1.3980	-3	-53		
700	1.4000	-3	-54		
701	1.4020	-3	-54		
702	1.4040	-3	-55		
703	1.4060	-3	-55		
704	1.4080	-3	-56		
705	1.4100	-3	-56		
706	1.4120	-3	-56		
707	1.4140	-3	-57		
708	1.4160	-3	-57		
709	1.4180	-3	-58		
710	1.4200	-3	-58		
711	1.4220	-3	-58		
712	1.4240	-3	-58		
713	1.4260	-3	-59		
714	1.4280	-3	-59		
715	1.4300	-3	-60		
716	1.4320	-3	-60		
717	1.4340	-3	-60		
718	1.4360	-3	-60		
719	1.4380	-3	-61		
720	1.4400	-3	-61		
721	1.4420	-2	-62		
722	1.4440	-2	-62		
723	1.4460	-2	-62		
724	1.4480	-2	-62		
725	1.4500	-2	-62		
726	1.4520	-2	-63		
727	1.4540	-2	-63		
728	1.4560	-2	-63		
729	1.4580	-2	-63		
730	1.4600	-2	-64		
731	1.4620	-2	-64		
732	1.4640	-2	-64		
733	1.4660	-2	-64		
734	1.4680	-2	-64		
735	1.4700	-2	-64		
736	1.4720	-2	-64		
737	1.4740	-2	-65		
738	1.4760	-2	-65		
739	1.4780	-2	-65		
740	1.4800	-2	-65		
741	1.4820	-2	-65		
742	1.4840	-2	-65		
743	1.4860	-2	-65		
744	1.4880	-2	-66		
745	1.4900	-2	-66		
746	1.4920	-2	-66		
747	1.4940	-2	-66		
748	1.4960	-1	-66		
749	1.4980	-1	-66		
750	1.5000	-1	-66		
751	1.5020	-1	-66		
752	1.5040	-1	-66		
753	1.5060	-1	-66		
754	1.5080	-1	-66		
755	1.5100	-1	-66		
756	1.5120	-1	-66		
757	1.5140	-1	-66		
758	1.5160	-1	-66		
759	1.5180	-1	-66		
760	1.5200	0	-66		
761	1.5220	0	-65		
762	1.5240	0	-65		
763	1.5260	0	-65		
764	1.5280	0	-65		
765	1.5300	0	-65		
766	1.5320	0	-65		
767	1.5340	0	-65		
768	1.5360	0	-64		
769	1.5380	0	-64		
770	1.5400	0	-64		
771	1.5420	0	-64		
772	1.5440	0	-64		
773	1.5460	0	-64		
774	1.5480	0	-64		
775	1.5500	0	-63		
776	1.5520	0	-63		
777	1.5540	1	-63		
778	1.5560	1	-62		
779	1.5580	1	-62		
780	1.5600	1	-62		
781	1.5620	1	-62		
782	1.5640	1	-62		
783	1.5660	1	-61		
784	1.5680	1	-61		
785	1.5700	1	-61		
786	1.5720	2	-60		
787	1.5740	2	-60		
788	1.5760	2	-60		
789	1.5780	2	-59		
790	1.5800	2	-59		
791	1.5820	2	-59		
792	1.5840	2	-58		
793	1.5860	2	-58		
794	1.5880	2	-58		
795	1.5900	2	-57		
796	1.5920	2	-57		
797	1.5940	2	-56		
798	1.5960	2	-56		
799	1.5980	2	-56		
800	1.6000	2	-55		
801	1.6020	3	-54		
802	1.6040	3	-54		
803	1.6060	3	-54		
804	1.6080	3	-53		
805	1.6100	3	-53		
806	1.6120	3	-52		
807	1.6140	3	-52		
808	1.6160	3	-51		
809	1.6180	4	-51		
810	1.6200	4	-50		
811	1.6220	4	-50		
812	1.6240	4	-49		
813	1.6260	4	-49		
814	1.6280	4	-48		
815	1.6300	4	-48		
816	1.6320	4	-47		
817	1.6340	4	-46		
818	1.6360	4	-46		
819	1.6380	4	-46		
820	1.6400	4	-45		
821	1.6420	4	-44		
822	1.6440	5	-44		
823	1.6460	5	-43		
824	1.6480	5	-42		
825	1.6500	5	-42		
826	1.6520	5	-41		
827	1.6540	5	-41		
828	1.6560	5	-40		
829	1.6580	5	-40		
830	1.6600	5	-39		
831	1.6620	6	-38		
832	1.6640	6	-38		
833	1.6660	6	-37		
834	1.6680	6	-36		
835	1.6700	6	-36		
836	1.6720	6	-35		
837	1.6740	6	-34		
838	1.6760	6	-34		
839	1.6780	6	-33		
840	1.6800	6	-32		
841	1.6820	6	-32		
842	1.6840	6	-31		
843	1.6860	6	-30		
844	1.6880	6	-30		
845	1.6900	7	-29		
846	1.6920	7	-28		
847	1.6940	7	-28		
848	1.6960	7	-27		
849	1.6980	7	-26		
850	1.7000	7	-25		
851	1.7020	7	-24		
852	1.7040	7	-24		
853	1.7060	8	-23		
854	1.7080	8	-22		
855	1.7100	8	-21		
856	1.7120	8	-21		
857	1.7140	8	-20		
858	1.7160	8	-19		
859	1.7180	8	-18		
860	1.7200	8	-18		
861	1.7220	8	-17		
862	1.7240	8	-16		
863	1.7260	8	-15		
864	1.7280	8	-14		
865	1.7300	8	-14		
866	1.7320	8	-13		
867	1.7340	8	-12		
868	1.7360	9	-12		
869	1.7380	9	-11		
870	1.7400	9	-10		
871	1.7420	9	-9		
872	1.7440	9	-8		
873	1.7460	9	-8		
874	1.7480	9	-7		
875	1.7500	9	-6		
876	1.7520	9	-5		
877	1.7540	9	-4		
878	1.7560	8	-4		
879	1.7580	8	-3		
880	1.7600	8	-2		
881	1.7620	8	-1		
882	1.7640	9	0		
883	1.7660	9	0		
884	1.7680	9	1		
885	1.7700	9	2		
886	1.7720	9	2		
887	1.7740	9	3		
888	1.7760	9	4		
889	1.7780	9	5		
890	1.7800	9	6		
891	1.7820	9	6		
892	1.7840	9	7		
893	1.7860	10	8		
894	1.7880	10	9		
895	1.7900	10	10		
896	1.7920	10	10		
897	1.7940	10	11		
898	1.7960	10	12		
899	1.7980	10	13		
900	1.8000	10	14		
901	1.8020	10	14		
902	1.8040	10	15		
903	1.8060	10	16		
904	1.8080	10	17		
905	1.8100	10	18		
906	1.8120	10	18		
907	1.8140	10	19		
908	1.8160	10	20		
909	1.8180	10	21		
910	1.8200	10	22		
911	1.8220	10	22		
912	1.8240	10	23		
913	1.8260	10	24		
914	1.8280	10	24		
915	1.8300	10	25		
916	1.8320	10	26		
917	1.8340	10	26		
918	1.8360	10	27		
919	1.8380	10	28		
920	1.8400	10	29		
921	1.8420	10	29		
922	1.8440	10	30		
923	1.8460	10	31		
924	1.8480	10	32		
925	1.8500	10	32		
926	1.8520	10	33		
927	1.8540	10	34		
928	1.8560	10	34		
929	1.8580	10	35		
930	1.8600	10	36		
931	1.8620	10	36		
932	1.8640	10	37		
933	1.8660	10	38		
934	1.8680	10	38		
935	1.8700	10	39		
936	1.8720	10	39		
937	1.8740	10	40		
938	1.8760	10	40		
939	1.8780	10	41		
940	1.8800	10	42		
941	1.8820	10	42		
942	1.8840	10	43		
943	1.8860	10	44		
944	1.8880	10	44		
945	1.8900	10	45		
946	1.8920	10	45		
947	1.8940	10	46		
948	1.8960	10	46		
949	1.8980	10	47		
950	1.9000	10	48		
951	1.9020	10	48		
952	1.9040	10	49		
953	1.9060	10	49		
954	1.9080	10	50		
955	1.9100	10	50		
956	1.9120	10	51		
957	1.9140	10	51		
958	1.9160	10	52		
959	1.9180	10	52		
960	1.9200	10	53		
961	1.9220	10	53		
962	1.9240	10	54		
963	1.9260	10	54		
964	1.9280	10	55		
965	1.9300	10	55		
966	1.9320	10	56		
967	1.9340	10	56		
968	1.9360	10	56		
969	1.9380	10	57		
970	1.9400	10	57		
971	1.9420	10	58		
972	1.9440	10	58		
973	1.9460	10	58		
974	1.9480	10	58		
975	1.9500	10	59		
976	1.9520	10	59		
977	1.9540	10	60		
978	1.9560	10	60		
979	1.9580	10	60		
980	1.9600	10	60		
981	1.9620	10	61		
982	1.9640	10	61		
983	1.9660	10	61		
984	1.9680	10	62		
985	1.9700	10	62		
986	1.9720	10	62		
987	1.9740	10	62		
988	1.9760	10	62		
989	1.9780	10	63		
990	1.9800	10	63		
991	1.9820	10	63		
992	1.9840	10	63		
993	1.9860	10	64		
994	1.9880	10	64		
995	1.9900	10	64		
996	1.9920	10	64		
997	1.9940	10	64		
998	1.9960	10	64		
999	1.9980	10	64		
1000	2.0000	10	64		
1001	2.0020	10	65		
1002	2.0040	10	65		
1003	2.0060	10	65		
1004	2.0080	10	65		
1005	2.0100	10	65		
1006	2.0120	10	65		
1007	2.0140	10	65		
1008	2.0160	10	65		
1009	2.0180	10	65		
1010	2.0200	10	65		
1011	2.0220	10	65		
1012	2.0240	10	65		
1013	2.0260	10	65		
1014	2.0280	10	65		
1015	2.0300	9	65		
1016	2.0320	9	65		
1017	2.0340	9	65		
1018	2.0360	9	65		
1019	2.0380	9	65		
1020	2.0400	9	65		
1021	2.0420	9	65		
1022	2.0440	9	64		
1023	2.0460	9	64		
1024	2.0480	9	64		
1025	2.0500	9	64		
1026	2.0520	8	64		
1027	2.0540	8	64		
1028	2.0560	8	64		
1029	2.0580	8	64		
1030	2.0600	9	64		
1031	2.0620	9	63		
1032	2.0640	9	63		
1033	2.0660	9	63		
1034	2.0680	9	63		
1035	2.0700	9	62		
1036	2.0720	9	62		
1037	2.0740	9	62		
1038	2.0760	9	62		
1039	2.0780	8	62		
1040	2.0800	8	62		
1041	2.0820	8	61		
1042	2.0840	8	61		
1043	2.0860	8	61		
1044	2.0880	8	60		
1045	2.0900	8	60		
1046	2.0920	8	60		
1047	2.0940	8	60		
1048	2.0960	8	59		
1049	2.0980	8	59		
1050	2.1000	8	58		
1051	2.1020	8	58		
1052	2.1040	8	58		
1053	2.1060	8	57		
1054	2.1080	7	57		
1055	2.1100	7	56		
1056	2.1120	7	56		
1057	2.1140	7	56		
1058	2.1160	7	56		
1059	2.1180	7	55		
1060	2.1200	7	55		
1061	2.1220	7	54		
1062	2.1240	7	54		
1063	2.1260	6	53		
1064	2.1280	6	53		
1065	2.1300	6	52		
1066	2.1320	6	52		
1067	2.1340	6	52		
1068	2.1360	6	51		
1069	2.1380	6	51		
1070	2.1400	6	50		
1071	2.1420	6	50		
1072	2.1440	6	49		
1073	2.1460	6	49		
1074	2.1480	6	48		
1075	2.1500	6	48		
1076	2.1520	6	47		
1077	2.1540	5	47		
1078	2.1560	5	46		
1079	2.1580	5	46		
1080	2.1600	5	45		
1081	2.1620	5	44		
1082	2.1640	5	44		
1083	2.1660	5	44		
1084	2.1680	5	43		
1085	2.1700	4	42		
1086	2.1720	4	42		
1087	2.1740	4	41		
1088	2.1760	4	40		
1089	2.1780	4	40		
1090	2.1800	4	39		
1091	2.1820	4	39		
1092	2.1840	4	38		
1093	2.1860	4	38		
1094	2.1880	4	37		
1095	2.1900	4	36		
1096	2.1920	4	36		
1097	2.1940	4	35		
1098	2.1960	4	34		
1099	2.1980	3	34		
1100	2.2000	3	33		
1101	2.2020	3	32		
1102	2.2040	3	31		
1103	2.2060	3	31		
1104	2.2080	3	30		
1105	2.2100	3	29		
1106	2.2120	3	29		
1107	2.2140	2	28		
1108	2.2160	2	27		
1109	2.2180	2	26		
1110	2.2200	2	26		
1111	2.2220	2	25		
1112	2.2240	2	24		
1113	2.2260	2	24		
1114	2.2280	2	23		
1115	2.2300	2	22		
1116	2.2320	2	22		
1117	2.2340	2	21		
1118	2.2360	2	20		
1119	2.2380	2	20		
1120	2.2400	2	19		
1121	2.2420	1	18		
1122	2.2440	1	17		
1123	2.2460	1	16		
1124	2.2480	1	16		
1125	2.2500	1	15		
1126	2.2520	1	14		
1127	2.2540	1	14		
1128	2.2560	1	13		
1129	2.2580	1	12		
1130	2.2600	1	11		
1131	2.2620	0	10		
1132	2.2640	0	10		
1133	2.2660	0	9		
1134	2.2680	0	8		
1135	2.2700	0	8		
1136	2.2720	0	7		
1137	2.2740	0	6		
1138	2.2760	0	5		
1139	2.2780	0	4		
1140	2.2800	0	4		
1141	2.2820	0	3		
1142	2.2840	0	2		
1143	2.2860	0	2		
1144	2.2880	0	1		
1145	2.2900	0	0		
1146	2.2920	0	-1		
1147	2.2940	0	-2		
1148	2.2960	-1	-2		
1149	2.2980	-1	-3		
1150	2.3000	-1	-4		
1151	2.3020	-1	-5		
1152	2.3040	-1	-6		
1153	2.3060	-1	-7		
1154	2.3080	-1	-8		
1155	2.3100	-1	-8		
1156	2.3120	-1	-9		
1157	2.3140	-1	-10		
1158	2.3160	-1	-10		
1159	2.3180	-1	-11		
1160	2.3200	-1	-12		
1161	2.3220	-2	-13		
1162	2.3240	-2	-14		
1163	2.3260	-2	-14		
1164	2.3280	-2	-15		
1165	2.3300	-2	-16		
1166	2.3320	-2	-16		
1167	2.3340	-2	-17		
1168	2.3360	-2	-18		
1169	2.3380	-2	-19		
1170	2.3400	-2	-20		
1171	2.3420	-2	-20		
1172	2.3440	-2	-21		
1173	2.3460	-2	-22		
1174	2.3480	-2	-22		
1175	2.3500	-2	-23		
1176	2.3520	-2	-24		
1177	2.3540	-2	-24		
1178	2.3560	-2	-25		
1179	2.3580	-2	-26		
1180	2.3600	-2	-27		
1181	2.3620	-2	-27		
1182	2.3640	-2	-28		
1183	2.3660	-2	-29		
1184	2.3680	-2	-30		
1185	2.3700	-2	-30		
1186	2.3720	-2	-31		
1187	2.3740	-2	-32		
1188	2.3760	-2	-32		
1189	2.3780	-2	-33		
1190	2.3800	-2	-34		
1191	2.3820	-2	-34		
1192	2.3840	-3	-35		
1193	2.3860	-3	-36		
1194	2.3880	-3	-36		
1195	2.3900	-3	-37		
1196	2.3920	-3	-37		
1197	2.3940	-3	-38		
1198	2.3960	-3	-39		
1199	2.3980	-3	-39		
1200	2.4000	-3	-40		
1201	2.4020	-3	-41		
1202	2.4040	-3	-42		
1203	2.4060	-3	-42		
1204	2.4080	-3	-42		
1205	2.4100	-3	-43		
1206	2.4120	-3	-44		
1207	2.4140	-3	-44		
1208	2.4160	-3	-45		
1209	2.4180	-3	-45		
1210	2.4200	-3	-46		
1211	2.4220	-3	-46		
1212	2.4240	-3	-47		
1213	2.4260	-3	-48		
1214	2.4280	-3	-48		
1215	2.4300	-3	-49		
1216	2.4320	-3	-49		
1217	2.4340	-3	-50		
1218	2.4360	-3	-50		
1219	2.4380	-3	-51		
1220	2.4400	-3	-51		
1221	2.4420	-3	-52		
1222	2.4440	-3	-52		
1223	2.4460	-3	-52		
1224	2.4480	-3	-53		
1225	2.4500	-3	-54		
1226	2.4520	-3	-54		
1227	2.4540	-3	-54		
1228	2.4560	-3	-55		
1229	2.4580	-3	-55		
1230	2.4600	-3	-56		
1231	2.4620	-3	-56		
1232	2.4640	-3	-56		
1233	2.4660	-3	-57		
1234	2.4680	-3	-57		
1235	2.4700	-3	-58		
1236	2.4720	-3	-58		
1237	2.4740	-3	-58		
1238	2.4760	-3	-59		
1239	2.4780	-3	-59		
1240	2.4800	-2	-59		
1241	2.4820	-2	-60		
1242	2.4840	-2	-60		
1243	2.4860	-2	-60		
1244	2.4880	-2	-60		
1245	2.4900	-2	-61		
1246	2.4920	-2	-61		
1247	2.4940	-2	-61		
1248	2.4960	-2	-62		
1249	2.4980	-2	-62		
1250	2.5000	-2	-62		
1251	2.5020	-2	-62		
1252	2.5040	-2	-63		
1253	2.5060	-2	-63		
1254	2.5080	-2	-63		
1255	2.5100	-2	-63		
1256	2.5120	-2	-64		
1257	2.5140	-2	-64		
1258	2.5160	-2	-64		
1259	2.5180	-2	-64		
1260	2.5200	-2	-64		
1261	2.5220	-2	-64		
1262	2.5240	-2	-64		
1263	2.5260	-2	-64		
1264	2.5280	-2	-65		
1265	2.5300	-2	-65		
1266	2.5320	-2	-65		
1267	2.5340	-2	-65		
1268	2.5360	-2	-65		
1269	2.5380	-1	-65		
1270	2.5400	-1	-65		
1271	2.5420	-1	-65		
1272	2.5440	-1	-65		
1273	2.5460	-1	-65		
1274	2.5480	-1	-65		
1275	2.5500	-1	-65		
1276	2.5520	-1	-66		
1277	2.5540	-1	-66		
1278	2.5560	-1	-66		
1279	2.5580	-1	-65		
1280	2.5600	-1	-65		
1281	2.5620	-1	-65		
1282	2.5640	0	-65		
1283	2.5660	0	-65		
1284	2.5680	0	-65		
1285	2.5700	0	-65		
1286	2.5720	0	-65		
1287	2.5740	0	-65		
1288	2.5760	0	-65		
1289	2.5780	0	-65		
1290	2.5800	0	-64		
1291	2.5820	0	-64		
1292	2.5840	0	-64		
1293	2.5860	0	-64		
1294	2.5880	0	-64		
1295	2.5900	0	-64		
1296	2.5920	0	-64		
1297	2.5940	0	-64		
1298	2.5960	0	-63		
1299	2.5980	0	-63		
1300	2.6000	1	-63		
1301	2.6020	1	-62		
1302	2.6040	1	-62		
1303	2.6060	1	-62		
1304	2.6080	1	-62		
1305	2.6100	1	-62		
1306	2.6120	1	-61		
1307	2.6140	1	-61		
1308	2.6160	1	-61		
1309	2.6180	2	-60		
1310	2.6200	2	-60		
1311	2.6220	2	-60		
1312	2.6240	2	-60		
1313	2.6260	2	-59		
1314	2.6280	2	-59		
1315	2.6300	2	-58		
1316	2.6320	2	-58		
1317	2.6340	2	-58		
1318	2.6360	2	-58		
1319	2.6380	2	-57		
1320	2.6400	2	-57		
1321	2.6420	2	-56		
1322	2.6440	2	-56		
1323	2.6460	3	-56		
1324	2.6480	3	-55		
1325	2.6500	3	-55		
1326	2.6520	3	-54		
1327	2.6540	3	-54		
1328	2.6560	3	-53		
1329	2.6580	3	-53		
1330	2.6600	3	-52		
1331	2.6620	3	-52		
1332	2.6640	4	-52		
1333	2.6660	4	-51		
1334	2.6680	4	-50		
1335	2.6700	4	-50		
1336	2.6720	4	-50		
1337	2.6740	4	-49		
1338	2.6760	4	-48		
1339	2.6780	4	-48		
1340	2.6800	4	-48		
1341	2.6820	4	-47		
1342	2.6840	4	-46		
1343	2.6860	4	-46		
1344	2.6880	4	-45		
1345	2.6900	4	-45		
1346	2.6920	5	-44		
1347	2.6940	5	-44		
1348	2.6960	5	-43		
1349	2.6980	5	-42		
1350	2.7000	5	-42		
1351	2.7020	5	-41		
1352	2.7040	5	-40		
1353	2.7060	5	-40		
1354	2.7080	6	-39		
1355	2.7100	6	-38		
1356	2.7120	6	-38		
1357	2.7140	6	-37		
1358	2.7160	6	-36		
1359	2.7180	6	-36		
1360	2.7200	6	-35		
1361	2.7220	6	-34		
1362	2.7240	6	-34		
1363	2.7260	6	-33		
1364	2.7280	6	-32		
1365	2.7300	6	-32		
1366	2.7320	6	-31		
1367	2.7340	7	-30		
1368	2.7360	7	-30		
1369	2.7380	7	-29		
1370	2.7400	7	-28		
1371	2.7420	7	-28		
1372	2.7440	7	-27		
1373	2.7460	7	-26		
1374	2.7480	7	-26		
1375	2.7500	7	-25		
1376	2.7520	8	-24		
1377	2.7540	8	-24		
1378	2.7560	8	-23		
1379	2.7580	8	-22		
1380	2.7600	8	-21		
1381	2.7620	8	-20		
1382	2.7640	8	-20		
1383	2.7660	8	-19		
1384	2.7680	8	-18		
1385	2.7700	8	-18		
1386	2.7720	8	-17		
1387	2.7740	8	-16		
1388	2.7760	8	-15		
1389	2.7780	8	-14		
1390	2.7800	8	-14		
1391	2.7820	9	-13		
1392	2.7840	9	-12		
1393	2.7860	9	-12		
1394	2.7880	9	-11		
1395	2.7900	9	-10		
1396	2.7920	9	-9		
1397	2.7940	9	-8		
1398	2.7960	9	-8		
1399	2.7980	9	-7		
1400	2.8000	9	-6		
1401	2.8020	8	-5		
1402	2.8040	8	-4		
1403	2.8060	8	-3		
1404	2.8080	9	-2		
1405	2.8100	9	-2		
1406	2.8120	9	-1		
1407	2.8140	9	0		
1408	2.8160	9	0		
1409	2.8180	9	1		
1410	2.8200	9	2		
1411	2.8220	9	3		
1412	2.8240	9	4		
1413	2.8260	9	4		
1414	2.8280	9	5		
1415	2.8300	9	6		
1416	2.8320	10	7		
1417	2.8340	10	8		
1418	2.8360	10	8		
1419	2.8380	10	9		
1420	2.8400	10	10		
1421	2.8420	10	11		
1422	2.8440	10	12		
1423	2.8460	10	12		
1424	2.8480	10	13		
1425	2.8500	10	14		
1426	2.8520	10	14		
1427	2.8540	10	15		
1428	2.8560	10	16		
1429	2.8580	10	17		
1430	2.8600	10	18		
1431	2.8620	10	18		
1432	2.8640	10	19		
1433	2.8660	10	20		
1434	2.8680	10	20		
1435	2.8700	10	21		
1436	2.8720	10	22		
1437	2.8740	10	23		
1438	2.8760	10	24		
1439	2.8780	10	24		
1440	2.8800	10	25		
1441	2.8820	10	26		
1442	2.8840	10	26		
1443	2.8860	10	27		
1444	2.8880	10	28		
1445	2.8900	10	28		
1446	2.8920	10	29		
1447	2.8940	10	30		
1448	2.8960	10	30		
1449	2.8980	10	31		
1450	2.9000	10	32		
1451	2.9020	10	33		
1452	2.9040	10	34		
1453	2.9060	10	34		
1454	2.9080	10	35		
1455	2.9100	10	36		
1456	2.9120	10	36		
1457	2.9140	10	37		
1458	2.9160	10	38		
1459	2.9180	10	38		
1460	2.9200	10	39		
1461	2.9220	10	39		
1462	2.9240	10	40		
1463	2.9260	10	40		
1464	2.9280	10	41		
1465	2.9300	10	42		
1466	2.9320	10	42		
1467	2.9340	10	43		
1468	2.9360	10	44		
1469	2.9380	10	44		
1470	2.9400	10	45		
1471	2.9420	10	45		
1472	2.9440	10	46		
1473	2.9460	10	46		
1474	2.9480	10	47		
1475	2.9500	10	48		
1476	2.9520	10	48		
1477	2.9540	10	48		
1478	2.9560	10	49		
1479	2.9580	10	50		
1480	2.9600	10	50		
1481	2.9620	10	50		
1482	2.9640	10	51		
1483	2.9660	10	52		
1484	2.9680	10	52		
1485	2.9700	10	52		
1486	2.9720	10	53		
1487	2.9740	10	53		
1488	2.9760	10	54		
1489	2.9780	10	54		
1490	2.9800	10	55		
1491	2.9820	10	55		
1492	2.9840	10	56		
1493	2.9860	10	56		
1494	2.9880	10	56		
1495	2.9900	10	57		
1496	2.9920	10	57		
1497	2.9940	10	57		
1498	2.9960	10	58		
1499	2.9980	10	58		
1500	3.0000	10	58		
1501	3.0020	10	59		
1502	3.0040	10	59		
1503	3.0060	10	60		
1504	3.0080	10	60		
1505	3.0100	10	60		
1506	3.0120	10	60		
1507	3.0140	10	61		
1508	3.0160	10	61		
1509	3.0180	10	61		
1510	3.0200	10	62		
1511	3.0220	10	62		
1512	3.0240	10	62		
1513	3.0260	10	62		
1514	3.0280	10	62		
1515	3.0300	10	63		
1516	3.0320	10	63		
1517	3.0340	10	63		
1518	3.0360	10	63		
1519	3.0380	10	63		
1520	3.0400	10	64		
1521	3.0420	10	64		
1522	3.0440	10	64		
1523	3.0460	10	64		
1524	3.0480	10	64		
1525	3.0500	10	64		
1526	3.0520	10	64		
1527	3.0540	10	64		
1528	3.0560	10	64		
1529	3.0580	10	64		
1530	3.0600	10	64		
1531	3.0620	10	65		
1532	3.0640	10	65		
1533	3.0660	10	65		
1534	3.0680	10	65		
1535	3.0700	10	65		
1536	3.0720	10	65		
1537	3.0740	10	65		
1538	3.0760	10	65		
1539	3.0780	10	65		
1540	3.0800	9	65		
1541	3.0820	9	65		
1542	3.0840	9	64		
1543	3.0860	9	64		
1544	3.0880	9	64		
1545	3.0900	9	64		
1546	3.0920	9	64		
1547	3.0940	9	64		
1548	3.0960	9	64		
1549	3.0980	9	64		
1550	3.1000	9	64		
1551	3.1020	8	64		
1552	3.1040	8	64		
1553	3.1060	8	64		
1554	3.1080	8	63		
1555	3.1100	9	63		
1556	3.1120	9	63		
1557	3.1140	9	63		
1558	3.1160	9	62		
1559	3.1180	9	62		
1560	3.1200	9	62		
1561	3.1220	9	62		
1562	3.1240	9	62		
1563	3.1260	9	62		
1564	3.1280	8	61		
1565	3.1300	8	61		
1566	3.1320	8	61		
1567	3.1340	8	60		
1568	3.1360	8	60		
1569	3.1380	8	60		
1570	3.1400	8	60		
1571	3.1420	8	59		
1572	3.1440	8	59		
1573	3.1460	8	59		
1574	3.1480	8	58		
1575	3.1500	8	58		
1576	3.1520	8	58		
1577	3.1540	8	58		
1578	3.1560	8	57		
1579	3.1580	7	57		
1580	3.1600	7	56		
1581	3.1620	7	56		
1582	3.1640	7	56		
1583	3.1660	7	55		
1584	3.1680	7	55		
1585	3.1700	7	54		
1586	3.1720	7	54		
1587	3.1740	7	54		
1588	3.1760	6	53		
1589	3.1780	6	53		
1590	3.1800	6	52		
1591	3.1820	6	52		
1592	3.1840	6	51		
1593	3.1860	6	51		
1594	3.1880	6	50		
1595	3.1900	6	50		
1596	3.1920	6	50		
1597	3.1940	6	49		
1598	3.1960	6	48		
1599	3.1980	6	48		
1600	3.2000	6	48		
1601	3.2020	5	47		
1602	3.2040	5	46		
1603	3.2060	5	46		
1604	3.2080	5	45		
1605	3.2100	5	45		
1606	3.2120	5	44		
1607	3.2140	5	44		
1608	3.2160	5	43		
1609	3.2180	5	42		
1610	3.2200	4	42		
1611	3.2220	4	41		
1612	3.2240	4	41		
1613	3.2260	4	40		
1614	3.2280	4	40		
1615	3.2300	4	39		
1616	3.2320	4	38		
1617	3.2340	4	38		
1618	3.2360	4	37		
1619	3.2380	4	36		
1620	3.2400	4	36		
1621	3.2420	4	35		
1622	3.2440	4	34		
1623	3.2460	3	34		
1624	3.2480	3	33		
1625	3.2500	3	32		
1626	3.2520	3	32		
1627	3.2540	3	31		
1628	3.2560	3	31		
1629	3.2580	3	30		
1630	3.2600	3	29		
1631	3.2620	3	29		
1632	3.2640	2	28		
1633	3.2660	2	27		
1634	3.2680	2	26		
1635	3.2700	2	26		
1636	3.2720	2	25		
1637	3.2740	2	24		
1638	3.2760	2	24		
1639	3.2780	2	23		
1640	3.2800	2	22		
1641	3.2820	2	22		
1642	3.2840	2	21		
1643	3.2860	2	20		
1644	3.2880	2	20		
1645	3.2900	2	19		
1646	3.2920	1	18		
1647	3.2940	1	17		
1648	3.2960	1	16		
1649	3.2980	1	16		
1650	3.3000	1	15		
1651	3.3020	1	14		
1652	3.3040	1	13		
1653	3.3060	1	12		
1654	3.3080	1	12		
1655	3.3100	1	11		
1656	3.3120	0	10		
1657	3.3140	0	9		
1658	3.3160	0	8		
1659	3.3180	0	8		
1660	3.3200	0	7		
1661	3.3220	0	6		
1662	3.3240	0	6		
1663	3.3260	0	5		
1664	3.3280	0	4		
1665	3.3300	0	3		
1666	3.3320	0	2		
1667	3.3340	0	2		
1668	3.3360	0	1		
1669	3.3380	0	0		
1670	3.3400	0	0		
1671	3.3420	0	-1		
1672	3.3440	0	-2		
1673	3.3460	-1	-3		
1674	3.3480	-1	-4		
1675	3.3500	-1	-4		
1676	3.3520	-1	-5		
1677	3.3540	-1	-6		
1678	3.3560	-1	-7		
1679	3.3580	-1	-7		
1680	3.3600	-1	-8		
1681	3.3620	-1	-9		
1682	3.3640	-1	-10		
1683	3.3660	-1	-10		
1684	3.3680	-1	-11		
1685	3.3700	-2	-12		
1686	3.3720	-2	-13		
1687	3.3740	-2	-14		
1688	3.3760	-2	-14		
1689	3.3780	-2	-15		
1690	3.3800	-2	-16		
1691	3.3820	-2	-16		
1692	3.3840	-2	-17		
1693	3.3860	-2	-18		
1694	3.3880	-2	-19		
1695	3.3900	-2	-19		
1696	3.3920	-2	-20		
1697	3.3940	-2	-21		
1698	3.3960	-2	-22		
1699	3.3980	-2	-22		
1700	3.4000	-2	-23		
1701	3.4020	-2	-24		
1702	3.4040	-2	-25		
1703	3.4060	-2	-26		
1704	3.4080	-2	-26		
1705	3.4100	-2	-27		
1706	3.4120	-2	-28		
1707	3.4140	-2	-28		
1708	3.4160	-2	-29		
1709	3.4180	-2	-30		
1710	3.4200	-2	-30		
1711	3.4220	-2	-31		
1712	3.4240	-2	-32		
1713	3.4260	-2	-32		
1714	3.4280	-2	-33		
1715	3.4300	-3	-34		
1716	3.4320	-3	-34		
1717	3.4340	-3	-35		
1718	3.4360	-3	-36		
1719	3.4380	-3	-36		
1720	3.4400	-3	-37		
1721	3.4420	-3	-38		
1722	3.4440	-3	-38		
1723	3.4460	-3	-39		
1724	3.4480	-3	-40		
1725	3.4500	-3	-40		
1726	3.4520	-3	-41		
1727	3.4540	-3	-41		
1728	3.4560	-3	-42		
1729	3.4580	-3	-42		
1730	3.4600	-3	-43		
1731	3.4620	-3	-44		
1732	3.4640	-3	-44		
1733	3.4660	-3	-45		
1734	3.4680	-3	-45		
1735	3.4700	-3	-46		
1736	3.4720	-3	-46		
1737	3.4740	-3	-47		
1738	3.4760	-3	-48		
1739	3.4780	-3	-48		
1740	3.4800	-3	-48		
1741	3.4820	-3	-49		
1742	3.4840	-3	-50		
1743	3.4860	-3	-50		
1744	3.4880	-3	-50		
1745	3.4900	-3	-51		
1746	3.4920	-3	-52		
1747	3.4940	-3	-52		
1748	3.4960	-3	-52		
1749	3.4980	-3	-53		
1750	3.5000	-3	-53		
1751	3.5020	-3	-54		
1752	3.5040	-3	-54		
1753	3.5060	-3	-55		
1754	3.5080	-3	-55		
1755	3.5100	-3	-56		
1756	3.5120	-3	-56		
1757	3.5140	-3	-56		
1758	3.5160	-3	-57		
1759	3.5180	-3	-57		
1760	3.5200	-3	-58		
1761	3.5220	-3	-58		
1762	3.5240	-3	-58		
1763	3.5260	-3	-58		
1764	3.5280	-3	-59		
1765	3.5300	-2	-59		
1766	3.5320	-2	-60		
1767	3.5340	-2	-60		
1768	3.5360	-2	-60		
1769	3.5380	-2	-60		
1770	3.5400	-2	-61		
1771	3.5420	-2	-61		
1772	3.5440	-2	-61		
1773	3.5460	-2	-62		
1774	3.5480	-2	-62		
1775	3.5500	-2	-62		
1776	3.5520	-2	-62		
1777	3.5540	-2	-62		
1778	3.5560	-2	-63		
1779	3.5580	-2	-63		
1780	3.5600	-2	-63		
1781	3.5620	-2	-63		
1782	3.5640	-2	-64		
1783	3.5660	-2	-64		
1784	3.5680	-2	-64		
1785	3.5700	-2	-64		
1786	3.5720	-2	-64		
1787	3.5740	-2	-64		
1788	3.5760	-2	-64		
1789	3.5780	-2	-64		
1790	3.5800	-2	-65		
1791	3.5820	-2	-65		
1792	3.5840	-2	-65		
1793	3.5860	-2	-65		
1794	3.5880	-2	-65		
1795	3.5900	-1	-65		
1796	3.5920	-1	-65		
1797	3.5940	-1	-65		
1798	3.5960	-1	-65		
1799	3.5980	-1	-65		
1800	3.6000	-1	-65		
1801	3.6020	-1	-65		
1802	3.6040	-1	-65		
1803	3.6060	-1	-65		
1804	3.6080	-1	-65		
1805	3.6100	-1	-65		
1806	3.6120	-1	-65		
1807	3.6140	0	-65		
1808	3.6160	0	-65		
1809	3.6180	0	-65		
1810	3.6200	0	-65		
1811	3.6220	0	-65		
1812	3.6240	0	-65		
1813	3.6260	0	-64		
1814	3.6280	0	-64		
1815	3.6300	0	-64		
1816	3.6320	0	-64		
1817	3.6340	0	-64		
1818	3.6360	0	-64		
1819	3.6380	0	-64		
1820	3.6400	0	-64		
1821	3.6420	0	-63		
1822	3.6440	0	-63		
1823	3.6460	0	-63		
1824	3.6480	1	-63		
1825	3.6500	1	-63		
1826	3.6520	1	-62		
1827	3.6540	1	-62		
1828	3.6560	1	-62		
1829	3.6580	1	-62		
1830	3.6600	1	-62		
1831	3.6620	1	-61		
1832	3.6640	1	-61		
1833	3.6660	1	-61		
1834	3.6680	2	-60		
1835	3.6700	2	-60		
1836	3.6720	2	-60		
1837	3.6740	2	-59		
1838	3.6760	2	-59		
1839	3.6780	2	-59		
1840	3.6800	2	-58		
1841	3.6820	2	-58		
1842	3.6840	2	-58		
1843	3.6860	2	-57		
1844	3.6880	2	-57		
1845	3.6900	2	-56		
1846	3.6920	2	-56		
1847	3.6940	2	-56		
1848	3.6960	3	-55		
1849	3.6980	3	-55		
1850	3.7000	3	-54		
1851	3.7020	3	-54		
1852	3.7040	3	-54		
1853	3.7060	3	-53		
1854	3.7080	3	-52		
1855	3.7100	3	-52		
1856	3.7120	3	-52		
1857	3.7140	4	-51		
1858	3.7160	4	-51		
1859	3.7180	4	-50		
1860	3.7200	4	-50		
1861	3.7220	4	-49		
1862	3.7240	4	-49		
1863	3.7260	4	-48		
1864	3.7280	4	-48		
1865	3.7300	4	-47		
1866	3.7320	4	-46		
1867	3.7340	4	-46		
1868	3.7360	4	-46		
1869	3.7380	4	-45		
1870	3.7400	5	-44		
1871	3.7420	5	-44		
1872	3.7440	5	-43		
1873	3.7460	5	-42		
1874	3.7480	5	-42		
1875	3.7500	5	-41		
1876	3.7520	5	-41		
1877	3.7540	5	-40		
1878	3.7560	5	-40		
1879	3.7580	6	-39		
1880	3.7600	6	-38		
1881	3.7620	6	-38		
1882	3.7640	6	-37		
1883	3.7660	6	-36		
1884	3.7680	6	-36		
1885	3.7700	6	-35		
1886	3.7720	6	-34		
1887	3.7740	6	-34		
1888	3.7760	6	-33		
1889	3.7780	6	-32		
1890	3.7800	6	-32		
1891	3.7820	6	-31		
1892	3.7840	6	-30		
1893	3.7860	7	-30		
1894	3.7880	7	-29		
1895	3.7900	7	-28		
1896	3.7920	7	-28		
1897	3.7940	7	-27		
1898	3.7960	7	-26		
1899	3.7980	7	-26		
1900	3.8000	7	-25		
1901	3.8020	8	-24		
1902	3.8040	8	-23		
1903	3.8060	8	-22		
1904	3.8080	8	-22		
1905	3.8100	8	-21		
1906	3.8120	8	-20		
1907	3.8140	8	-20		
1908	3.8160	8	-19		
1909	3.8180	8	-18		
1910	3.8200	8	-17		
1911	3.8220	8	-16		
1912	3.8240	8	-16		
1913	3.8260	8	-15		
1914	3.8280	8	-14		
1915	3.8300	8	-13		
1916	3.8320	9	-13		
1917	3.8340	9	-12		
1918	3.8360	9	-11		
1919	3.8380	9	-10		
1920	3.8400	9	-10		
1921	3.8420	9	-9		
1922	3.8440	9	-8		
1923	3.8460	9	-7		
1924	3.8480	9	-6		
1925	3.8500	9	-6		
1926	3.8520	8	-5		
1927	3.8540	8	-4		
1928	3.8560	8	-3		
1929	3.8580	8	-2		
1930	3.8600	9	-2		
1931	3.8620	9	-1		
1932	3.8640	9	0		
1933	3.8660	9	0		
1934	3.8680	9	1		
1935	3.8700	9	2		
1936	3.8720	9	3		
1937	3.8740	9	4		
1938	3.8760	9	4		
1939	3.8780	9	5		
1940	3.8800	9	6		
1941	3.8820	10	7		
1942	3.8840	10	8		
1943	3.8860	10	8		
1944	3.8880	10	9		
1945	3.8900	10	10		
1946	3.8920	10	10		
1947	3.8940	10	11		
1948	3.8960	10	12		
1949	3.8980	10	13		
1950	3.9000	10	14		
1951	3.9020	10	15		
1952	3.9040	10	16		
1953	3.9060	10	16		
1954	3.9080	10	17		
1955	3.9100	10	18		
1956	3.9120	10	18		
1957	3.9140	10	19		
1958	3.9160	10	20		
1959	3.9180	10	21		
1960	3.9200	10	22		
1961	3.9220	10	22		
1962	3.9240	10	23		
1963	3.9260	10	24		
1964	3.9280	10	24		
1965	3.9300	10	25		
1966	3.9320	10	26		
1967	3.9340	10	26		
1968	3.9360	10	27		
1969	3.9380	10	28		
1970	3.9400	10	28		
1971	3.9420	10	29		
1972	3.9440	10	30		
1973	3.9460	10	31		
1974	3.9480	10	31		
1975	3.9500	10	32		
1976	3.9520	10	33		
1977	3.9540	10	33		
1978	3.9560	10	34		
1979	3.9580	10	35		
1980	3.9600	10	36		
1981	3.9620	10	36		
1982	3.9640	10	37		
1983	3.9660	10	37		
1984	3.9680	10	38		
1985	3.9700	10	38		
1986	3.9720	10	39		
1987	3.9740	10	40		
1988	3.9760	10	40		
1989	3.9780	10	41		
1990	3.9800	10	42		
1991	3.9820	10	42		
1992	3.9840	10	43		
1993	3.9860	10	43		
1994	3.9880	10	44		
1995	3.9900	10	44		
1996	3.9920	10	45		
1997	3.9940	10	46		
1998	3.9960	10	46		
1999	3.9980	10	47		
2000	4.0000	10	47		
2001	4.0020	10	48		
2002	4.0040	10	49		
2003	4.0060	10	49		
2004	4.0080	10	50		
2005	4.0100	10	50		
2006	4.0120	10	50		
2007	4.0140	10	51		
2008	4.0160	10	52		
2009	4.0180	10	52		
2010	4.0200	10	52		
2011	4.0220	10	53		
2012	4.0240	10	53		
2013	4.0260	10	54		
2014	4.0280	10	54		
2015	4.0300	10	55		
2016	4.0320	10	55		
2017	4.0340	10	56		
2018	4.0360	10	56		
2019	4.0380	10	56		
2020	4.0400	10	57		
2021	4.0420	10	57		
2022	4.0440	10	57		
2023	4.0460	10	58		
2024	4.0480	10	58		
2025	4.0500	10	58		
2026	4.0520	10	59		
2027	4.0540	10	59		
2028	4.0560	10	59		
2029	4.0580	10	60		
2030	4.0600	10	60		
2031	4.0620	10	60		
2032	4.0640	10	60		
2033	4.0660	10	61		
2034	4.0680	10	61		
2035	4.0700	10	61		
2036	4.0720	10	62		
2037	4.0740	10	62		
2038	4.0760	10	62		
2039	4.0780	10	62		
2040	4.0800	10	62		
2041	4.0820	10	63		
2042	4.0840	10	63		
2043	4.0860	10	63		
2044	4.0880	10	63		
2045	4.0900	10	63		
2046	4.0920	10	64		
2047	4.0940	10	64		
2048	4.0960	10	64		
2049	4.0980	10	64		
2050	4.1000	10	64		
2051	4.1020	10	64		
2052	4.1040	10	64		
2053	4.1060	10	64		
2054	4.1080	10	64		
2055	4.1100	10	64		
2056	4.1120	10	64		
2057	4.1140	10	64		
2058	4.1160	10	64		
2059	4.1180	10	65		
2060	4.1200	10	65		
2061	4.1220	10	65		
2062	4.1240	10	65		
2063	4.1260	10	65		
2064	4.1280	10	65		
2065	4.1300	9	64		
2066	4.1320	9	64		
2067	4.1340	9	64		
2068	4.1360	9	64		
2069	4.1380	9	64		
2070	4.1400	9	64		
2071	4.1420	9	64		
2072	4.1440	9	64		
2073	4.1460	9	64		
2074	4.1480	9	64		
2075	4.1500	9	64		
2076	4.1520	8	64		
2077	4.1540	8	64		
2078	4.1560	8	63		
2079	4.1580	8	63		
2080	4.1600	9	63		
2081	4.1620	9	63		
2082	4.1640	9	63		
2083	4.1660	9	62		
2084	4.1680	9	62		
2085	4.1700	9	62		
2086	4.1720	9	62		
2087	4.1740	9	62		
2088	4.1760	9	62		
2089	4.1780	8	61		
2090	4.1800	8	61		
2091	4.1820	8	61		
2092	4.1840	8	60		
2093	4.1860	8	60		
2094	4.1880	8	60		
2095	4.1900	8	60		
2096	4.1920	8	59		
2097	4.1940	8	59		
2098	4.1960	8	59		
2099	4.1980	8	58		
2100	4.2000	8	58		
2101	4.2020	8	58		
2102	4.2040	8	57		
2103	4.2060	8	57		
2104	4.2080	7	56		
2105	4.2100	7	56		
2106	4.2120	7	56		
2107	4.2140	7	55		
2108	4.2160	7	55		
2109	4.2180	7	54		
2110	4.2200	7	54		
2111	4.2220	7	54		
2112	4.2240	7	53		
2113	4.2260	6	53		
2114	4.2280	6	52		
2115	4.2300	6	52		
2116	4.2320	6	52		
2117	4.2340	6	51		
2118	4.2360	6	51		
2119	4.2380	6	50		
2120	4.2400	6	50		
2121	4.2420	6	49		
2122	4.2440	6	49		
2123	4.2460	6	48		
2124	4.2480	6	48		
2125	4.2500	6	47		
2126	4.2520	6	47		
2127	4.2540	5	46		
2128	4.2560	5	46		
2129	4.2580	5	45		
2130	4.2600	5	44		
2131	4.2620	5	44		
2132	4.2640	5	44		
2133	4.2660	5	43		
2134	4.2680	5	42		
2135	4.2700	4	42		
2136	4.2720	4	41		
2137	4.2740	4	41		
2138	4.2760	4	40		
2139	4.2780	4	39		
2140	4.2800	4	39		
2141	4.2820	4	38		
2142	4.2840	4	38		
2143	4.2860	4	37		
2144	4.2880	4	36		
2145	4.2900	4	36		
2146	4.2920	4	35		
2147	4.2940	4	34		
2148	4.2960	3	34		
2149	4.2980	3	33		
2150	4.3000	3	32		
2151	4.3020	3	32		
2152	4.3040	3	31		
2153	4.3060	3	30		
2154	4.3080	3	30		
2155	4.3100	3	29		
2156	4.3120	2	28		
2157	4.3140	2	28		
2158	4.3160	2	27		
2159	4.3180	2	26		
2160	4.3200	2	26		
2161	4.3220	2	25		
2162	4.3240	2	24		
2163	4.3260	2	23		
2164	4.3280	2	23		
2165	4.3300	2	22		
2166	4.3320	2	21		
2167	4.3340	2	20		
2168	4.3360	2	20		
2169	4.3380	2	19		
2170	4.3400	2	18		
2171	4.3420	1	18		
2172	4.3440	1	17		
2173	4.3460	1	16		
2174	4.3480	1	16		
2175	4.3500	1	15		
2176	4.3520	1	14		
2177	4.3540	1	13		
2178	4.3560	1	12		
2179	4.3580	1	12		
2180	4.3600	1	11		
2181	4.3620	0	10		
2182	4.3640	0	9		
2183	4.3660	0	9		
2184	4.3680	0	8		
2185	4.3700	0	7		
2186	4.3720	0	6		
2187	4.3740	0	6		
2188	4.3760	0	5		
2189	4.3780	0	4		
2190	4.3800	0	4		
2191	4.3820	0	3		
2192	4.3840	0	2		
2193	4.3860	0	1		
2194	4.3880	0	0		
2195	4.3900	0	0		
2196	4.3920	0	-1		
2197	4.3940	0	-2		
2198	4.3960	-1	-3		
2199	4.3980	-1	-4		
2200	4.4000	-1	-4		
2201	4.4020	-1	-5		
2202	4.4040	-1	-6		
2203	4.4060	-1	-7		
2204	4.4080	-1	-8		
2205	4.4100	-1	-8		
2206	4.4120	-1	-9		
2207	4.4140	-1	-10		
2208	4.4160	-1	-11		
2209	4.4180	-1	-11		
2210	4.4200	-2	-12		
2211	4.4220	-2	-13		
2212	4.4240	-2	-14		
2213	4.4260	-2	-14		
2214	4.4280	-2	-15		
2215	4.4300	-2	-16		
2216	4.4320	-2	-17		
2217	4.4340	-2	-18		
2218	4.4360	-2	-18		
2219	4.4380	-2	-19		
2220	4.4400	-2	-20		
2221	4.4420	-2	-20		
2222	4.4440	-2	-21		
2223	4.4460	-2	-22		
2224	4.4480	-2	-22		
2225	4.4500	-2	-23		
2226	4.4520	-2	-24		
2227	4.4540	-2	-25		
2228	4.4560	-2	-25		
2229	4.4580	-2	-26		
2230	4.4600	-2	-27		
2231	4.4620	-2	-28		
2232	4.4640	-2	-28		
2233	4.4660	-2	-29		
2234	4.4680	-2	-30		
2235	4.4700	-2	-30		
2236	4.4720	-2	-31		
2237	4.4740	-2	-32		
2238	4.4760	-2	-32		
2239	4.4780	-2	-33		
2240	4.4800	-3	-34		
2241	4.4820	-3	-34		
2242	4.4840	-3	-35		
2243	4.4860	-3	-36		
2244	4.4880	-3	-36		
2245	4.4900	-3	-37		
2246	4.4920	-3	-37		
2247	4.4940	-3	-38		
2248	4.4960	-3	-39		
2249	4.4980	-3	-39		
2250	4.5000	-3	-40		
2251	4.5020	-3	-41		
2252	4.5040	-3	-41		
2253	4.5060	-3	-42		
2254	4.5080	-3	-42		
2255	4.5100	-3	-43		
2256	4.5120	-3	-44		
2257	4.5140	-3	-44		
2258	4.5160	-3	-45		
2259	4.5180	-3	-45		
2260	4.5200	-3	-46		
2261	4.5220	-3	-46		
2262	4.5240	-3	-47		
2263	4.5260	-3	-48		
2264	4.5280	-3	-48		
2265	4.5300	-3	-48		
2266	4.5320	-3	-49		
2267	4.5340	-3	-50		
2268	4.5360	-3	-50		
2269	4.5380	-3	-50		
2270	4.5400	-3	-51		
2271	4.5420	-3	-52		
2272	4.5440	-3	-52		
2273	4.5460	-3	-52		
2274	4.5480	-3	-53		
2275	4.5500	-3	-53		
2276	4.5520	-3	-54		
2277	4.5540	-3	-54		
2278	4.5560	-3	-54		
2279	4.5580	-3	-55		
2280	4.5600	-3	-55		
2281	4.5620	-3	-56		
2282	4.5640	-3	-56		
2283	4.5660	-3	-56		
2284	4.5680	-3	-57		
2285	4.5700	-3	-57		
2286	4.5720	-3	-58		
2287	4.5740	-3	-58		
2288	4.5760	-3	-58		
2289	4.5780	-3	-59		
2290	4.5800	-2	-59		
2291	4.5820	-2	-59		
2292	4.5840	-2	-60		
2293	4.5860	-2	-60		
2294	4.5880	-2	-60		
2295	4.5900	-2	-60		
2296	4.5920	-2	-61		
2297	4.5940	-2	-61		
2298	4.5960	-2	-61		
2299	4.5980	-2	-62		
2300	4.6000	-2	-62		
2301	4.6020	-2	-62		
2302	4.6040	-2	-62		
2303	4.6060	-2	-62		
2304	4.6080	-2	-63		
2305	4.6100	-2	-63		
2306	4.6120	-2	-63		
2307	4.6140	-2	-63		
2308	4.6160	-2	-64		
2309	4.6180	-2	-64		
2310	4.6200	-2	-64		
2311	4.6220	-2	-64		
2312	4.6240	-2	-64		
2313	4.6260	-2	-64		
2314	4.6280	-2	-64		
2315	4.6300	-2	-64		
2316	4.6320	-2	-64		
2317	4.6340	-2	-64		
2318	4.6360	-2	-65		
2319	4.6380	-1	-65		
2320	4.6400	-1	-65		
2321	4.6420	-1	-65		
2322	4.6440	-1	-65		
2323	4.6460	-1	-65		
2324	4.6480	-1	-65		
2325	4.6500	-1	-65		
2326	4.6520	-1	-65		
2327	4.6540	-1	-65		
2328	4.6560	-1	-65		
2329	4.6580	-1	-65		
2330	4.6600	-1	-65		
2331	4.6620	-1	-65		
2332	4.6640	0	-65		
2333	4.6660	0	-65		
2334	4.6680	0	-65		
2335	4.6700	0	-64		
2336	4.6720	0	-64		
2337	4.6740	0	-64		
2338	4.6760	0	-64		
2339	4.6780	0	-64		
2340	4.6800	0	-64		
2341	4.6820	0	-64		
2342	4.6840	0	-64		
2343	4.6860	0	-64		
2344	4.6880	0	-64		
2345	4.6900	0	-63		
2346	4.6920	0	-63		
2347	4.6940	0	-63		
2348	4.6960	0	-63		
2349	4.6980	1	-62		
2350	4.7000	1	-62		
2351	4.7020	1	-62		
2352	4.7040	1	-62		
2353	4.7060	1	-62		
2354	4.7080	1	-61		
2355	4.7100	1	-61		
2356	4.7120	1	-61		
2357	4.7140	1	-60		
2358	4.7160	2	-60		
2359	4.7180	2	-60		
2360	4.7200	2	-60		
2361	4.7220	2	-59		
2362	4.7240	2	-59		
2363	4.7260	2	-59		
2364	4.7280	2	-58		
2365	4.7300	2	-58		
2366	4.7320	2	-58		
2367	4.7340	2	-57		
2368	4.7360	2	-57		
2369	4.7380	2	-56		
2370	4.7400	2	-56		
2371	4.7420	2	-56		
2372	4.7440	2	-55		
2373	4.7460	3	-55		
2374	4.7480	3	-54		
2375	4.7500	3	-54		
2376	4.7520	3	-54		
2377	4.7540	3	-53		
2378	4.7560	3	-53		
2379	4.7580	3	-52		
2380	4.7600	3	-52		
2381	4.7620	3	-52		
2382	4.7640	4	-51		
2383	4.7660	4	-50		
2384	4.7680	4	-50		
2385	4.7700	4	-50		
2386	4.7720	4	-49		
2387	4.7740	4	-48		
2388	4.7760	4	-48		
2389	4.7780	4	-48		
2390	4.7800	4	-47		
2391	4.7820	4	-46		
2392	4.7840	4	-46		
2393	4.7860	4	-45		
2394	4.7880	4	-45		
2395	4.7900	5	-44		
2396	4.7920	5	-44		
2397	4.7940	5	-43		
2398	4.7960	5	-42		
2399	4.7980	5	-42		
2400	4.8000	5	-41		
2401	4.8020	5	-40		
2402	4.8040	5	-40		
2403	4.8060	6	-39		
2404	4.8080	6	-38		
2405	4.8100	6	-38		
2406	4.8120	6	-37		
2407	4.8140	6	-37		
2408	4.8160	6	-36		
2409	4.8180	6	-35		
2410	4.8200	6	-35		
2411	4.8220	6	-34		
2412	4.8240	6	-34		
2413	4.8260	6	-33		
2414	4.8280	6	-32		
2415	4.8300	6	-31		
2416	4.8320	6	-31		
2417	4.8340	7	-30		
2418	4.8360	7	-29		
2419	4.8380	7	-29		
2420	4.8400	7	-28		
2421	4.8420	7	-27		
2422	4.8440	7	-26		
2423	4.8460	7	-26		
2424	4.8480	7	-25		
2425	4.8500	7	-24		
2426	4.8520	8	-24		
2427	4.8540	8	-23		
2428	4.8560	8	-22		
2429	4.8580	8	-22		
2430	4.8600	8	-21		
2431	4.8620	8	-20		
2432	4.8640	8	-19		
2433	4.8660	8	-18		
2434	4.8680	8	-18		
2435	4.8700	8	-17		
2436	4.8720	8	-16		
2437	4.8740	8	-16		
2438	4.8760	8	-15		
2439	4.8780	8	-14		
2440	4.8800	8	-13		
2441	4.8820	9	-12		
2442	4.8840	9	-12		
2443	4.8860	9	-11		
2444	4.8880	9	-10		
2445	4.8900	9	-10		
2446	4.8920	9	-9		
2447	4.8940	9	-8		
2448	4.8960	9	-7		
2449	4.8980	9	-6		
2450	4.9000	9	-6		
2451	4.9020	8	-4		
2452	4.9040	8	-4		
2453	4.9060	8	-3		
2454	4.9080	9	-2		
2455	4.9100	9	-2		
2456	4.9120	9	-1		
2457	4.9140	9	0		
2458	4.9160	9	1		
2459	4.9180	9	2		
2460	4.9200	9	2		
2461	4.9220	9	3		
2462	4.9240	9	4		
2463	4.9260	9	5		
2464	4.9280	9	6		
2465	4.9300	10	6		
2466	4.9320	10	7		
2467	4.9340	10	8		
2468	4.9360	10	8		
2469	4.9380	10	9		
2470	4.9400	10	10		
2471	4.9420	10	11		
2472	4.9440	10	12		
2473	4.9460	10	12		
2474	4.9480	10	13		
2475	4.9500	10	14		
2476	4.9520	10	15		
2477	4.9540	10	15		
2478	4.9560	10	16		
2479	4.9580	10	17		
2480	4.9600	10	18		
2481	4.9620	10	18		
2482	4.9640	10	19		
2483	4.9660	10	20		
2484	4.9680	10	20		
2485	4.9700	10	21		
2486	4.9720	10	22		
2487	4.9740	10	23		
2488	4.9760	10	24		
2489	4.9780	10	24		
2490	4.9800	10	25		
2491	4.9820	10	26		
2492	4.9840	10	26		
2493	4.9860	10	27		
2494	4.9880	10	28		
2495	4.9900	10	28		
2496	4.9920	10	29		
2497	4.9940	10	30		
2498	4.9960	10	30		
2499	4.9980	10	31		
2500	5.0000	10	32		
2501	5.0020	10	33		
2502	5.0040	10	34		
2503	5.0060	10	34		
2504	5.0080	10	35		
2505	5.0100	10	36		
2506	5.0120	10	36		
2507	5.0140	10	37		
2508	5.0160	10	38		
2509	5.0180	10	38		
2510	5.0200	10	39		
2511	5.0220	10	39		
2512	5.0240	10	40		
2513	5.0260	10	40		
2514	5.0280	10	41		
2515	5.0300	10	42		
2516	5.0320	10	42		
2517	5.0340	10	43		
2518	5.0360	10	44		
2519	5.0380	10	44		
2520	5.0400	10	45		
2521	5.0420	10	45		
2522	5.0440	10	46		
2523	5.0460	10	46		
2524	5.0480	10	47		
2525	5.0500	10	47		
2526	5.0520	10	48		
2527	5.0540	10	48		
2528	5.0560	10	49		
2529	5.0580	10	49		
2530	5.0600	10	50		
2531	5.0620	10	50		
2532	5.0640	10	51		
2533	5.0660	10	51		
2534	5.0680	10	52		
2535	5.0700	10	52		
2536	5.0720	10	53		
2537	5.0740	10	53		
2538	5.0760	10	54		
2539	5.0780	10	54		
2540	5.0800	10	54		
2541	5.0820	10	55		
2542	5.0840	10	55		
2543	5.0860	10	56		
2544	5.0880	10	56		
2545	5.0900	10	56		
2546	5.0920	10	57		
2547	5.0940	10	57		
2548	5.0960	10	58		
2549	5.0980	10	58		
2550	5.1000	10	58		
2551	5.1020	10	59		
2552	5.1040	10	59		
2553	5.1060	10	59		
2554	5.1080	10	60		
2555	5.1100	10	60		
2556	5.1120	10	60		
2557	5.1140	10	60		
2558	5.1160	10	61		
2559	5.1180	10	61		
2560	5.1200	10	61		
2561	5.1220	10	62		
2562	5.1240	10	62		
2563	5.1260	10	62		
2564	5.1280	10	62		
2565	5.1300	10	62		
2566	5.1320	10	62		
2567	5.1340	10	63		
2568	5.1360	10	63		
2569	5.1380	10	63		
2570	5.1400	10	63		
2571	5.1420	10	63		
2572	5.1440	10	63		
2573	5.1460	10	64		
2574	5.1480	10	64		
2575	5.1500	10	64		
2576	5.1520	10	64		
2577	5.1540	10	64		
2578	5.1560	10	64		
2579	5.1580	10	64		
2580	5.1600	10	64		
2581	5.1620	10	64		
2582	5.1640	10	64		
2583	5.1660	10	64		
2584	5.1680	10	64		
2585	5.1700	10	64		
2586	5.1720	10	64		
2587	5.1740	10	64		
2588	5.1760	10	64		
2589	5.1780	10	64		
2590	5.1800	9	64		
2591	5.1820	9	64		
2592	5.1840	9	64		
2593	5.1860	9	64		
2594	5.1880	9	64		
2595	5.1900	9	64		
2596	5.1920	9	64		
2597	5.1940	9	64		
2598	5.1960	9	64		
2599	5.1980	9	64		
2600	5.2000	9	64		
2601	5.2020	8	63		
2602	5.2040	8	63		
2603	5.2060	8	63		
2604	5.2080	9	63		
2605	5.2100	9	63		
2606	5.2120	9	62		
2607	5.2140	9	62		
2608	5.2160	9	62		
2609	5.2180	9	62		
2610	5.2200	9	62		
2611	5.2220	9	62		
2612	5.2240	9	61		
2613	5.2260	9	61		
2614	5.2280	8	61		
2615	5.2300	8	60		
2616	5.2320	8	60		
2617	5.2340	8	60		
2618	5.2360	8	60		
2619	5.2380	8	60		
2620	5.2400	8	59		
2621	5.2420	8	59		
2622	5.2440	8	58		
2623	5.2460	8	58		
2624	5.2480	8	58		
2625	5.2500	8	58		
2626	5.2520	8	57		
2627	5.2540	8	57		
2628	5.2560	8	56		
2629	5.2580	7	56		
2630	5.2600	7	56		
2631	5.2620	7	56		
2632	5.2640	7	55		
2633	5.2660	7	55		
2634	5.2680	7	54		
2635	5.2700	7	54		
2636	5.2720	7	54		
2637	5.2740	7	53		
2638	5.2760	6	53		
2639	5.2780	6	52		
2640	5.2800	6	52		
2641	5.2820	6	51		
2642	5.2840	6	51		
2643	5.2860	6	50		
2644	5.2880	6	50		
2645	5.2900	6	50		
2646	5.2920	6	49		
2647	5.2940	6	48		
2648	5.2960	6	48		
2649	5.2980	6	48		
2650	5.3000	6	47		
2651	5.3020	5	46		
2652	5.3040	5	46		
2653	5.3060	5	45		
2654	5.3080	5	45		
2655	5.3100	5	44		
2656	5.3120	5	44		
2657	5.3140	5	43		
2658	5.3160	5	42		
2659	5.3180	4	42		
2660	5.3200	4	41		
2661	5.3220	4	41		
2662	5.3240	4	40		
2663	5.3260	4	40		
2664	5.3280	4	39		
2665	5.3300	4	38		
2666	5.3320	4	38		
2667	5.3340	4	37		
2668	5.3360	4	36		
2669	5.3380	4	36		
2670	5.3400	4	35		
2671	5.3420	4	35		
2672	5.3440	4	34		
2673	5.3460	3	33		
2674	5.3480	3	33		
2675	5.3500	3	32		
2676	5.3520	3	32		
2677	5.3540	3	31		
2678	5.3560	3	30		
2679	5.3580	3	30		
2680	5.3600	3	29		
2681	5.3620	3	28		
2682	5.3640	2	28		
2683	5.3660	2	27		
2684	5.3680	2	26		
2685	5.3700	2	25		
2686	5.3720	2	25		
2687	5.3740	2	24		
2688	5.3760	2	23		
2689	5.3780	2	22		
2690	5.3800	2	22		
2691	5.3820	2	21		
2692	5.3840	2	20		
2693	5.3860	2	20		
2694	5.3880	2	19		
2695	5.3900	2	18		
2696	5.3920	1	18		
2697	5.3940	1	17		
2698	5.3960	1	16		
2699	5.3980	1	15		
2700	5.4000	1	15		
2701	5.4020	1	14		
2702	5.4040	1	13		
2703	5.4060	1	12		
2704	5.4080	1	11		
2705	5.4100	0	10		
2706	5.4120	0	10		
2707	5.4140	0	9		
2708	5.4160	0	8		
2709	5.4180	0	8		
2710	5.4200	0	7		
2711	5.4220	0	6		
2712	5.4240	0	5		
2713	5.4260	0	4		
2714	5.4280	0	4		
2715	5.4300	0	3		
2716	5.4320	0	2		
2717	5.4340	0	2		
2718	5.4360	0	1		
2719	5.4380	0	0		
2720	5.4400	0	-1		
2721	5.4420	0	-2		
2722	5.4440	0	-2		
2723	5.4460	-1	-3		
2724	5.4480	-1	-4		
2725	5.4500	-1	-5		
2726	5.4520	-1	-5		
2727	5.4540	-1	-6		
2728	5.4560	-1	-7		
2729	5.4580	-1	-8		
2730	5.4600	-1	-8		
2731	5.4620	-1	-9		
2732	5.4640	-1	-10		
2733	5.4660	-1	-10		
2734	5.4680	-1	-11		
2735	5.4700	-2	-12		
2736	5.4720	-2	-13		
2737	5.4740	-2	-14		
2738	5.4760	-2	-14		
2739	5.4780	-2	-15		
2740	5.4800	-2	-16		
2741	5.4820	-2	-16		
2742	5.4840	-2	-17		
2743	5.4860	-2	-18		
2744	5.4880	-2	-19		
2745	5.4900	-2	-20		
2746	5.4920	-2	-20		
2747	5.4940	-2	-21		
2748	5.4960	-2	-22		
2749	5.4980	-2	-22		
2750	5.5000	-2	-23		
2751	5.5020	-2	-24		
2752	5.5040	-2	-25		
2753	5.5060	-2	-26		
2754	5.5080	-2	-26		
2755	5.5100	-2	-27		
2756	5.5120	-2	-28		
2757	5.5140	-2	-28		
2758	5.5160	-2	-29		
2759	5.5180	-2	-30		
2760	5.5200	-2	-30		
2761	5.5220	-2	-31		
2762	5.5240	-2	-32		
2763	5.5260	-2	-32		
2764	5.5280	-2	-33		
2765	5.5300	-2	-34		
2766	5.5320	-3	-34		
2767	5.5340	-3	-35		
2768	5.5360	-3	-36		
2769	5.5380	-3	-36		
2770	5.5400	-3	-37		
2771	5.5420	-3	-38		
2772	5.5440	-3	-38		
2773	5.5460	-3	-39		
2774	5.5480	-3	-39		
2775	5.5500	-3	-40		
2776	5.5520	-3	-40		
2777	5.5540	-3	-41		
2778	5.5560	-3	-42		
2779	5.5580	-3	-42		
2780	5.5600	-3	-43		
2781	5.5620	-3	-44		
2782	5.5640	-3	-44		
2783	5.5660	-3	-44		
2784	5.5680	-3	-45		
2785	5.5700	-3	-46		
2786	5.5720	-3	-46		
2787	5.5740	-3	-47		
2788	5.5760	-3	-47		
2789	5.5780	-3	-48		
2790	5.5800	-3	-48		
2791	5.5820	-3	-49		
2792	5.5840	-3	-49		
2793	5.5860	-3	-50		
2794	5.5880	-3	-50		
2795	5.5900	-3	-51		
2796	5.5920	-3	-51		
2797	5.5940	-3	-52		
2798	5.5960	-3	-52		
2799	5.5980	-3	-52		
2800	5.6000	-3	-53		
2801	5.6020	-3	-54		
2802	5.6040	-3	-54		
2803	5.6060	-3	-54		
2804	5.6080	-3	-55		
2805	5.6100	-3	-55		
2806	5.6120	-3	-56		
2807	5.6140	-3	-56		
2808	5.6160	-3	-56		
2809	5.6180	-3	-57		
2810	5.6200	-3	-57		
2811	5.6220	-3	-58		
2812	5.6240	-3	-58		
2813	5.6260	-3	-58		
2814	5.6280	-3	-58		
2815	5.6300	-2	-59		
2816	5.6320	-2	-59		
2817	5.6340	-2	-60		
2818	5.6360	-2	-60		
2819	5.6380	-2	-60		
2820	5.6400	-2	-60		
2821	5.6420	-2	-61		
2822	5.6440	-2	-61		
2823	5.6460	-2	-61		
2824	5.6480	-2	-62		
2825	5.6500	-2	-62		
2826	5.6520	-2	-62		
2827	5.6540	-2	-62		
2828	5.6560	-2	-62		
2829	5.6580	-2	-62		
2830	5.6600	-2	-63		
2831	5.6620	-2	-63		
2832	5.6640	-2	-63		
2833	5.6660	-2	-63		
2834	5.6680	-2	-64		
2835	5.6700	-2	-64		
2836	5.6720	-2	-64		
2837	5.6740	-2	-64		
2838	5.6760	-2	-64		
2839	5.6780	-2	-64		
2840	5.6800	-2	-64		
2841	5.6820	-2	-64		
2842	5.6840	-2	-64		
2843	5.6860	-2	-64		
2844	5.6880	-1	-64		
2845	5.6900	-1	-64		
2846	5.6920	-1	-65		
2847	5.6940	-1	-65		
2848	5.6960	-1	-65		
2849	5.6980	-1	-65		
2850	5.7000	-1	-65		
2851	5.7020	-1	-65		
2852	5.7040	-1	-65		
2853	5.7060	-1	-65		
2854	5.7080	-1	-65		
2855	5.7100	-1	-65		
2856	5.7120	-1	-65		
2857	5.7140	0	-65		
2858	5.7160	0	-64		
2859	5.7180	0	-64		
2860	5.7200	0	-64		
2861	5.7220	0	-64		
2862	5.7240	0	-64		
2863	5.7260	0	-64		
2864	5.7280	0	-64		
2865	5.7300	0	-64		
2866	5.7320	0	-64		
2867	5.7340	0	-64		
2868	5.7360	0	-64		
2869	5.7380	0	-63		
2870	5.7400	0	-63		
2871	5.7420	0	-63		
2872	5.7440	0	-63		
2873	5.7460	0	-62		
2874	5.7480	1	-62		
2875	5.7500	1	-62		
2876	5.7520	1	-62		
2877	5.7540	1	-62		
2878	5.7560	1	-61		
2879	5.7580	1	-61		
2880	5.7600	1	-61		
2881	5.7620	1	-61		
2882	5.7640	1	-60		
2883	5.7660	1	-60		
2884	5.7680	2	-60		
2885	5.7700	2	-60		
2886	5.7720	2	-59		
2887	5.7740	2	-59		
2888	5.7760	2	-58		
2889	5.7780	2	-58		
2890	5.7800	2	-58		
2891	5.7820	2	-58		
2892	5.7840	2	-57		
2893	5.7860	2	-57		
2894	5.7880	2	-56		
2895	5.7900	2	-56		
2896	5.7920	2	-56		
2897	5.7940	2	-55		
2898	5.7960	3	-55		
2899	5.7980	3	-54		
2900	5.8000	3	-54		
2901	5.8020	3	-53		
2902	5.8040	3	-53		
2903	5.8060	3	-52		
2904	5.8080	3	-52		
2905	5.8100	3	-52		
2906	5.8120	4	-51		
2907	5.8140	4	-51		
2908	5.8160	4	-50		
2909	5.8180	4	-50		
2910	5.8200	4	-49		
2911	5.8220	4	-49		
2912	5.8240	4	-48		
2913	5.8260	4	-48		
2914	5.8280	4	-47		
2915	5.8300	4	-46		
2916	5.8320	4	-46		
2917	5.8340	4	-46		
2918	5.8360	4	-45		
2919	5.8380	4	-44		
2920	5.8400	5	-44		
2921	5.8420	5	-43		
2922	5.8440	5	-43		
2923	5.8460	5	-42		
2924	5.8480	5	-42		
2925	5.8500	5	-41		
2926	5.8520	5	-40		
2927	5.8540	5	-40		
2928	5.8560	5	-39		
2929	5.8580	6	-38		
2930	5.8600	6	-38		
2931	5.8620	6	-37		
2932	5.8640	6	-37		
2933	5.8660	6	-36		
2934	5.8680	6	-35		
2935	5.8700	6	-35		
2936	5.8720	6	-34		
2937	5.8740	6	-34		
2938	5.8760	6	-33		
2939	5.8780	6	-32		
2940	5.8800	6	-32		
2941	5.8820	6	-31		
2942	5.8840	7	-30		
2943	5.8860	7	-29		
2944	5.8880	7	-29		
2945	5.8900	7	-28		
2946	5.8920	7	-27		
2947	5.8940	7	-27		
2948	5.8960	7	-26		
2949	5.8980	7	-25		
2950	5.9000	7	-24		
2951	5.9020	8	-24		
2952	5.9040	8	-23		
2953	5.9060	8	-22		
2954	5.9080	8	-21		
2955	5.9100	8	-20		
2956	5.9120	8	-20		
2957	5.9140	8	-19		
2958	5.9160	8	-18		
2959	5.9180	8	-18		
2960	5.9200	8	-17		
2961	5.9220	8	-16		
2962	5.9240	8	-15		
2963	5.9260	8	-14		
2964	5.9280	8	-14		
2965	5.9300	8	-13		
2966	5.9320	9	-12		
2967	5.9340	9	-12		
2968	5.9360	9	-11		
2969	5.9380	9	-10		
2970	5.9400	9	-9		
2971	5.9420	9	-8		
2972	5.9440	9	-8		
2973	5.9460	9	-7		
2974	5.9480	9	-6		
2975	5.9500	9	-6		
2976	5.9520	8	-5		
2977	5.9540	8	-4		
2978	5.9560	8	-3		
2979	5.9580	9	-2		
2980	5.9600	9	-2		
2981	5.9620	9	-1		
2982	5.9640	9	0		
2983	5.9660	9	1		
2984	5.9680	9	2		
2985	5.9700	9	2		
2986	5.9720	9	3		
2987	5.9740	9	4		
2988	5.9760	9	4		
2989	5.9780	9	5		
2990	5.9800	10	6		
2991	5.9820	10	7		
2992	5.9840	10	8		
2993	5.9860	10	8		
2994	5.9880	10	9		
2995	5.9900	10	10		
2996	5.9920	10	11		
2997	5.9940	10	12		
2998	5.9960	10	12		
2999	5.9980	10	13		
3000	6.0000	10	14		
3001	6.0020	10	15		
3002	6.0040	10	16		
3003	6.0060	10	16		
3004	6.0080	10	17		
3005	6.0100	10	18		
3006	6.0120	10	18		
3007	6.0140	10	19		
3008	6.0160	10	20		
3009	6.0180	10	21		
3010	6.0200	10	22		
3011	6.0220	10	22		
3012	6.0240	10	23		
3013	6.0260	10	24		
3014	6.0280	10	24		
3015	6.0300	10	25		
3016	6.0320	10	26		
3017	6.0340	10	26		
3018	6.0360	10	27		
3019	6.0380	10	28		
3020	6.0400	10	28		
3021	6.0420	10	29		
3022	6.0440	10	30		
3023	6.0460	10	30		
3024	6.0480	10	31		
3025	6.0500	10	32		
3026	6.0520	10	33		
3027	6.0540	10	33		
3028	6.0560	10	34		
3029	6.0580	10	35		
3030	6.0600	10	35		
3031	6.0620	10	36		
3032	6.0640	10	36		
3033	6.0660	10	37		
3034	6.0680	10	38		
3035	6.0700	10	38		
3036	6.0720	10	39		
3037	6.0740	10	40		
3038	6.0760	10	40		
3039	6.0780	10	41		
3040	6.0800	10	42		
3041	6.0820	10	42		
3042	6.0840	10	43		
3043	6.0860	10	43		
3044	6.0880	10	44		
3045	6.0900	10	44		
3046	6.0920	10	45		
3047	6.0940	10	46		
3048	6.0960	10	46		
3049	6.0980	10	46		
3050	6.1000	10	47		
3051	6.1020	10	48		
3052	6.1040	10	48		
3053	6.1060	10	49		
3054	6.1080	10	49		
3055	6.1100	10	50		
3056	6.1120	10	50		
3057	6.1140	10	51		
3058	6.1160	10	51		
3059	6.1180	10	52		
3060	6.1200	10	52		
3061	6.1220	10	53		
3062	6.1240	10	53		
3063	6.1260	10	54		
3064	6.1280	10	54		
3065	6.1300	10	54		
3066	6.1320	10	55		
3067	6.1340	10	55		
3068	6.1360	10	56		
3069	6.1380	10	56		
3070	6.1400	10	56		
3071	6.1420	10	57		
3072	6.1440	10	57		
3073	6.1460	10	57		
3074	6.1480	10	58		
3075	6.1500	10	58		
3076	6.1520	10	58		
3077	6.1540	10	59		
3078	6.1560	10	59		
3079	6.1580	10	59		
3080	6.1600	10	60		
3081	6.1620	10	60		
3082	6.1640	10	60		
3083	6.1660	10	60		
3084	6.1680	10	61		
3085	6.1700	10	61		
3086	6.1720	10	61		
3087	6.1740	10	61		
3088	6.1760	10	62		
3089	6.1780	10	62		
3090	6.1800	10	62		
3091	6.1820	10	62		
3092	6.1840	10	62		
3093	6.1860	10	62		
3094	6.1880	10	63		
3095	6.1900	10	63		
3096	6.1920	10	63		
3097	6.1940	10	63		
3098	6.1960	10	63		
3099	6.1980	10	63		
3100	6.2000	10	64		
3101	6.2020	10	64		
3102	6.2040	10	64		
3103	6.2060	10	64		
3104	6.2080	10	64		
3105	6.2100	10	64		
3106	6.2120	10	64		
3107	6.2140	10	64		
3108	6.2160	10	64		
3109	6.2180	10	64		
3110	6.2200	10	64		
3111	6.2220	10	64		
3112	6.2240	10	64		
3113	6.2260	10	64		
3114	6.2280	9	64		
3115	6.2300	9	64		
3116	6.2320	9	64		
3117	6.2340	9	64		
3118	6.2360	9	64		
3119	6.2380	9	64		
3120	6.2400	9	64		
3121	6.2420	9	64		
3122	6.2440	9	64		
3123	6.2460	9	63		
3124	6.2480	9	63		
3125	6.2500	9	63		
3126	6.2520	8	63		
3127	6.2540	8	63		
3128	6.2560	8	63		
3129	6.2580	9	62		
3130	6.2600	9	62		
3131	6.2620	9	62		
3132	6.2640	9	62		
3133	6.2660	9	62		
3134	6.2680	9	62		
3135	6.2700	9	61		
3136	6.2720	9	61		
3137	6.2740	9	61		
3138	6.2760	9	61		
3139	6.2780	8	60		
3140	6.2800	8	60		
3141	6.2820	8	60		
3142	6.2840	8	60		
3143	6.2860	8	60		
3144	6.2880	8	59		
3145	6.2900	8	59		
3146	6.2920	8	58		
3147	6.2940	8	58		
3148	6.2960	8	58		
3149	6.2980	8	58		
3150	6.3000	8	57		
3151	6.3020	8	57		
3152	6.3040	8	56		
3153	6.3060	8	56		
3154	6.3080	7	56		
3155	6.3100	7	55		
3156	6.3120	7	55		
3157	6.3140	7	55		
3158	6.3160	7	54		
3159	6.3180	7	54		
3160	6.3200	7	53		
3161	6.3220	7	53		
3162	6.3240	6	52		
3163	6.3260	6	52		
3164	6.3280	6	52		
3165	6.3300	6	51		
3166	6.3320	6	51		
3167	6.3340	6	50		
3168	6.3360	6	50		
3169	6.3380	6	49		
3170	6.3400	6	49		
3171	6.3420	6	48		
3172	6.3440	6	48		
3173	6.3460	6	48		
3174	6.3480	6	47		
3175	6.3500	6	46		
3176	6.3520	5	46		
3177	6.3540	5	46		
3178	6.3560	5	45		
3179	6.3580	5	44		
3180	6.3600	5	44		
3181	6.3620	5	43		
3182	6.3640	5	43		
3183	6.3660	5	42		
3184	6.3680	5	42		
3185	6.3700	4	41		
3186	6.3720	4	40		
3187	6.3740	4	40		
3188	6.3760	4	39		
3189	6.3780	4	39		
3190	6.3800	4	38		
3191	6.3820	4	38		
3192	6.3840	4	37		
3193	6.3860	4	36		
3194	6.3880	4	36		
3195	6.3900	4	35		
3196	6.3920	4	34		
3197	6.3940	4	34		
3198	6.3960	3	33		
3199	6.3980	3	32		
3200	6.4000	3	32		
3201	6.4020	3	31		
3202	6.4040	3	30		
3203	6.4060	3	30		
3204	6.4080	3	29		
3205	6.4100	3	28		
3206	6.4120	2	28		
3207	6.4140	2	27		
3208	6.4160	2	26		
3209	6.4180	2	26		
3210	6.4200	2	25		
3211	6.4220	2	24		
3212	6.4240	2	24		
3213	6.4260	2	23		
3214	6.4280	2	22		
3215	6.4300	2	21		
3216	6.4320	2	21		
3217	6.4340	2	20		
3218	6.4360	2	19		
3219	6.4380	2	18		
3220	6.4400	2	18		
3221	6.4420	1	17		
3222	6.4440	1	16		
3223	6.4460	1	16		
3224	6.4480	1	15		
3225	6.4500	1	14		
3226	6.4520	1	14		
3227	6.4540	1	13		
3228	6.4560	1	12		
3229	6.4580	1	11		
3230	6.4600	1	10		
3231	6.4620	0	10		
3232	6.4640	0	9		
3233	6.4660	0	8		
3234	6.4680	0	8		
3235	6.4700	0	7		
3236	6.4720	0	6		
3237	6.4740	0	5		
3238	6.4760	0	4		
3239	6.4780	0	4		
3240	6.4800	0	3		
3241	6.4820	0	2		
3242	6.4840	0	2		
3243	6.4860	0	1		
3244	6.4880	0	0		
3245	6.4900	0	-1		
3246	6.4920	0	-2		
3247	6.4940	0	-2		
3248	6.4960	-1	-3		
3249	6.4980	-1	-4		
3250	6.5000	-1	-4		
3251	6.5020	-1	-6		
3252	6.5040	-1	-6		
3253	6.5060	-1	-7		
3254	6.5080	-1	-8		
3255	6.5100	-1	-9		
3256	6.5120	-1	-9		
3257	6.5140	-1	-10		
3258	6.5160	-1	-11		
3259	6.5180	-1	-12		
3260	6.5200	-2	-12		
3261	6.5220	-2	-13		
3262	6.5240	-2	-14		
3263	6.5260	-2	-15		
3264	6.5280	-2	-15		
3265	6.5300	-2	-16		
3266	6.5320	-2	-17		
3267	6.5340	-2	-18		
3268	6.5360	-2	-18		
3269	6.5380	-2	-19		
3270	6.5400	-2	-20		
3271	6.5420	-2	-20		
3272	6.5440	-2	-21		
3273	6.5460	-2	-22		
3274	6.5480	-2	-23		
3275	6.5500	-2	-23		
3276	6.5520	-2	-24		
3277	6.5540	-2	-25		
3278	6.5560	-2	-26		
3279	6.5580	-2	-26		
3280	6.5600	-2	-27		
3281	6.5620	-2	-28		
3282	6.5640	-2	-28		
3283	6.5660	-2	-29		
3284	6.5680	-2	-30		
3285	6.5700	-2	-30		
3286	6.5720	-2	-31		
3287	6.5740	-2	-32		
3288	6.5760	-2	-32		
3289	6.5780	-2	-33		
3290	6.5800	-2	-34		
3291	6.5820	-3	-34		
3292	6.5840	-3	-35		
3293	6.5860	-3	-36		
3294	6.5880	-3	-36		
3295	6.5900	-3	-37		
3296	6.5920	-3	-37		
3297	6.5940	-3	-38		
3298	6.5960	-3	-38		
3299	6.5980	-3	-39		
3300	6.6000	-3	-40		
3301	6.6020	-3	-41		
3302	6.6040	-3	-41		
3303	6.6060	-3	-42		
3304	6.6080	-3	-42		
3305	6.6100	-3	-43		
3306	6.6120	-3	-44		
3307	6.6140	-3	-44		
3308	6.6160	-3	-44		
3309	6.6180	-3	-45		
3310	6.6200	-3	-46		
3311	6.6220	-3	-46		
3312	6.6240	-3	-47		
3313	6.6260	-3	-47		
3314	6.6280	-3	-48		
3315	6.6300	-3	-48		
3316	6.6320	-3	-49		
3317	6.6340	-3	-49		
3318	6.6360	-3	-50		
3319	6.6380	-3	-50		
3320	6.6400	-3	-51		
3321	6.6420	-3	-51		
3322	6.6440	-3	-52		
3323	6.6460	-3	-52		
3324	6.6480	-3	-52		
3325	6.6500	-3	-53		
3326	6.6520	-3	-53		
3327	6.6540	-3	-54		
3328	6.6560	-3	-54		
3329	6.6580	-3	-55		
3330	6.6600	-3	-55		
3331	6.6620	-3	-56		
3332	6.6640	-3	-56		
3333	6.6660	-3	-56		
3334	6.6680	-3	-56		
3335	6.6700	-3	-57		
3336	6.6720	-3	-57		
3337	6.6740	-3	-58		
3338	6.6760	-3	-58		
3339	6.6780	-3	-58		
3340	6.6800	-2	-59		
3341	6.6820	-2	-59		
3342	6.6840	-2	-59		
3343	6.6860	-2	-60		
3344	6.6880	-2	-60		
3345	6.6900	-2	-60		
3346	6.6920	-2	-60		
3347	6.6940	-2	-61		
3348	6.6960	-2	-61		
3349	6.6980	-2	-61		
3350	6.7000	-2	-61		
3351	6.7020	-2	-62		
3352	6.7040	-2	-62		
3353	6.7060	-2	-62		
3354	6.7080	-2	-62		
3355	6.7100	-2	-62		
3356	6.7120	-2	-63		
3357	6.7140	-2	-63		
3358	6.7160	-2	-63		
3359	6.7180	-2	-63		
3360	6.7200	-2	-63		
3361	6.7220	-2	-64		
3362	6.7240	-2	-64		
3363	6.7260	-2	-64		
3364	6.7280	-2	-64		
3365	6.7300	-2	-64		
3366	6.7320	-2	-64		
3367	6.7340	-2	-64		
3368	6.7360	-2	-64		
3369	6.7380	-1	-64		
3370	6.7400	-1	-64		
3371	6.7420	-1	-64		
3372	6.7440	-1	-64		
3373	6.7460	-1	-64		
3374	6.7480	-1	-64		
3375	6.7500	-1	-64		
3376	6.7520	-1	-64		
3377	6.7540	-1	-64		
3378	6.7560	-1	-64		
3379	6.7580	-1	-64		
3380	6.7600	-1	-64		
3381	6.7620	-1	-64		
3382	6.7640	0	-64		
3383	6.7660	0	-64		
3384	6.7680	0	-64		
3385	6.7700	0	-64		
3386	6.7720	0	-64		
3387	6.7740	0	-64		
3388	6.7760	0	-64		
3389	6.7780	0	-64		
3390	6.7800	0	-64		
3391	6.7820	0	-63		
3392	6.7840	0	-63		
3393	6.7860	0	-63		
3394	6.7880	0	-63		
3395	6.7900	0	-63		
3396	6.7920	0	-62		
3397	6.7940	0	-62		
3398	6.7960	0	-62		
3399	6.7980	1	-62		
3400	6.8000	1	-62		
3401	6.8020	1	-62		
3402	6.8040	1	-61		
3403	6.8060	1	-61		
3404	6.8080	1	-61		
3405	6.8100	1	-60		
3406	6.8120	1	-60		
3407	6.8140	1	-60		
3408	6.8160	2	-60		
3409	6.8180	2	-59		
3410	6.8200	2	-59		
3411	6.8220	2	-59		
3412	6.8240	2	-58		
3413	6.8260	2	-58		
3414	6.8280	2	-58		
3415	6.8300	2	-58		
3416	6.8320	2	-57		
3417	6.8340	2	-57		
3418	6.8360	2	-56		
3419	6.8380	2	-56		
3420	6.8400	2	-56		
3421	6.8420	2	-55		
3422	6.8440	2	-55		
3423	6.8460	3	-54		
3424	6.8480	3	-54		
3425	6.8500	3	-54		
3426	6.8520	3	-53		
3427	6.8540	3	-53		
3428	6.8560	3	-52		
3429	6.8580	3	-52		
3430	6.8600	3	-51		
3431	6.8620	3	-51		
3432	6.8640	4	-50		
3433	6.8660	4	-50		
3434	6.8680	4	-50		
3435	6.8700	4	-49		
3436	6.8720	4	-48		
3437	6.8740	4	-48		
3438	6.8760	4	-48		
3439	6.8780	4	-47		
3440	6.8800	4	-46		
3441	6.8820	4	-46		
3442	6.8840	4	-45		
3443	6.8860	4	-45		
3444	6.8880	4	-44		
3445	6.8900	5	-44		
3446	6.8920	5	-43		
3447	6.8940	5	-42		
3448	6.8960	5	-42		
3449	6.8980	5	-41		
3450	6.9000	5	-41		
3451	6.9020	5	-40		
3452	6.9040	5	-39		
3453	6.9060	6	-39		
3454	6.9080	6	-38		
3455	6.9100	6	-38		
3456	6.9120	6	-37		
3457	6.9140	6	-36		
3458	6.9160	6	-36		
3459	6.9180	6	-35		
3460	6.9200	6	-34		
3461	6.9220	6	-34		
3462	6.9240	6	-33		
3463	6.9260	6	-32		
3464	6.9280	6	-32		
3465	6.9300	6	-31		
3466	6.9320	6	-30		
3467	6.9340	7	-30		
3468	6.9360	7	-29		
3469	6.9380	7	-28		
3470	6.9400	7	-28		
3471	6.9420	7	-27		
3472	6.9440	7	-26		
3473	6.9460	7	-26		
3474	6.9480	7	-25		
3475	6.9500	7	-24		
3476	6.9520	8	-23		
3477	6.9540	8	-23		
3478	6.9560	8	-22		
3479	6.9580	8	-21		
3480	6.9600	8	-20		
3481	6.9620	8	-20		
3482	6.9640	8	-19		
3483	6.9660	8	-18		
3484	6.9680	8	-18		
3485	6.9700	8	-17		
3486	6.9720	8	-16		
3487	6.9740	8	-15		
3488	6.9760	8	-14		
3489	6.9780	8	-14		
3490	6.9800	8	-13		
3491	6.9820	9	-12		
3492	6.9840	9	-12		
3493	6.9860	9	-11		
3494	6.9880	9	-10		
3495	6.9900	9	-9		
3496	6.9920	9	-8		
3497	6.9940	9	-8		
3498	6.9960	9	-7		
3499	6.9980	9	-6		
3500	7.0000	9	-6		
3501	7.0020	8	-4		
3502	7.0040	8	-4		
3503	7.0060	8	-3		
3504	7.0080	9	-2		
3505	7.0100	9	-1		
3506	7.0120	9	0		
3507	7.0140	9	0		
3508	7.0160	9	1		
3509	7.0180	9	2		
3510	7.0200	9	2		
3511	7.0220	9	3		
3512	7.0240	9	4		
3513	7.0260	9	5		
3514	7.0280	9	6		
3515	7.0300	10	6		
3516	7.0320	10	7		
3517	7.0340	10	8		
3518	7.0360	10	9		
3519	7.0380	10	10		
3520	7.0400	10	10		
3521	7.0420	10	11		
3522	7.0440	10	12		
3523	7.0460	10	12		
3524	7.0480	10	13		
3525	7.0500	10	14		
3526	7.0520	10	15		
3527	7.0540	10	15		
3528	7.0560	10	16		
3529	7.0580	10	17		
3530	7.0600	10	18		
3531	7.0620	10	18		
3532	7.0640	10	19		
3533	7.0660	10	20		
3534	7.0680	10	20		
3535	7.0700	10	21		
3536	7.0720	10	22		
3537	7.0740	10	23		
3538	7.0760	10	24		
3539	7.0780	10	24		
3540	7.0800	10	25		
3541	7.0820	10	26		
3542	7.0840	10	26		
3543	7.0860	10	27		
3544	7.0880	10	28		
3545	7.0900	10	28		
3546	7.0920	10	29		
3547	7.0940	10	30		
3548	7.0960	10	30		
3549	7.0980	10	31		
3550	7.1000	10	32		
3551	7.1020	10	33		
3552	7.1040	10	34		
3553	7.1060	10	34		
3554	7.1080	10	35		
3555	7.1100	10	36		
3556	7.1120	10	36		
3557	7.1140	10	37		
3558	7.1160	10	37		
3559	7.1180	10	38		
3560	7.1200	10	38		
3561	7.1220	10	39		
3562	7.1240	10	40		
3563	7.1260	10	40		
3564	7.1280	10	41		
3565	7.1300	10	42		
3566	7.1320	10	42		
3567	7.1340	10	43		
3568	7.1360	10	43		
3569	7.1380	10	44		
3570	7.1400	10	44		
3571	7.1420	10	45		
3572	7.1440	10	46		
3573	7.1460	10	46		
3574	7.1480	10	46		
3575	7.1500	10	47		
3576	7.1520	10	48		
3577	7.1540	10	48		
3578	7.1560	10	48		
3579	7.1580	10	49		
3580	7.1600	10	50		
3581	7.1620	10	50		
3582	7.1640	10	50		
3583	7.1660	10	51		
3584	7.1680	10	51		
3585	7.1700	10	52		
3586	7.1720	10	52		
3587	7.1740	10	53		
3588	7.1760	10	53		
3589	7.1780	10	54		
3590	7.1800	10	54		
3591	7.1820	10	54		
3592	7.1840	10	55		
3593	7.1860	10	55		
3594	7.1880	10	56		
3595	7.1900	10	56		
3596	7.1920	10	56		
3597	7.1940	10	57		
3598	7.1960	10	57		
3599	7.1980	10	57		
3600	7.2000	10	58		
3601	7.2020	10	58		
3602	7.2040	10	58		
3603	7.2060	10	59		
3604	7.2080	10	59		
3605	7.2100	10	59		
3606	7.2120	10	60		
3607	7.2140	10	60		
3608	7.2160	10	60		
3609	7.2180	10	60		
3610	7.2200	10	61		
3611	7.2220	10	61		
3612	7.2240	10	61		
3613	7.2260	10	61		
3614	7.2280	10	62		
3615	7.2300	10	62		
3616	7.2320	10	62		
3617	7.2340	10	62		
3618	7.2360	10	62		
3619	7.2380	10	62		
3620	7.2400	10	62		
3621	7.2420	10	63		
3622	7.2440	10	63		
3623	7.2460	10	63		
3624	7.2480	10	63		
3625	7.2500	10	63		
3626	7.2520	10	63		
3627	7.2540	10	63		
3628	7.2560	10	64		
3629	7.2580	10	64		
3630	7.2600	10	64		
3631	7.2620	10	64		
3632	7.2640	10	64		
3633	7.2660	10	64		
3634	7.2680	10	64		
3635	7.2700	10	64		
3636	7.2720	10	64		
3637	7.2740	10	64		
3638	7.2760	10	64		
3639	7.2780	10	64		
3640	7.2800	9	64		
3641	7.2820	9	64		
3642	7.2840	9	64		
3643	7.2860	9	64		
3644	7.2880	9	64		
3645	7.2900	9	63		
3646	7.2920	9	63		
3647	7.2940	9	63		
3648	7.2960	9	63		
3649	7.2980	9	63		
3650	7.3000	9	63		
3651	7.3020	8	63		
3652	7.3040	8	62		
3653	7.3060	8	62		
3654	7.3080	9	62		
3655	7.3100	9	62		
3656	7.3120	9	62		
3657	7.3140	9	62		
3658	7.3160	9	62		
3659	7.3180	9	61		
3660	7.3200	9	61		
3661	7.3220	9	61		
3662	7.3240	9	61		
3663	7.3260	9	60		
3664	7.3280	8	60		
3665	7.3300	8	60		
3666	7.3320	8	60		
3667	7.3340	8	60		
3668	7.3360	8	59		
3669	7.3380	8	59		
3670	7.3400	8	59		
3671	7.3420	8	58		
3672	7.3440	8	58		
3673	7.3460	8	58		
3674	7.3480	8	57		
3675	7.3500	8	57		
3676	7.3520	8	57		
3677	7.3540	8	56		
3678	7.3560	8	56		
3679	7.3580	7	56		
3680	7.3600	7	55		
3681	7.3620	7	55		
3682	7.3640	7	54		
3683	7.3660	7	54		
3684	7.3680	7	54		
3685	7.3700	7	53		
3686	7.3720	7	53		
3687	7.3740	7	52		
3688	7.3760	6	52		
3689	7.3780	6	52		
3690	7.3800	6	51		
3691	7.3820	6	51		
3692	7.3840	6	50		
3693	7.3860	6	50		
3694	7.3880	6	49		
3695	7.3900	6	49		
3696	7.3920	6	48		
3697	7.3940	6	48		
3698	7.3960	6	48		
3699	7.3980	6	47		
3700	7.4000	6	46		
3701	7.4020	5	46		
3702	7.4040	5	45		
3703	7.4060	5	45		
3704	7.4080	5	44		
3705	7.4100	5	44		
3706	7.4120	5	43		
3707	7.4140	5	42		
3708	7.4160	5	42		
3709	7.4180	5	42		
3710	7.4200	4	41		
3711	7.4220	4	40		
3712	7.4240	4	40		
3713	7.4260	4	39		
3714	7.4280	4	38		
3715	7.4300	4	38		
3716	7.4320	4	37		
3717	7.4340	4	37		
3718	7.4360	4	36		
3719	7.4380	4	36		
3720	7.4400	4	35		
3721	7.4420	4	34		
3722	7.4440	4	34		
3723	7.4460	3	33		
3724	7.4480	3	32		
3725	7.4500	3	32		
3726	7.4520	3	31		
3727	7.4540	3	30		
3728	7.4560	3	30		
3729	7.4580	3	29		
3730	7.4600	3	28		
3731	7.4620	3	28		
3732	7.4640	2	27		
3733	7.4660	2	26		
3734	7.4680	2	26		
3735	7.4700	2	25		
3736	7.4720	2	24		
3737	7.4740	2	24		
3738	7.4760	2	23		
3739	7.4780	2	22		
3740	7.4800	2	22		
3741	7.4820	2	21		
3742	7.4840	2	20		
3743	7.4860	2	20		
3744	7.4880	2	19		
3745	7.4900	2	18		
3746	7.4920	1	17		
3747	7.4940	1	16		
3748	7.4960	1	16		
3749	7.4980	1	15		
3750	7.5000	1	14		
3751	7.5020	1	13		
3752	7.5040	1	12		
3753	7.5060	1	12		
3754	7.5080	1	11		
3755	7.5100	1	10		
3756	7.5120	0	10		
3757	7.5140	0	9		
3758	7.5160	0	8		
3759	7.5180	0	7		
3760	7.5200	0	7		
3761	7.5220	0	6		
3762	7.5240	0	5		
3763	7.5260	0	4		
3764	7.5280	0	4		
3765	7.5300	0	3		
3766	7.5320	0	2		
3767	7.5340	0	1		
3768	7.5360	0	1		
3769	7.5380	0	0		
3770	7.5400	0	-1		
3771	7.5420	0	-2		
3772	7.5440	0	-2		
3773	7.5460	-1	-3		
3774	7.5480	-1	-4		
3775	7.5500	-1	-5		
3776	7.5520	-1	-6		
3777	7.5540	-1	-6		
3778	7.5560	-1	-7		
3779	7.5580	-1	-8		
3780	7.5600	-1	-8		
3781	7.5620	-1	-9		
3782	7.5640	-1	-10		
3783	7.5660	-1	-10		
3784	7.5680	-1	-11		
3785	7.5700	-1	-12		
3786	7.5720	-2	-13		
3787	7.5740	-2	-14		
3788	7.5760	-2	-14		
3789	7.5780	-2	-15		
3790	7.5800	-2	-16		
3791	7.5820	-2	-16		
3792	7.5840	-2	-17		
3793	7.5860	-2	-18		
3794	7.5880	-2	-19		
3795	7.5900	-2	-20		
3796	7.5920	-2	-20		
3797	7.5940	-2	-21		
3798	7.5960	-2	-22		
3799	7.5980	-2	-22		
3800	7.6000	-2	-23		
3801	7.6020	-2	-24		
3802	7.6040	-2	-25		
3803	7.6060	-2	-26		
3804	7.6080	-2	-26		
3805	7.6100	-2	-27		
3806	7.6120	-2	-28		
3807	7.6140	-2	-28		
3808	7.6160	-2	-29		
3809	7.6180	-2	-30		
3810	7.6200	-2	-30		
3811	7.6220	-2	-31		
3812	7.6240	-2	-32		
3813	7.6260	-2	-32		
3814	7.6280	-2	-33		
3815	7.6300	-2	-34		
3816	7.6320	-2	-34		
3817	7.6340	-3	-35		
3818	7.6360	-3	-35		
3819	7.6380	-3	-36		
3820	7.6400	-3	-37		
3821	7.6420	-3	-37		
3822	7.6440	-3	-38		
3823	7.6460	-3	-38		
3824	7.6480	-3	-39		
3825	7.6500	-3	-40		
3826	7.6520	-3	-40		
3827	7.6540	-3	-41		
3828	7.6560	-3	-42		
3829	7.6580	-3	-42		
3830	7.6600	-3	-43		
3831	7.6620	-3	-43		
3832	7.6640	-3	-44		
3833	7.6660	-3	-44		
3834	7.6680	-3	-45		
3835	7.6700	-3	-45		
3836	7.6720	-3	-46		
3837	7.6740	-3	-46		
3838	7.6760	-3	-47		
3839	7.6780	-3	-48		
3840	7.6800	-3	-48		
3841	7.6820	-3	-48		
3842	7.6840	-3	-49		
3843	7.6860	-3	-50		
3844	7.6880	-3	-50		
3845	7.6900	-3	-50		
3846	7.6920	-3	-51		
3847	7.6940	-3	-51		
3848	7.6960	-3	-52		
3849	7.6980	-3	-52		
3850	7.7000	-3	-53		
3851	7.7020	-3	-53		
3852	7.7040	-3	-54		
3853	7.7060	-3	-54		
3854	7.7080	-3	-54		
3855	7.7100	-3	-55		
3856	7.7120	-3	-55		
3857	7.7140	-3	-56		
3858	7.7160	-3	-56		
3859	7.7180	-3	-56		
3860	7.7200	-3	-57		
3861	7.7220	-3	-57		
3862	7.7240	-3	-58		
3863	7.7260	-2	-58		
3864	7.7280	-2	-58		
3865	7.7300	-2	-58		
3866	7.7320	-2	-59		
3867	7.7340	-2	-59		
3868	7.7360	-2	-59		
3869	7.7380	-2	-60		
3870	7.7400	-2	-60		
3871	7.7420	-2	-60		
3872	7.7440	-2	-60		
3873	7.7460	-2	-61		
3874	7.7480	-2	-61		
3875	7.7500	-2	-61		
3876	7.7520	-2	-62		
3877	7.7540	-2	-62		
3878	7.7560	-2	-62		
3879	7.7580	-2	-62		
3880	7.7600	-2	-62		
3881	7.7620	-2	-62		
3882	7.7640	-2	-63		
3883	7.7660	-2	-63		
3884	7.7680	-2	-63		
3885	7.7700	-2	-63		
3886	7.7720	-2	-63		
3887	7.7740	-2	-63		
3888	7.7760	-2	-64		
3889	7.7780	-2	-64		
3890	7.7800	-2	-64		
3891	7.7820	-2	-64		
3892	7.7840	-2	-64		
3893	7.7860	-1	-64		
3894	7.7880	-1	-64		
3895	7.7900	-1	-64		
3896	7.7920	-1	-64		
3897	7.7940	-1	-64		
3898	7.7960	-1	-64		
3899	7.7980	-1	-64		
3900	7.8000	-1	-64		
3901	7.8020	-1	-64		
3902	7.8040	-1	-64		
3903	7.8060	-1	-64		
3904	7.8080	-1	-64		
3905	7.8100	-1	-64		
3906	7.8120	0	-64		
3907	7.8140	0	-64		
3908	7.8160	0	-64		
3909	7.8180	0	-64		
3910	7.8200	0	-64		
3911	7.8220	0	-64		
3912	7.8240	0	-64		
3913	7.8260	0	-64		
3914	7.8280	0	-64		
3915	7.8300	0	-63		
3916	7.8320	0	-63		
3917	7.8340	0	-63		
3918	7.8360	0	-63		
3919	7.8380	0	-63		
3920	7.8400	0	-62		
3921	7.8420	0	-62		
3922	7.8440	0	-62		
3923	7.8460	1	-62		
3924	7.8480	1	-62		
3925	7.8500	1	-62		
3926	7.8520	1	-61		
3927	7.8540	1	-61		
3928	7.8560	1	-61		
3929	7.8580	1	-61		
3930	7.8600	1	-60		
3931	7.8620	1	-60		
3932	7.8640	1	-60		
3933	7.8660	2	-60		
3934	7.8680	2	-59		
3935	7.8700	2	-59		
3936	7.8720	2	-59		
3937	7.8740	2	-58		
3938	7.8760	2	-58		
3939	7.8780	2	-58		
3940	7.8800	2	-57		
3941	7.8820	2	-57		
3942	7.8840	2	-57		
3943	7.8860	2	-56		
3944	7.8880	2	-56		
3945	7.8900	2	-56		
3946	7.8920	2	-55		
3947	7.8940	2	-55		
3948	7.8960	3	-54		
3949	7.8980	3	-54		
3950	7.9000	3	-54		
3951	7.9020	3	-53		
3952	7.9040	3	-52		
3953	7.9060	3	-52		
3954	7.9080	3	-52		
3955	7.9100	3	-51		
3956	7.9120	4	-51		
3957	7.9140	4	-50		
3958	7.9160	4	-50		
3959	7.9180	4	-49		
3960	7.9200	4	-49		
3961	7.9220	4	-48		
3962	7.9240	4	-48		
3963	7.9260	4	-47		
3964	7.9280	4	-47		
3965	7.9300	4	-46		
3966	7.9320	4	-46		
3967	7.9340	4	-45		
3968	7.9360	4	-44		
3969	7.9380	5	-44		
3970	7.9400	5	-43		
3971	7.9420	5	-43		
3972	7.9440	5	-42		
3973	7.9460	5	-42		
3974	7.9480	5	-41		
3975	7.9500	5	-40		
3976	7.9520	5	-40		
3977	7.9540	5	-39		
3978	7.9560	6	-39		
3979	7.9580	6	-38		
3980	7.9600	6	-38		
3981	7.9620	6	-37		
3982	7.9640	6	-36		
3983	7.9660	6	-36		
3984	7.9680	6	-35		
3985	7.9700	6	-34		
3986	7.9720	6	-34		
3987	7.9740	6	-33		
3988	7.9760	6	-32		
3989	7.9780	6	-32		
3990	7.9800	6	-31		
3991	7.9820	6	-30		
3992	7.9840	7	-30		
3993	7.9860	7	-29		
3994	7.9880	7	-28		
3995	7.9900	7	-28		
3996	7.9920	7	-27		
3997	7.9940	7	-26		
3998	7.9960	7	-26		
3999	7.9980	7	-25		
4000	8.0000	8	-24		
4001	8.0020	8	-23		
4002	8.0040	8	-22		
4003	8.0060	8	-22		
4004	8.0080	8	-21		
4005	8.0100	8	-20		
4006	8.0120	8	-20		
4007	8.0140	8	-19		
4008	8.0160	8	-18		
4009	8.0180	8	-17		
4010	8.0200	8	-16		
4011	8.0220	8	-16		
4012	8.0240	8	-15		
4013	8.0260	8	-14		
4014	8.0280	8	-14		
4015	8.0300	9	-13		
4016	8.0320	9	-12		
4017	8.0340	9	-11		
4018	8.0360	9	-10		
4019	8.0380	9	-10		
4020	8.0400	9	-9		
4021	8.0420	9	-8		
4022	8.0440	9	-8		
4023	8.0460	9	-7		
4024	8.0480	9	-6		
4025	8.0500	8	-5		
4026	8.0520	8	-4		
4027	8.0540	8	-4		
4028	8.0560	8	-3		
4029	8.0580	9	-2		
4030	8.0600	9	-2		
4031	8.0620	9	-1		
4032	8.0640	9	0		
4033	8.0660	9	1		
4034	8.0680	9	2		
4035	8.0700	9	2		
4036	8.0720	9	3		
4037	8.0740	9	4		
4038	8.0760	9	5		
4039	8.0780	9	5		
4040	8.0800	10	6		
4041	8.0820	10	7		
4042	8.0840	10	8		
4043	8.0860	10	8		
4044	8.0880	10	9		
4045	8.0900	10	10		
4046	8.0920	10	11		
4047	8.0940	10	12		
4048	8.0960	10	12		
4049	8.0980	10	13		
4050	8.1000	10	14		
4051	8.1020	10	15		
4052	8.1040	10	16		
4053	8.1060	10	16		
4054	8.1080	10	17		
4055	8.1100	10	18		
4056	8.1120	10	18		
4057	8.1140	10	19		
4058	8.1160	10	20		
4059	8.1180	10	21		
4060	8.1200	10	22		
4061	8.1220	10	22		
4062	8.1240	10	23		
4063	8.1260	10	24		
4064	8.1280	10	24		
4065	8.1300	10	25		
4066	8.1320	10	26		
4067	8.1340	10	26		
4068	8.1360	10	27		
4069	8.1380	10	28		
4070	8.1400	10	28		
4071	8.1420	10	29		
4072	8.1440	10	30		
4073	8.1460	10	30		
4074	8.1480	10	31		
4075	8.1500	10	32		
4076	8.1520	10	32		
4077	8.1540	10	33		
4078	8.1560	10	34		
4079	8.1580	10	34		
4080	8.1600	10	35		
4081	8.1620	10	36		
4082	8.1640	10	36		
4083	8.1660	10	37		
4084	8.1680	10	38		
4085	8.1700	10	38		
4086	8.1720	10	39		
4087	8.1740	10	40		
4088	8.1760	10	40		
4089	8.1780	10	41		
4090	8.1800	10	41		
4091	8.1820	10	42		
4092	8.1840	10	42		
4093	8.1860	10	43		
4094	8.1880	10	44		
4095	8.1900	10	44		
4096	8.1920	10	45		
4097	8.1940	10	45		
4098	8.1960	10	46		
4099	8.1980	10	46		
4100	8.2000	10	47		
4101	8.2020	10	48		
4102	8.2040	10	48		
4103	8.2060	10	48		
4104	8.2080	10	49		
4105	8.2100	10	50		
4106	8.2120	10	50		
4107	8.2140	10	50		
4108	8.2160	10	51		
4109	8.2180	10	51		
4110	8.2200	10	52		
4111	8.2220	10	52		
4112	8.2240	10	53		
4113	8.2260	10	53		
4114	8.2280	10	54		
4115	8.2300	10	54		
4116	8.2320	10	54		
4117	8.2340	10	55		
4118	8.2360	10	55		
4119	8.2380	10	56		
4120	8.2400	10	56		
4121	8.2420	10	56		
4122	8.2440	10	57		
4123	8.2460	10	57		
4124	8.2480	10	57		
4125	8.2500	10	58		
4126	8.2520	10	58		
4127	8.2540	10	58		
4128	8.2560	10	59		
4129	8.2580	10	59		
4130	8.2600	10	59		
4131	8.2620	10	60		
4132	8.2640	10	60		
4133	8.2660	10	60		
4134	8.2680	10	60		
4135	8.2700	10	60		
4136	8.2720	10	61		
4137	8.2740	10	61		
4138	8.2760	10	61		
4139	8.2780	10	61		
4140	8.2800	10	62		
4141	8.2820	10	62		
4142	8.2840	10	62		
4143	8.2860	10	62		
4144	8.2880	10	62		
4145	8.2900	10	62		
4146	8.2920	10	62		
4147	8.2940	10	63		
4148	8.2960	10	63		
4149	8.2980	10	63		
4150	8.3000	10	63		
4151	8.3020	10	63		
4152	8.3040	10	63		
4153	8.3060	10	63		
4154	8.3080	10	64		
4155	8.3100	10	64		
4156	8.3120	10	64		
4157	8.3140	10	64		
4158	8.3160	10	64		
4159	8.3180	10	64		
4160	8.3200	10	64		
4161	8.3220	10	64		
4162	8.3240	10	64		
4163	8.3260	10	64		
4164	8.3280	9	64		
4165	8.3300	9	64		
4166	8.3320	9	64		
4167	8.3340	9	64		
4168	8.3360	9	63		
4169	8.3380	9	63		
4170	8.3400	9	63		
4171	8.3420	9	63		
4172	8.3440	9	63		
4173	8.3460	9	63		
4174	8.3480	9	63		
4175	8.3500	9	63		
4176	8.3520	8	62		
4177	8.3540	8	62		
4178	8.3560	8	62		
4179	8.3580	9	62		
4180	8.3600	9	62		
4181	8.3620	9	62		
4182	8.3640	9	62		
4183	8.3660	9	62		
4184	8.3680	9	61		
4185	8.3700	9	61		
4186	8.3720	9	61		
4187	8.3740	9	61		
4188	8.3760	9	60		
4189	8.3780	8	60		
4190	8.3800	8	60		
4191	8.3820	8	60		
4192	8.3840	8	59		
4193	8.3860	8	59		
4194	8.3880	8	59		
4195	8.3900	8	58		
4196	8.3920	8	58		
4197	8.3940	8	58		
4198	8.3960	8	58		
4199	8.3980	8	57		
4200	8.4000	8	57		
4201	8.4020	8	56		
4202	8.4040	8	56		
4203	8.4060	8	56		
4204	8.4080	7	56		
4205	8.4100	7	55		
4206	8.4120	7	55		
4207	8.4140	7	54		
4208	8.4160	7	54		
4209	8.4180	7	54		
4210	8.4200	7	53		
4211	8.4220	7	53		
4212	8.4240	6	52		
4213	8.4260	6	52		
4214	8.4280	6	51		
4215	8.4300	6	51		
4216	8.4320	6	50		
4217	8.4340	6	50		
4218	8.4360	6	50		
4219	8.4380	6	49		
4220	8.4400	6	49		
4221	8.4420	6	48		
4222	8.4440	6	48		
4223	8.4460	6	47		
4224	8.4480	6	47		
4225	8.4500	6	46		
4226	8.4520	5	46		
4227	8.4540	5	45		
4228	8.4560	5	45		
4229	8.4580	5	44		
4230	8.4600	5	44		
4231	8.4620	5	43		
4232	8.4640	5	42		
4233	8.4660	5	42		
4234	8.4680	4	42		
4235	8.4700	4	41		
4236	8.4720	4	40		
4237	8.4740	4	40		
4238	8.4760	4	39		
4239	8.4780	4	38		
4240	8.4800	4	38		
4241	8.4820	4	37		
4242	8.4840	4	37		
4243	8.4860	4	36		
4244	8.4880	4	36		
4245	8.4900	4	35		
4246	8.4920	4	34		
4247	8.4940	4	34		
4248	8.4960	3	33		
4249	8.4980	3	32		
4250	8.5000	3	32		
4251	8.5020	3	31		
4252	8.5040	3	30		
4253	8.5060	3	30		
4254	8.5080	3	29		
4255	8.5100	3	28		
4256	8.5120	2	28		
4257	8.5140	2	27		
4258	8.5160	2	26		
4259	8.5180	2	26		
4260	8.5200	2	25		
4261	8.5220	2	24		
4262	8.5240	2	23		
4263	8.5260	2	23		
4264	8.5280	2	22		
4265	8.5300	2	21		
4266	8.5320	2	20		
4267	8.5340	2	20		
4268	8.5360	2	19		
4269	8.5380	2	18		
4270	8.5400	2	18		
4271	8.5420	1	17		
4272	8.5440	1	16		
4273	8.5460	1	16		
4274	8.5480	1	15		
4275	8.5500	1	14		
4276	8.5520	1	13		
4277	8.5540	1	13		
4278	8.5560	1	12		
4279	8.5580	1	11		
4280	8.5600	0	10		
4281	8.5620	0	10		
4282	8.5640	0	9		
4283	8.5660	0	8		
4284	8.5680	0	8		
4285	8.5700	0	7		
4286	8.5720	0	6		
4287	8.5740	0	5		
4288	8.5760	0	4		
4289	8.5780	0	4		
4290	8.5800	0	3		
4291	8.5820	0	2		
4292	8.5840	0	2		
4293	8.5860	0	1		
4294	8.5880	0	0		
4295	8.5900	0	-1		
4296	8.5920	0	-2		
4297	8.5940	0	-2		
4298	8.5960	-1	-3		
4299	8.5980	-1	-4		
4300	8.6000	-1	-4		
4301	8.6020	-1	-6		
4302	8.6040	-1	-6		
4303	8.6060	-1	-7		
4304	8.6080	-1	-8		
4305	8.6100	-1	-8		
4306	8.6120	-1	-9		
4307	8.6140	-1	-10		
4308	8.6160	-1	-11		
4309	8.6180	-1	-12		
4310	8.6200	-2	-12		
4311	8.6220	-2	-13		
4312	8.6240	-2	-14		
4313	8.6260	-2	-14		
4314	8.6280	-2	-15		
4315	8.6300	-2	-16		
4316	8.6320	-2	-17		
4317	8.6340	-2	-18		
4318	8.6360	-2	-18		
4319	8.6380	-2	-19		
4320	8.6400	-2	-20		
4321	8.6420	-2	-20		
4322	8.6440	-2	-21		
4323	8.6460	-2	-22		
4324	8.6480	-2	-22		
4325	8.6500	-2	-23		
4326	8.6520	-2	-24		
4327	8.6540	-2	-24		
4328	8.6560	-2	-25		
4329	8.6580	-2	-26		
4330	8.6600	-2	-26		
4331	8.6620	-2	-27		
4332	8.6640	-2	-28		
4333	8.6660	-2	-29		
4334	8.6680	-2	-29		
4335	8.6700	-2	-30		
4336	8.6720	-2	-31		
4337	8.6740	-2	-31		
4338	8.6760	-2	-32		
4339	8.6780	-2	-32		
4340	8.6800	-3	-33		
4341	8.6820	-3	-34		
4342	8.6840	-3	-34		
4343	8.6860	-3	-35		
4344	8.6880	-3	-36		
4345	8.6900	-3	-36		
4346	8.6920	-3	-37		
4347	8.6940	-3	-38		
4348	8.6960	-3	-38		
4349	8.6980	-3	-39		
4350	8.7000	-3	-40		
4351	8.7020	-3	-40		
4352	8.7040	-3	-41		
4353	8.7060	-3	-42		
4354	8.7080	-3	-42		
4355	8.7100	-3	-43		
4356	8.7120	-3	-43		
4357	8.7140	-3	-44		
4358	8.7160	-3	-44		
4359	8.7180	-3	-45		
4360	8.7200	-3	-45		
4361	8.7220	-3	-46		
4362	8.7240	-3	-46		
4363	8.7260	-3	-47		
4364	8.7280	-3	-48		
4365	8.7300	-3	-48		
4366	8.7320	-3	-48		
4367	8.7340	-3	-49		
4368	8.7360	-3	-50		
4369	8.7380	-3	-50		
4370	8.7400	-3	-50		
4371	8.7420	-3	-51		
4372	8.7440	-3	-51		
4373	8.7460	-3	-52		
4374	8.7480	-3	-52		
4375	8.7500	-3	-52		
4376	8.7520	-3	-53		
4377	8.7540	-3	-54		
4378	8.7560	-3	-54		
4379	8.7580	-3	-54		
4380	8.7600	-3	-55		
4381	8.7620	-3	-55		
4382	8.7640	-3	-56		
4383	8.7660	-3	-56		
4384	8.7680	-3	-56		
4385	8.7700	-3	-56		
4386	8.7720	-3	-57		
4387	8.7740	-3	-57		
4388	8.7760	-3	-58		
4389	8.7780	-3	-58		
4390	8.7800	-2	-58		
4391	8.7820	-2	-58		
4392	8.7840	-2	-59		
4393	8.7860	-2	-59		
4394	8.7880	-2	-59		
4395	8.7900	-2	-60		
4396	8.7920	-2	-60		
4397	8.7940	-2	-60		
4398	8.7960	-2	-60		
4399	8.7980	-2	-61		
4400	8.8000	-2	-61		
4401	8.8020	-2	-61		
4402	8.8040	-2	-62		
4403	8.8060	-2	-62		
4404	8.8080	-2	-62		
4405	8.8100	-2	-62		
4406	8.8120	-2	-62		
4407	8.8140	-2	-62		
4408	8.8160	-2	-63		
4409	8.8180	-2	-63		
4410	8.8200	-2	-63		
4411	8.8220	-2	-63		
4412	8.8240	-2	-63		
4413	8.8260	-2	-63		
4414	8.8280	-2	-63		
4415	8.8300	-2	-64		
4416	8.8320	-2	-64		
4417	8.8340	-2	-64		
4418	8.8360	-2	-64		
4419	8.8380	-1	-64		
4420	8.8400	-1	-64		
4421	8.8420	-1	-64		
4422	8.8440	-1	-64		
4423	8.8460	-1	-64		
4424	8.8480	-1	-64		
4425	8.8500	-1	-64		
4426	8.8520	-1	-64		
4427	8.8540	-1	-64		
4428	8.8560	-1	-64		
4429	8.8580	-1	-64		
4430	8.8600	-1	-64		
4431	8.8620	-1	-64		
4432	8.8640	0	-64		
4433	8.8660	0	-64		
4434	8.8680	0	-64		
4435	8.8700	0	-64		
4436	8.8720	0	-64		
4437	8.8740	0	-64		
4438	8.8760	0	-63		
4439	8.8780	0	-63		
4440	8.8800	0	-63		
4441	8.8820	0	-63		
4442	8.8840	0	-63		
4443	8.8860	0	-63		
4444	8.8880	0	-62		
4445	8.8900	0	-62		
4446	8.8920	0	-62		
4447	8.8940	0	-62		
4448	8.8960	0	-62		
4449	8.8980	1	-62		
4450	8.9000	1	-62		
4451	8.9020	1	-61		
4452	8.9040	1	-61		
4453	8.9060	1	-61		
4454	8.9080	1	-60		
4455	8.9100	1	-60		
4456	8.9120	1	-60		
4457	8.9140	1	-60		
4458	8.9160	1	-59		
4459	8.9180	2	-59		
4460	8.9200	2	-59		
4461	8.9220	2	-58		
4462	8.9240	2	-58		
4463	8.9260	2	-58		
4464	8.9280	2	-58		
4465	8.9300	2	-57		
4466	8.9320	2	-57		
4467	8.9340	2	-56		
4468	8.9360	2	-56		
4469	8.9380	2	-56		
4470	8.9400	2	-55		
4471	8.9420	2	-55		
4472	8.9440	2	-54		
4473	8.9460	3	-54		
4474	8.9480	3	-54		
4475	8.9500	3	-53		
4476	8.9520	3	-53		
4477	8.9540	3	-52		
4478	8.9560	3	-52		
4479	8.9580	3	-52		
4480	8.9600	3	-51		
4481	8.9620	3	-51		
4482	8.9640	4	-50		
4483	8.9660	4	-50		
4484	8.9680	4	-49		
4485	8.9700	4	-49		
4486	8.9720	4	-48		
4487	8.9740	4	-48		
4488	8.9760	4	-47		
4489	8.9780	4	-47		
4490	8.9800	4	-46		
4491	8.9820	4	-46		
4492	8.9840	4	-45		
4493	8.9860	4	-44		
4494	8.9880	4	-44		
4495	8.9900	4	-44		
4496	8.9920	5	-43		
4497	8.9940	5	-42		
4498	8.9960	5	-42		
4499	8.9980	5	-41		
4500	9.0000	5	-40		
4501	9.0020	5	-40		
4502	9.0040	5	-39		
4503	9.0060	6	-38		
4504	9.0080	6	-38		
4505	9.0100	6	-37		
4506	9.0120	6	-37		
4507	9.0140	6	-36		
4508	9.0160	6	-36		
4509	9.0180	6	-35		
4510	9.0200	6	-34		
4511	9.0220	6	-34		
4512	9.0240	6	-33		
4513	9.0260	6	-32		
4514	9.0280	6	-32		
4515	9.0300	6	-31		
4516	9.0320	6	-30		
4517	9.0340	7	-30		
4518	9.0360	7	-29		
4519	9.0380	7	-28		
4520	9.0400	7	-28		
4521	9.0420	7	-27		
4522	9.0440	7	-26		
4523	9.0460	7	-26		
4524	9.0480	7	-25		
4525	9.0500	7	-24		
4526	9.0520	8	-23		
4527	9.0540	8	-23		
4528	9.0560	8	-22		
4529	9.0580	8	-21		
4530	9.0600	8	-20		
4531	9.0620	8	-20		
4532	9.0640	8	-19		
4533	9.0660	8	-18		
4534	9.0680	8	-18		
4535	9.0700	8	-17		
4536	9.0720	8	-16		
4537	9.0740	8	-15		
4538	9.0760	8	-14		
4539	9.0780	8	-14		
4540	9.0800	8	-13		
4541	9.0820	9	-12		
4542	9.0840	9	-12		
4543	9.0860	9	-11		
4544	9.0880	9	-10		
4545	9.0900	9	-9		
4546	9.0920	9	-9		
4547	9.0940	9	-8		
4548	9.0960	9	-7		
4549	9.0980	9	-6		
4550	9.1000	9	-6		
4551	9.1020	8	-4		
4552	9.1040	8	-4		
4553	9.1060	8	-3		
4554	9.1080	9	-2		
4555	9.1100	9	-1		
4556	9.1120	9	0		
4557	9.1140	9	0		
4558	9.1160	9	1		
4559	9.1180	9	2		
4560	9.1200	9	2		
4561	9.1220	9	3		
4562	9.1240	9	4		
4563	9.1260	9	5		
4564	9.1280	9	6		
4565	9.1300	9	6		
4566	9.1320	10	7		
4567	9.1340	10	8		
4568	9.1360	10	8		
4569	9.1380	10	9		
4570	9.1400	10	10		
4571	9.1420	10	11		
4572	9.1440	10	12		
4573	9.1460	10	12		
4574	9.1480	10	13		
4575	9.1500	10	14		
4576	9.1520	10	14		
4577	9.1540	10	15		
4578	9.1560	10	16		
4579	9.1580	10	17		
4580	9.1600	10	17		
4581	9.1620	10	18		
4582	9.1640	10	19		
4583	9.1660	10	20		
4584	9.1680	10	20		
4585	9.1700	10	21		
4586	9.1720	10	22		
4587	9.1740	10	22		
4588	9.1760	10	23		
4589	9.1780	10	24		
4590	9.1800	10	25		
4591	9.1820	10	25		
4592	9.1840	10	26		
4593	9.1860	10	27		
4594	9.1880	10	28		
4595	9.1900	10	28		
4596	9.1920	10	29		
4597	9.1940	10	30		
4598	9.1960	10	30		
4599	9.1980	10	31		
4600	9.2000	10	32		
4601	9.2020	10	32		
4602	9.2040	10	33		
4603	9.2060	10	34		
4604	9.2080	10	34		
4605	9.2100	10	35		
4606	9.2120	10	36		
4607	9.2140	10	36		
4608	9.2160	10	37		
4609	9.2180	10	38		
4610	9.2200	10	38		
4611	9.2220	10	39		
4612	9.2240	10	39		
4613	9.2260	10	40		
4614	9.2280	10	40		
4615	9.2300	10	41		
4616	9.2320	10	42		
4617	9.2340	10	42		
4618	9.2360	10	43		
4619	9.2380	10	44		
4620	9.2400	10	44		
4621	9.2420	10	44		
4622	9.2440	10	45		
4623	9.2460	10	46		
4624	9.2480	10	46		
4625	9.2500	10	47		
4626	9.2520	10	47		
4627	9.2540	10	48		
4628	9.2560	10	48		
4629	9.2580	10	49		
4630	9.2600	10	49		
4631	9.2620	10	50		
4632	9.2640	10	50		
4633	9.2660	10	50		
4634	9.2680	10	51		
4635	9.2700	10	52		
4636	9.2720	10	52		
4637	9.2740	10	52		
4638	9.2760	10	53		
4639	9.2780	10	53		
4640	9.2800	10	54		
4641	9.2820	10	54		
4642	9.2840	10	54		
4643	9.2860	10	55		
4644	9.2880	10	55		
4645	9.2900	10	56		
4646	9.2920	10	56		
4647	9.2940	10	56		
4648	9.2960	10	57		
4649	9.2980	10	57		
4650	9.3000	10	57		
4651	9.3020	10	58		
4652	9.3040	10	58		
4653	9.3060	10	58		
4654	9.3080	10	59		
4655	9.3100	10	59		
4656	9.3120	10	59		
4657	9.3140	10	60		
4658	9.3160	10	60		
4659	9.3180	10	60		
4660	9.3200	10	60		
4661	9.3220	10	60		
4662	9.3240	10	61		
4663	9.3260	10	61		
4664	9.3280	10	61		
4665	9.3300	10	61		
4666	9.3320	10	62		
4667	9.3340	10	62		
4668	9.3360	10	62		
4669	9.3380	10	62		
4670	9.3400	10	62		
4671	9.3420	10	62		
4672	9.3440	10	62		
4673	9.3460	10	62		
4674	9.3480	10	63		
4675	9.3500	10	63		
4676	9.3520	10	63		
4677	9.3540	10	63		
4678	9.3560	10	63		
4679	9.3580	10	63		
4680	9.3600	10	63		
4681	9.3620	10	63		
4682	9.3640	10	63		
4683	9.3660	10	63		
4684	9.3680	10	63		
4685	9.3700	10	63		
4686	9.3720	10	63		
4687	9.3740	10	63		
4688	9.3760	10	63		
4689	9.3780	9	63		
4690	9.3800	9	63		
4691	9.3820	9	63		
4692	9.3840	9	63		
4693	9.3860	9	63		
4694	9.3880	9	63		
4695	9.3900	9	63		
4696	9.3920	9	63		
4697	9.3940	9	63		
4698	9.3960	9	63		
4699	9.3980	9	63		
4700	9.4000	8	62		
4701	9.4020	8	62		
4702	9.4040	8	62		
4703	9.4060	9	62		
4704	9.4080	9	62		
4705	9.4100	9	62		
4706	9.4120	9	62		
4707	9.4140	9	61		
4708	9.4160	9	61		
4709	9.4180	9	61		
4710	9.4200	9	61		
4711	9.4220	9	60		
4712	9.4240	9	60		
4713	9.4260	8	60		
4714	9.4280	8	60		
4715	9.4300	8	60		
4716	9.4320	8	59		
4717	9.4340	8	59		
4718	9.4360	8	59		
4719	9.4380	8	58		
4720	9.4400	8	58		
4721	9.4420	8	58		
4722	9.4440	8	58		
4723	9.4460	8	57		
4724	9.4480	8	57		
4725	9.4500	8	57		
4726	9.4520	8	56		
4727	9.4540	8	56		
4728	9.4560	7	56		
4729	9.4580	7	55		
4730	9.4600	7	55		
4731	9.4620	7	54		
4732	9.4640	7	54		
4733	9.4660	7	54		
4734	9.4680	7	54		
4735	9.4700	7	53		
4736	9.4720	7	53		
4737	9.4740	6	52		
4738	9.4760	6	52		
4739	9.4780	6	51		
4740	9.4800	6	51		
4741	9.4820	6	50		
4742	9.4840	6	50		
4743	9.4860	6	50		
4744	9.4880	6	49		
4745	9.4900	6	49		
4746	9.4920	6	48		
4747	9.4940	6	48		
4748	9.4960	6	47		
4749	9.4980	6	47		
4750	9.5000	6	46		
4751	9.5020	5	46		
4752	9.5040	5	45		
4753	9.5060	5	44		
4754	9.5080	5	44		
4755	9.5100	5	43		
4756	9.5120	5	43		
4757	9.5140	5	42		
4758	9.5160	5	42		
4759	9.5180	4	41		
4760	9.5200	4	40		
4761	9.5220	4	40		
4762	9.5240	4	40		
4763	9.5260	4	39		
4764	9.5280	4	38		
4765	9.5300	4	38		
4766	9.5320	4	37		
4767	9.5340	4	36		
4768	9.5360	4	36		
4769	9.5380	4	35		
4770	9.5400	4	35		
4771	9.5420	4	34		
4772	9.5440	3	34		
4773	9.5460	3	33		
4774	9.5480	3	32		
4775	9.5500	3	32		
4776	9.5520	3	31		
4777	9.5540	3	30		
4778	9.5560	3	30		
4779	9.5580	3	29		
4780	9.5600	3	28		
4781	9.5620	2	28		
4782	9.5640	2	27		
4783	9.5660	2	26		
4784	9.5680	2	26		
4785	9.5700	2	25		
4786	9.5720	2	24		
4787	9.5740	2	24		
4788	9.5760	2	23		
4789	9.5780	2	22		
4790	9.5800	2	22		
4791	9.5820	2	21		
4792	9.5840	2	20		
4793	9.5860	2	19		
4794	9.5880	2	19		
4795	9.5900	1	18		
4796	9.5920	1	17		
4797	9.5940	1	16		
4798	9.5960	1	16		
4799	9.5980	1	15		
4800	9.6000	1	14		
4801	9.6020	1	13		
4802	9.6040	1	12		
4803	9.6060	1	12		
4804	9.6080	0	11		
4805	9.6100	0	10		
4806	9.6120	0	10		
4807	9.6140	0	9		
4808	9.6160	0	8		
4809	9.6180	0	7		
4810	9.6200	0	6		
4811	9.6220	0	6		
4812	9.6240	0	5		
4813	9.6260	0	4		
4814	9.6280	0	4		
4815	9.6300	0	3		
4816	9.6320	0	2		
4817	9.6340	0	1		
4818	9.6360	0	1		
4819	9.6380	0	0		
4820	9.6400	0	-1		
4821	9.6420	0	-2		
4822	9.6440	-1	-2		
4823	9.6460	-1	-3		
4824	9.6480	-1	-4		
4825	9.6500	-1	-5		
4826	9.6520	-1	-5		
4827	9.6540	-1	-6		
4828	9.6560	-1	-7		
4829	9.6580	-1	-8		
4830	9.6600	-1	-8		
4831	9.6620	-1	-9		
4832	9.6640	-1	-10		
4833	9.6660	-1	-10		
4834	9.6680	-2	-11		
4835	9.6700	-2	-12		
4836	9.6720	-2	-13		
4837	9.6740	-2	-14		
4838	9.6760	-2	-14		
4839	9.6780	-2	-15		
4840	9.6800	-2	-16		
4841	9.6820	-2	-16		
4842	9.6840	-2	-17		
4843	9.6860	-2	-18		
4844	9.6880	-2	-19		
4845	9.6900	-2	-19		
4846	9.6920	-2	-20		
4847	9.6940	-2	-21		
4848	9.6960	-2	-22		
4849	9.6980	-2	-22		
4850	9.7000	-2	-23		
4851	9.7020	-2	-24		
4852	9.7040	-2	-25		
4853	9.7060	-2	-25		
4854	9.7080	-2	-26		
4855	9.7100	-2	-27		
4856	9.7120	-2	-27		
4857	9.7140	-2	-28		
4858	9.7160	-2	-29		
4859	9.7180	-2	-30		
4860	9.7200	-2	-30		
4861	9.7220	-2	-31		
4862	9.7240	-2	-31		
4863	9.7260	-2	-32		
4864	9.7280	-3	-33		
4865	9.7300	-3	-33		
4866	9.7320	-3	-34		
4867	9.7340	-3	-34		
4868	9.7360	-3	-35		
4869	9.7380	-3	-36		
4870	9.7400	-3	-36		
4871	9.7420	-3	-37		
4872	9.7440	-3	-38		
4873	9.7460	-3	-38		
4874	9.7480	-3	-39		
4875	9.7500	-3	-40		
4876	9.7520	-3	-40		
4877	9.7540	-3	-41		
4878	9.7560	-3	-41		
4879	9.7580	-3	-42		
4880	9.7600	-3	-42		
4881	9.7620	-3	-43		
4882	9.7640	-3	-44		
4883	9.7660	-3	-44		
4884	9.7680	-3	-44		
4885	9.7700	-3	-45		
4886	9.7720	-3	-46		
4887	9.7740	-3	-46		
4888	9.7760	-3	-47		
4889	9.7780	-3	-47		
4890	9.7800	-3	-48		
4891	9.7820	-3	-48		
4892	9.7840	-3	-49		
4893	9.7860	-3	-49		
4894	9.7880	-3	-50		
4895	9.7900	-3	-50		
4896	9.7920	-3	-50		
4897	9.7940	-3	-51		
4898	9.7960	-3	-52		
4899	9.7980	-3	-52		
4900	9.8000	-3	-52		
4901	9.8020	-3	-53		
4902	9.8040	-3	-53		
4903	9.8060	-3	-54		
4904	9.8080	-3	-54		
4905	9.8100	-3	-54		
4906	9.8120	-3	-55		
4907	9.8140	-3	-55		
4908	9.8160	-3	-56		
4909	9.8180	-3	-56		
4910	9.8200	-3	-56		
4911	9.8220	-3	-57		
4912	9.8240	-3	-57		
4913	9.8260	-3	-58		
4914	9.8280	-3	-58		
4915	9.8300	-3	-58		
4916	9.8320	-2	-58		
4917	9.8340	-2	-59		
4918	9.8360	-2	-59		
4919	9.8380	-2	-59		
4920	9.8400	-2	-60		
4921	9.8420	-2	-60		
4922	9.8440	-2	-60		
4923	9.8460	-2	-60		
4924	9.8480	-2	-60		
4925	9.8500	-2	-61		
4926	9.8520	-2	-61		
4927	9.8540	-2	-61		
4928	9.8560	-2	-62		
4929	9.8580	-2	-62		
4930	9.8600	-2	-62		
4931	9.8620	-2	-62		
4932	9.8640	-2	-62		
4933	9.8660	-2	-62		
4934	9.8680	-2	-62		
4935	9.8700	-2	-63		
4936	9.8720	-2	-63		
4937	9.8740	-2	-63		
4938	9.8760	-2	-63		
4939	9.8780	-2	-63		
4940	9.8800	-2	-63		
4941	9.8820	-2	-63		
4942	9.8840	-2	-64		
4943	9.8860	-2	-64		
4944	9.8880	-2	-64		
4945	9.8900	-1	-64		
4946	9.8920	-1	-64		
4947	9.8940	-1	-64		
4948	9.8960	-1	-64		
4949	9.8980	-1	-64		
4950	9.9000	-1	-64		
4951	9.9020	-1	-64		
4952	9.9040	-1	-64		
4953	9.9060	-1	-64		
4954	9.9080	-1	-64		
4955	9.9100	-1	-64		
4956	9.9120	-1	-64		
4957	9.9140	0	-64		
4958	9.9160	0	-64		
4959	9.9180	0	-64		
4960	9.9200	0	-64		
4961	9.9220	0	-63		
4962	9.9240	0	-63		
4963	9.9260	0	-63		
4964	9.9280	0	-63		
4965	9.9300	0	-63		
4966	9.9320	0	-63		
4967	9.9340	0	-63		
4968	9.9360	0	-62		
4969	9.9380	0	-62		
4970	9.9400	0	-62		
4971	9.9420	0	-62		
4972	9.9440	0	-62		
4973	9.9460	0	-62		
4974	9.9480	1	-61		
4975	9.9500	1	-61		
4976	9.9520	1	-61		
4977	9.9540	1	-61		
4978	9.9560	1	-60		
4979	9.9580	1	-60		
4980	9.9600	1	-60		
4981	9.9620	1	-60		
4982	9.9640	1	-60		
4983	9.9660	1	-59		
4984	9.9680	2	-59		
4985	9.9700	2	-59		
4986	9.9720	2	-58		
4987	9.9740	2	-58		
4988	9.9760	2	-58		
4989	9.9780	2	-57		
4990	9.9800	2	-57		
4991	9.9820	2	-57		
4992	9.9840	2	-56		
4993	9.9860	2	-56		
4994	9.9880	2	-56		
4995	9.9900	2	-55		
4996	9.9920	2	-55		
4997	9.9940	2	-54		
4998	9.9960	3	-54		
4999	9.9980	3	-54		
5000	10.0000	3	-53		
