#	time(s)	count A	count B	count C	count D
1	0.0020	8	-56		
2	0.0040	8	-56		
3	0.0060	9	-56		
4	0.0080	9	-56		
5	0.0100	9	-56		
6	0.0120	9	-56		
7	0.0140	9	-56		
8	0.0160	9	-56		
9	0.0180	9	-56		
10	0.0200	9	-56		
11	0.0220	9	-56		
12	0.0240	9	-56		
13	0.0260	9	-56		
14	0.0280	9	-56		
15	0.0300	9	-56		
16	0.0320	8	-56		
17	0.0340	8	-56		
18	0.0360	8	-56		
19	0.0380	8	-56		
20	0.0400	8	-56		
21	0.0420	8	-56		
22	0.0440	9	-56		
23	0.0460	9	-56		
24	0.0480	9	-56		
25	0.0500	9	-55		
26	0.0520	9	-55		
27	0.0540	9	-55		
28	0.0560	9	-55		
29	0.0580	9	-55		
30	0.0600	9	-54		
31	0.0620	9	-54		
32	0.0640	9	-54		
33	0.0660	9	-54		
34	0.0680	9	-54		
35	0.0700	9	-53		
36	0.0720	9	-53		
37	0.0740	9	-53		
38	0.0760	9	-53		
39	0.0780	9	-52		
40	0.0800	9	-52		
41	0.0820	9	-52		
42	0.0840	9	-52		
43	0.0860	9	-51		
44	0.0880	9	-51		
45	0.0900	9	-50		
46	0.0920	9	-50		
47	0.0940	9	-50		
48	0.0960	9	-50		
49	0.0980	9	-49		
50	0.1000	9	-49		
51	0.1020	9	-48		
52	0.1040	9	-48		
53	0.1060	9	-48		
54	0.1080	9	-47		
55	0.1100	9	-47		
56	0.1120	9	-46		
57	0.1140	9	-46		
58	0.1160	9	-46		
59	0.1180	9	-45		
60	0.1200	9	-45		
61	0.1220	9	-44		
62	0.1240	9	-44		
63	0.1260	9	-44		
64	0.1280	9	-43		
65	0.1300	9	-42		
66	0.1320	9	-42		
67	0.1340	9	-42		
68	0.1360	9	-41		
69	0.1380	9	-41		
70	0.1400	9	-40		
71	0.1420	9	-40		
72	0.1440	9	-39		
73	0.1460	9	-39		
74	0.1480	9	-38		
75	0.1500	9	-38		
76	0.1520	9	-37		
77	0.1540	9	-36		
78	0.1560	9	-36		
79	0.1580	9	-36		
80	0.1600	9	-35		
81	0.1620	9	-34		
82	0.1640	9	-34		
83	0.1660	9	-33		
84	0.1680	9	-33		
85	0.1700	9	-32		
86	0.1720	9	-32		
87	0.1740	9	-31		
88	0.1760	9	-30		
89	0.1780	9	-30		
90	0.1800	9	-29		
91	0.1820	9	-28		
92	0.1840	8	-28		
93	0.1860	8	-27		
94	0.1880	8	-27		
95	0.1900	8	-26		
96	0.1920	8	-26		
97	0.1940	9	-25		
98	0.1960	9	-24		
99	0.1980	9	-24		
100	0.2000	9	-23		
101	0.2020	9	-22		
102	0.2040	9	-21		
103	0.2060	9	-20		
104	0.2080	9	-20		
105	0.2100	9	-19		
106	0.2120	9	-18		
107	0.2140	9	-18		
108	0.2160	9	-17		
109	0.2180	9	-16		
110	0.2200	9	-16		
111	0.2220	8	-15		
112	0.2240	8	-14		
113	0.2260	8	-14		
114	0.2280	8	-13		
115	0.2300	8	-12		
116	0.2320	8	-12		
117	0.2340	8	-11		
118	0.2360	8	-10		
119	0.2380	8	-10		
120	0.2400	8	-9		
121	0.2420	8	-8		
122	0.2440	8	-8		
123	0.2460	8	-7		
124	0.2480	8	-6		
125	0.2500	8	-6		
126	0.2520	8	-5		
127	0.2540	8	-4		
128	0.2560	8	-3		
129	0.2580	8	-2		
130	0.2600	8	-2		
131	0.2620	8	-1		
132	0.2640	8	0		
133	0.2660	8	0		
134	0.2680	8	1		
135	0.2700	8	2		
136	0.2720	8	2		
137	0.2740	8	3		
138	0.2760	8	4		
139	0.2780	8	4		
140	0.2800	8	5		
141	0.2820	8	6		
142	0.2840	7	6		
143	0.2860	7	7		
144	0.2880	7	8		
145	0.2900	7	9		
146	0.2920	7	10		
147	0.2940	7	10		
148	0.2960	7	11		
149	0.2980	7	12		
150	0.3000	7	12		
151	0.3020	6	13		
152	0.3040	6	14		
153	0.3060	6	14		
154	0.3080	6	15		
155	0.3100	6	16		
156	0.3120	6	16		
157	0.3140	6	17		
158	0.3160	6	18		
159	0.3180	6	19		
160	0.3200	6	19		
161	0.3220	6	20		
162	0.3240	6	21		
163	0.3260	6	21		
164	0.3280	5	22		
165	0.3300	5	23		
166	0.3320	5	23		
167	0.3340	5	24		
168	0.3360	5	24		
169	0.3380	5	25		
170	0.3400	5	26		
171	0.3420	5	26		
172	0.3440	4	27		
173	0.3460	4	28		
174	0.3480	4	28		
175	0.3500	4	29		
176	0.3520	4	30		
177	0.3540	4	30		
178	0.3560	4	31		
179	0.3580	4	31		
180	0.3600	4	32		
181	0.3620	4	32		
182	0.3640	4	33		
183	0.3660	4	34		
184	0.3680	4	34		
185	0.3700	3	35		
186	0.3720	3	35		
187	0.3740	3	36		
188	0.3760	3	36		
189	0.3780	3	37		
190	0.3800	3	38		
191	0.3820	3	38		
192	0.3840	3	38		
193	0.3860	2	39		
194	0.3880	2	40		
195	0.3900	2	40		
196	0.3920	2	40		
197	0.3940	2	41		
198	0.3960	2	42		
199	0.3980	2	42		
200	0.4000	2	42		
201	0.4020	2	43		
202	0.4040	2	44		
203	0.4060	2	44		
204	0.4080	2	44		
205	0.4100	2	45		
206	0.4120	2	45		
207	0.4140	1	46		
208	0.4160	1	46		
209	0.4180	1	46		
210	0.4200	1	47		
211	0.4220	1	47		
212	0.4240	1	48		
213	0.4260	1	48		
214	0.4280	1	48		
215	0.4300	0	49		
216	0.4320	0	49		
217	0.4340	0	50		
218	0.4360	0	50		
219	0.4380	0	50		
220	0.4400	0	50		
221	0.4420	0	51		
222	0.4440	0	51		
223	0.4460	0	51		
224	0.4480	0	52		
225	0.4500	0	52		
226	0.4520	0	52		
227	0.4540	0	52		
228	0.4560	0	53		
229	0.4580	0	53		
230	0.4600	-1	53		
231	0.4620	-1	53		
232	0.4640	-1	54		
233	0.4660	-1	54		
234	0.4680	-1	54		
235	0.4700	-1	54		
236	0.4720	-1	54		
237	0.4740	-1	54		
238	0.4760	-1	55		
239	0.4780	-1	55		
240	0.4800	-1	55		
241	0.4820	-2	55		
242	0.4840	-2	55		
243	0.4860	-2	55		
244	0.4880	-2	56		
245	0.4900	-2	56		
246	0.4920	-2	56		
247	0.4940	-2	56		
248	0.4960	-2	56		
249	0.4980	-2	56		
250	0.5000	-2	56		
251	0.5020	-2	56		
252	0.5040	-2	56		
253	0.5060	-2	56		
254	0.5080	-2	56		
255	0.5100	-2	56		
256	0.5120	-2	56		
257	0.5140	-2	56		
258	0.5160	-2	56		
259	0.5180	-2	56		
260	0.5200	-2	56		
261	0.5220	-3	56		
262	0.5240	-3	56		
263	0.5260	-3	56		
264	0.5280	-3	56		
265	0.5300	-3	56		
266	0.5320	-3	56		
267	0.5340	-3	56		
268	0.5360	-3	55		
269	0.5380	-3	55		
270	0.5400	-3	55		
271	0.5420	-3	55		
272	0.5440	-3	55		
273	0.5460	-3	55		
274	0.5480	-3	54		
275	0.5500	-3	54		
276	0.5520	-3	54		
277	0.5540	-3	54		
278	0.5560	-3	54		
279	0.5580	-4	54		
280	0.5600	-4	54		
281	0.5620	-4	53		
282	0.5640	-4	53		
283	0.5660	-4	53		
284	0.5680	-4	52		
285	0.5700	-4	52		
286	0.5720	-4	52		
287	0.5740	-4	52		
288	0.5760	-4	52		
289	0.5780	-4	51		
290	0.5800	-4	51		
291	0.5820	-4	51		
292	0.5840	-4	50		
293	0.5860	-4	50		
294	0.5880	-4	50		
295	0.5900	-4	49		
296	0.5920	-4	49		
297	0.5940	-4	49		
298	0.5960	-4	48		
299	0.5980	-4	48		
300	0.6000	-4	48		
301	0.6020	-4	47		
302	0.6040	-4	47		
303	0.6060	-4	46		
304	0.6080	-4	46		
305	0.6100	-4	46		
306	0.6120	-4	45		
307	0.6140	-4	45		
308	0.6160	-4	44		
309	0.6180	-4	44		
310	0.6200	-4	44		
311	0.6220	-4	43		
312	0.6240	-4	43		
313	0.6260	-4	42		
314	0.6280	-4	42		
315	0.6300	-4	41		
316	0.6320	-4	41		
317	0.6340	-4	40		
318	0.6360	-4	40		
319	0.6380	-4	39		
320	0.6400	-4	39		
321	0.6420	-4	38		
322	0.6440	-4	38		
323	0.6460	-4	37		
324	0.6480	-4	37		
325	0.6500	-4	36		
326	0.6520	-4	36		
327	0.6540	-4	35		
328	0.6560	-4	35		
329	0.6580	-4	34		
330	0.6600	-4	34		
331	0.6620	-4	33		
332	0.6640	-4	33		
333	0.6660	-4	32		
334	0.6680	-3	32		
335	0.6700	-3	31		
336	0.6720	-3	30		
337	0.6740	-3	30		
338	0.6760	-3	29		
339	0.6780	-3	29		
340	0.6800	-3	28		
341	0.6820	-3	27		
342	0.6840	-3	27		
343	0.6860	-3	26		
344	0.6880	-3	26		
345	0.6900	-3	25		
346	0.6920	-3	24		
347	0.6940	-3	24		
348	0.6960	-3	23		
349	0.6980	-3	22		
350	0.7000	-3	22		
351	0.7020	-3	21		
352	0.7040	-2	20		
353	0.7060	-2	20		
354	0.7080	-2	19		
355	0.7100	-2	18		
356	0.7120	-2	18		
357	0.7140	-2	17		
358	0.7160	-2	16		
359	0.7180	-2	16		
360	0.7200	-2	15		
361	0.7220	-2	14		
362	0.7240	-2	14		
363	0.7260	-2	13		
364	0.7280	-2	12		
365	0.7300	-2	12		
366	0.7320	-2	11		
367	0.7340	-2	10		
368	0.7360	-2	10		
369	0.7380	-2	9		
370	0.7400	-2	8		
371	0.7420	-2	7		
372	0.7440	-1	7		
373	0.7460	-1	6		
374	0.7480	-1	5		
375	0.7500	-1	5		
376	0.7520	-1	4		
377	0.7540	-1	3		
378	0.7560	-1	2		
379	0.7580	-1	2		
380	0.7600	-1	1		
381	0.7620	-1	0		
382	0.7640	-1	0		
383	0.7660	0	-1		
384	0.7680	0	-2		
385	0.7700	0	-2		
386	0.7720	0	-3		
387	0.7740	0	-4		
388	0.7760	0	-4		
389	0.7780	0	-5		
390	0.7800	0	-6		
391	0.7820	0	-6		
392	0.7840	0	-7		
393	0.7860	0	-8		
394	0.7880	0	-8		
395	0.7900	0	-9		
396	0.7920	0	-10		
397	0.7940	0	-11		
398	0.7960	1	-11		
399	0.7980	1	-12		
400	0.8000	1	-13		
401	0.8020	1	-14		
402	0.8040	1	-14		
403	0.8060	1	-15		
404	0.8080	1	-16		
405	0.8100	1	-16		
406	0.8120	1	-17		
407	0.8140	2	-18		
408	0.8160	2	-18		
409	0.8180	2	-19		
410	0.8200	2	-20		
411	0.8220	2	-20		
412	0.8240	2	-21		
413	0.8260	2	-22		
414	0.8280	2	-22		
415	0.8300	2	-23		
416	0.8320	2	-24		
417	0.8340	2	-24		
418	0.8360	2	-25		
419	0.8380	2	-26		
420	0.8400	2	-26		
421	0.8420	3	-27		
422	0.8440	3	-28		
423	0.8460	3	-28		
424	0.8480	3	-29		
425	0.8500	3	-29		
426	0.8520	3	-30		
427	0.8540	3	-30		
428	0.8560	3	-31		
429	0.8580	4	-32		
430	0.8600	4	-32		
431	0.8620	4	-33		
432	0.8640	4	-33		
433	0.8660	4	-34		
434	0.8680	4	-34		
435	0.8700	4	-35		
436	0.8720	4	-36		
437	0.8740	4	-36		
438	0.8760	4	-37		
439	0.8780	4	-37		
440	0.8800	4	-38		
441	0.8820	4	-38		
442	0.8840	5	-39		
443	0.8860	5	-39		
444	0.8880	5	-40		
445	0.8900	5	-40		
446	0.8920	5	-41		
447	0.8940	5	-41		
448	0.8960	5	-42		
449	0.8980	5	-42		
450	0.9000	5	-42		
451	0.9020	6	-43		
452	0.9040	6	-44		
453	0.9060	6	-44		
454	0.9080	6	-44		
455	0.9100	6	-45		
456	0.9120	6	-46		
457	0.9140	6	-46		
458	0.9160	6	-46		
459	0.9180	6	-47		
460	0.9200	6	-47		
461	0.9220	6	-48		
462	0.9240	6	-48		
463	0.9260	6	-48		
464	0.9280	7	-49		
465	0.9300	7	-49		
466	0.9320	7	-49		
467	0.9340	7	-50		
468	0.9360	7	-50		
469	0.9380	7	-50		
470	0.9400	7	-50		
471	0.9420	7	-51		
472	0.9440	7	-51		
473	0.9460	7	-52		
474	0.9480	8	-52		
475	0.9500	8	-52		
476	0.9520	8	-52		
477	0.9540	8	-53		
478	0.9560	8	-53		
479	0.9580	8	-53		
480	0.9600	8	-53		
481	0.9620	8	-54		
482	0.9640	8	-54		
483	0.9660	8	-54		
484	0.9680	8	-54		
485	0.9700	8	-54		
486	0.9720	8	-55		
487	0.9740	8	-55		
488	0.9760	8	-55		
489	0.9780	8	-55		
490	0.9800	8	-55		
491	0.9820	8	-56		
492	0.9840	8	-56		
493	0.9860	8	-56		
494	0.9880	8	-56		
495	0.9900	8	-56		
496	0.9920	8	-56		
497	0.9940	8	-56		
498	0.9960	8	-56		
499	0.9980	8	-56		
500	1.0000	8	-56		
501	1.0020	8	-56		
502	1.0040	8	-56		
503	1.0060	8	-56		
504	1.0080	8	-57		
505	1.0100	8	-57		
506	1.0120	8	-57		
507	1.0140	9	-57		
508	1.0160	9	-57		
509	1.0180	9	-57		
510	1.0200	9	-57		
511	1.0220	9	-56		
512	1.0240	9	-56		
513	1.0260	9	-56		
514	1.0280	9	-56		
515	1.0300	9	-56		
516	1.0320	9	-56		
517	1.0340	9	-56		
518	1.0360	9	-56		
519	1.0380	9	-56		
520	1.0400	9	-56		
521	1.0420	9	-56		
522	1.0440	9	-56		
523	1.0460	9	-56		
524	1.0480	8	-55		
525	1.0500	8	-55		
526	1.0520	8	-55		
527	1.0540	8	-55		
528	1.0560	8	-55		
529	1.0580	8	-54		
530	1.0600	8	-54		
531	1.0620	8	-54		
532	1.0640	9	-54		
533	1.0660	9	-54		
534	1.0680	9	-54		
535	1.0700	9	-53		
536	1.0720	9	-53		
537	1.0740	9	-53		
538	1.0760	9	-52		
539	1.0780	9	-52		
540	1.0800	9	-52		
541	1.0820	9	-52		
542	1.0840	9	-51		
543	1.0860	9	-51		
544	1.0880	9	-51		
545	1.0900	9	-50		
546	1.0920	9	-50		
547	1.0940	9	-50		
548	1.0960	9	-49		
549	1.0980	9	-49		
550	1.1000	9	-49		
551	1.1020	9	-48		
552	1.1040	9	-48		
553	1.1060	9	-47		
554	1.1080	9	-47		
555	1.1100	9	-46		
556	1.1120	9	-46		
557	1.1140	9	-46		
558	1.1160	9	-45		
559	1.1180	9	-45		
560	1.1200	9	-44		
561	1.1220	9	-44		
562	1.1240	9	-44		
563	1.1260	9	-43		
564	1.1280	9	-43		
565	1.1300	9	-42		
566	1.1320	9	-42		
567	1.1340	9	-41		
568	1.1360	9	-41		
569	1.1380	9	-40		
570	1.1400	9	-40		
571	1.1420	9	-39		
572	1.1440	9	-39		
573	1.1460	9	-38		
574	1.1480	9	-38		
575	1.1500	9	-37		
576	1.1520	9	-37		
577	1.1540	9	-36		
578	1.1560	9	-36		
579	1.1580	9	-35		
580	1.1600	9	-34		
581	1.1620	8	-34		
582	1.1640	8	-33		
583	1.1660	8	-33		
584	1.1680	8	-32		
585	1.1700	8	-32		
586	1.1720	8	-31		
587	1.1740	8	-30		
588	1.1760	8	-30		
589	1.1780	9	-29		
590	1.1800	9	-28		
591	1.1820	9	-28		
592	1.1840	9	-27		
593	1.1860	9	-27		
594	1.1880	9	-26		
595	1.1900	9	-26		
596	1.1920	9	-25		
597	1.1940	9	-24		
598	1.1960	9	-24		
599	1.1980	9	-23		
600	1.2000	9	-22		
601	1.2020	9	-21		
602	1.2040	9	-20		
603	1.2060	9	-20		
604	1.2080	8	-19		
605	1.2100	8	-18		
606	1.2120	8	-18		
607	1.2140	8	-17		
608	1.2160	8	-16		
609	1.2180	8	-16		
610	1.2200	8	-15		
611	1.2220	8	-14		
612	1.2240	8	-14		
613	1.2260	8	-13		
614	1.2280	8	-12		
615	1.2300	8	-12		
616	1.2320	8	-11		
617	1.2340	8	-10		
618	1.2360	8	-10		
619	1.2380	8	-9		
620	1.2400	8	-8		
621	1.2420	8	-8		
622	1.2440	8	-7		
623	1.2460	8	-6		
624	1.2480	8	-6		
625	1.2500	8	-5		
626	1.2520	8	-4		
627	1.2540	8	-3		
628	1.2560	8	-2		
629	1.2580	8	-2		
630	1.2600	8	-1		
631	1.2620	8	0		
632	1.2640	8	0		
633	1.2660	8	1		
634	1.2680	8	2		
635	1.2700	8	2		
636	1.2720	8	3		
637	1.2740	7	4		
638	1.2760	7	4		
639	1.2780	7	5		
640	1.2800	7	6		
641	1.2820	7	6		
642	1.2840	7	7		
643	1.2860	7	8		
644	1.2880	7	9		
645	1.2900	7	10		
646	1.2920	6	10		
647	1.2940	6	11		
648	1.2960	6	12		
649	1.2980	6	12		
650	1.3000	6	13		
651	1.3020	6	14		
652	1.3040	6	14		
653	1.3060	6	15		
654	1.3080	6	16		
655	1.3100	6	16		
656	1.3120	6	17		
657	1.3140	6	18		
658	1.3160	6	19		
659	1.3180	6	19		
660	1.3200	5	20		
661	1.3220	5	21		
662	1.3240	5	21		
663	1.3260	5	22		
664	1.3280	5	23		
665	1.3300	5	23		
666	1.3320	5	24		
667	1.3340	5	25		
668	1.3360	4	25		
669	1.3380	4	26		
670	1.3400	4	26		
671	1.3420	4	27		
672	1.3440	4	28		
673	1.3460	4	28		
674	1.3480	4	29		
675	1.3500	4	30		
676	1.3520	4	30		
677	1.3540	4	31		
678	1.3560	4	31		
679	1.3580	4	32		
680	1.3600	4	32		
681	1.3620	3	33		
682	1.3640	3	34		
683	1.3660	3	34		
684	1.3680	3	35		
685	1.3700	3	36		
686	1.3720	3	36		
687	1.3740	3	36		
688	1.3760	3	37		
689	1.3780	2	38		
690	1.3800	2	38		
691	1.3820	2	38		
692	1.3840	2	39		
693	1.3860	2	40		
694	1.3880	2	40		
695	1.3900	2	41		
696	1.3920	2	41		
697	1.3940	2	42		
698	1.3960	2	42		
699	1.3980	2	42		
700	1.4000	2	43		
701	1.4020	2	44		
702	1.4040	1	44		
703	1.4060	1	45		
704	1.4080	1	45		
705	1.4100	1	46		
706	1.4120	1	46		
707	1.4140	1	46		
708	1.4160	1	47		
709	1.4180	1	47		
710	1.4200	1	48		
711	1.4220	0	48		
712	1.4240	0	48		
713	1.4260	0	48		
714	1.4280	0	49		
715	1.4300	0	49		
716	1.4320	0	50		
717	1.4340	0	50		
718	1.4360	0	50		
719	1.4380	0	50		
720	1.4400	0	51		
721	1.4420	0	51		
722	1.4440	0	52		
723	1.4460	0	52		
724	1.4480	0	52		
725	1.4500	0	52		
726	1.4520	-1	52		
727	1.4540	-1	53		
728	1.4560	-1	53		
729	1.4580	-1	53		
730	1.4600	-1	54		
731	1.4620	-1	54		
732	1.4640	-1	54		
733	1.4660	-1	54		
734	1.4680	-1	54		
735	1.4700	-1	54		
736	1.4720	-2	55		
737	1.4740	-2	55		
738	1.4760	-2	55		
739	1.4780	-2	55		
740	1.4800	-2	55		
741	1.4820	-2	55		
742	1.4840	-2	56		
743	1.4860	-2	56		
744	1.4880	-2	56		
745	1.4900	-2	56		
746	1.4920	-2	56		
747	1.4940	-2	56		
748	1.4960	-2	56		
749	1.4980	-2	56		
750	1.5000	-2	56		
751	1.5020	-2	56		
752	1.5040	-2	56		
753	1.5060	-2	56		
754	1.5080	-2	56		
755	1.5100	-2	56		
756	1.5120	-3	56		
757	1.5140	-3	56		
758	1.5160	-3	56		
759	1.5180	-3	56		
760	1.5200	-3	56		
761	1.5220	-3	56		
762	1.5240	-3	56		
763	1.5260	-3	56		
764	1.5280	-3	56		
765	1.5300	-3	56		
766	1.5320	-3	56		
767	1.5340	-3	56		
768	1.5360	-3	55		
769	1.5380	-3	55		
770	1.5400	-3	55		
771	1.5420	-3	55		
772	1.5440	-4	55		
773	1.5460	-4	55		
774	1.5480	-4	54		
775	1.5500	-4	54		
776	1.5520	-4	54		
777	1.5540	-4	54		
778	1.5560	-4	54		
779	1.5580	-4	54		
780	1.5600	-4	53		
781	1.5620	-4	53		
782	1.5640	-4	53		
783	1.5660	-4	53		
784	1.5680	-4	52		
785	1.5700	-4	52		
786	1.5720	-4	52		
787	1.5740	-4	52		
788	1.5760	-4	51		
789	1.5780	-4	51		
790	1.5800	-4	51		
791	1.5820	-4	50		
792	1.5840	-4	50		
793	1.5860	-4	50		
794	1.5880	-4	50		
795	1.5900	-4	49		
796	1.5920	-4	49		
797	1.5940	-4	48		
798	1.5960	-4	48		
799	1.5980	-4	48		
800	1.6000	-4	48		
801	1.6020	-4	47		
802	1.6040	-4	46		
803	1.6060	-4	46		
804	1.6080	-4	46		
805	1.6100	-4	45		
806	1.6120	-4	45		
807	1.6140	-4	44		
808	1.6160	-4	44		
809	1.6180	-4	44		
810	1.6200	-4	43		
811	1.6220	-4	43		
812	1.6240	-4	42		
813	1.6260	-4	42		
814	1.6280	-4	41		
815	1.6300	-4	41		
816	1.6320	-4	40		
817	1.6340	-4	40		
818	1.6360	-4	40		
819	1.6380	-4	39		
820	1.6400	-4	38		
821	1.6420	-4	38		
822	1.6440	-4	38		
823	1.6460	-4	37		
824	1.6480	-4	36		
825	1.6500	-4	36		
826	1.6520	-4	35		
827	1.6540	-4	35		
828	1.6560	-4	34		
829	1.6580	-4	34		
830	1.6600	-4	33		
831	1.6620	-4	33		
832	1.6640	-4	32		
833	1.6660	-4	32		
834	1.6680	-4	31		
835	1.6700	-4	30		
836	1.6720	-4	30		
837	1.6740	-4	29		
838	1.6760	-4	29		
839	1.6780	-4	28		
840	1.6800	-3	27		
841	1.6820	-3	27		
842	1.6840	-3	26		
843	1.6860	-3	26		
844	1.6880	-3	25		
845	1.6900	-3	24		
846	1.6920	-3	24		
847	1.6940	-3	23		
848	1.6960	-3	22		
849	1.6980	-3	22		
850	1.7000	-3	21		
851	1.7020	-3	20		
852	1.7040	-3	20		
853	1.7060	-3	19		
854	1.7080	-3	18		
855	1.7100	-2	18		
856	1.7120	-2	17		
857	1.7140	-2	16		
858	1.7160	-2	16		
859	1.7180	-2	15		
860	1.7200	-2	14		
861	1.7220	-2	14		
862	1.7240	-2	13		
863	1.7260	-2	12		
864	1.7280	-2	12		
865	1.7300	-2	11		
866	1.7320	-2	10		
867	1.7340	-2	9		
868	1.7360	-2	9		
869	1.7380	-2	8		
870	1.7400	-2	7		
871	1.7420	-2	7		
872	1.7440	-2	6		
873	1.7460	-2	5		
874	1.7480	-2	4		
875	1.7500	-1	4		
876	1.7520	-1	3		
877	1.7540	-1	2		
878	1.7560	-1	2		
879	1.7580	-1	1		
880	1.7600	-1	0		
881	1.7620	-1	0		
882	1.7640	-1	-1		
883	1.7660	-1	-2		
884	1.7680	-1	-2		
885	1.7700	0	-3		
886	1.7720	0	-4		
887	1.7740	0	-4		
888	1.7760	0	-5		
889	1.7780	0	-6		
890	1.7800	0	-7		
891	1.7820	0	-7		
892	1.7840	0	-8		
893	1.7860	0	-9		
894	1.7880	0	-9		
895	1.7900	0	-10		
896	1.7920	0	-11		
897	1.7940	0	-12		
898	1.7960	0	-12		
899	1.7980	0	-13		
900	1.8000	1	-14		
901	1.8020	1	-15		
902	1.8040	1	-15		
903	1.8060	1	-16		
904	1.8080	1	-17		
905	1.8100	1	-17		
906	1.8120	1	-18		
907	1.8140	1	-19		
908	1.8160	2	-19		
909	1.8180	2	-20		
910	1.8200	2	-21		
911	1.8220	2	-21		
912	1.8240	2	-22		
913	1.8260	2	-22		
914	1.8280	2	-23		
915	1.8300	2	-24		
916	1.8320	2	-24		
917	1.8340	2	-25		
918	1.8360	2	-26		
919	1.8380	2	-26		
920	1.8400	2	-27		
921	1.8420	2	-28		
922	1.8440	3	-28		
923	1.8460	3	-29		
924	1.8480	3	-30		
925	1.8500	3	-30		
926	1.8520	3	-31		
927	1.8540	3	-31		
928	1.8560	3	-32		
929	1.8580	3	-32		
930	1.8600	4	-33		
931	1.8620	4	-34		
932	1.8640	4	-34		
933	1.8660	4	-35		
934	1.8680	4	-35		
935	1.8700	4	-36		
936	1.8720	4	-36		
937	1.8740	4	-37		
938	1.8760	4	-38		
939	1.8780	4	-38		
940	1.8800	4	-38		
941	1.8820	4	-39		
942	1.8840	4	-40		
943	1.8860	5	-40		
944	1.8880	5	-40		
945	1.8900	5	-41		
946	1.8920	5	-42		
947	1.8940	5	-42		
948	1.8960	5	-42		
949	1.8980	5	-43		
950	1.9000	5	-43		
951	1.9020	6	-44		
952	1.9040	6	-44		
953	1.9060	6	-45		
954	1.9080	6	-45		
955	1.9100	6	-46		
956	1.9120	6	-46		
957	1.9140	6	-46		
958	1.9160	6	-47		
959	1.9180	6	-48		
960	1.9200	6	-48		
961	1.9220	6	-48		
962	1.9240	6	-48		
963	1.9260	6	-49		
964	1.9280	6	-49		
965	1.9300	7	-50		
966	1.9320	7	-50		
967	1.9340	7	-50		
968	1.9360	7	-50		
969	1.9380	7	-51		
970	1.9400	7	-51		
971	1.9420	7	-52		
972	1.9440	7	-52		
973	1.9460	7	-52		
974	1.9480	8	-52		
975	1.9500	8	-53		
976	1.9520	8	-53		
977	1.9540	8	-53		
978	1.9560	8	-54		
979	1.9580	8	-54		
980	1.9600	8	-54		
981	1.9620	8	-54		
982	1.9640	8	-54		
983	1.9660	8	-54		
984	1.9680	8	-55		
985	1.9700	8	-55		
986	1.9720	8	-55		
987	1.9740	8	-55		
988	1.9760	8	-56		
989	1.9780	8	-56		
990	1.9800	8	-56		
991	1.9820	8	-56		
992	1.9840	8	-56		
993	1.9860	8	-56		
994	1.9880	8	-56		
995	1.9900	8	-56		
996	1.9920	8	-56		
997	1.9940	8	-56		
998	1.9960	8	-57		
999	1.9980	8	-57		
1000	2.0000	8	-57		
1001	2.0020	8	-57		
1002	2.0040	8	-57		
1003	2.0060	8	-57		
1004	2.0080	8	-57		
1005	2.0100	8	-57		
1006	2.0120	8	-57		
1007	2.0140	9	-57		
1008	2.0160	9	-57		
1009	2.0180	9	-57		
1010	2.0200	9	-57		
1011	2.0220	9	-57		
1012	2.0240	9	-57		
1013	2.0260	9	-57		
1014	2.0280	9	-57		
1015	2.0300	9	-56		
1016	2.0320	9	-56		
1017	2.0340	9	-56		
1018	2.0360	9	-56		
1019	2.0380	9	-56		
1020	2.0400	9	-56		
1021	2.0420	9	-56		
1022	2.0440	9	-56		
1023	2.0460	8	-56		
1024	2.0480	8	-56		
1025	2.0500	8	-55		
1026	2.0520	8	-55		
1027	2.0540	8	-55		
1028	2.0560	8	-55		
1029	2.0580	8	-54		
1030	2.0600	8	-54		
1031	2.0620	9	-54		
1032	2.0640	9	-54		
1033	2.0660	9	-54		
1034	2.0680	9	-54		
1035	2.0700	9	-53		
1036	2.0720	9	-53		
1037	2.0740	9	-53		
1038	2.0760	9	-52		
1039	2.0780	9	-52		
1040	2.0800	9	-52		
1041	2.0820	9	-52		
1042	2.0840	9	-51		
1043	2.0860	9	-51		
1044	2.0880	9	-50		
1045	2.0900	9	-50		
1046	2.0920	9	-50		
1047	2.0940	9	-50		
1048	2.0960	9	-49		
1049	2.0980	9	-49		
1050	2.1000	9	-48		
1051	2.1020	9	-48		
1052	2.1040	9	-48		
1053	2.1060	9	-47		
1054	2.1080	9	-47		
1055	2.1100	9	-46		
1056	2.1120	9	-46		
1057	2.1140	9	-46		
1058	2.1160	9	-45		
1059	2.1180	9	-45		
1060	2.1200	9	-44		
1061	2.1220	9	-44		
1062	2.1240	9	-43		
1063	2.1260	9	-43		
1064	2.1280	9	-42		
1065	2.1300	9	-42		
1066	2.1320	9	-41		
1067	2.1340	9	-41		
1068	2.1360	9	-40		
1069	2.1380	9	-40		
1070	2.1400	9	-39		
1071	2.1420	9	-39		
1072	2.1440	9	-38		
1073	2.1460	9	-38		
1074	2.1480	9	-37		
1075	2.1500	9	-37		
1076	2.1520	9	-36		
1077	2.1540	9	-36		
1078	2.1560	9	-35		
1079	2.1580	9	-34		
1080	2.1600	9	-34		
1081	2.1620	8	-33		
1082	2.1640	8	-33		
1083	2.1660	8	-32		
1084	2.1680	8	-32		
1085	2.1700	8	-31		
1086	2.1720	8	-30		
1087	2.1740	8	-30		
1088	2.1760	9	-29		
1089	2.1780	9	-28		
1090	2.1800	9	-28		
1091	2.1820	9	-27		
1092	2.1840	9	-27		
1093	2.1860	9	-26		
1094	2.1880	9	-26		
1095	2.1900	9	-25		
1096	2.1920	9	-24		
1097	2.1940	9	-24		
1098	2.1960	9	-23		
1099	2.1980	9	-22		
1100	2.2000	9	-22		
1101	2.2020	9	-21		
1102	2.2040	9	-20		
1103	2.2060	9	-19		
1104	2.2080	8	-18		
1105	2.2100	8	-18		
1106	2.2120	8	-17		
1107	2.2140	8	-16		
1108	2.2160	8	-16		
1109	2.2180	8	-15		
1110	2.2200	8	-14		
1111	2.2220	8	-14		
1112	2.2240	8	-13		
1113	2.2260	8	-12		
1114	2.2280	8	-12		
1115	2.2300	8	-11		
1116	2.2320	8	-10		
1117	2.2340	8	-10		
1118	2.2360	8	-9		
1119	2.2380	8	-8		
1120	2.2400	8	-8		
1121	2.2420	8	-7		
1122	2.2440	8	-6		
1123	2.2460	8	-6		
1124	2.2480	8	-5		
1125	2.2500	8	-4		
1126	2.2520	8	-3		
1127	2.2540	8	-2		
1128	2.2560	8	-2		
1129	2.2580	8	-1		
1130	2.2600	8	0		
1131	2.2620	8	0		
1132	2.2640	8	1		
1133	2.2660	8	2		
1134	2.2680	8	2		
1135	2.2700	8	3		
1136	2.2720	7	4		
1137	2.2740	7	4		
1138	2.2760	7	5		
1139	2.2780	7	6		
1140	2.2800	7	7		
1141	2.2820	7	7		
1142	2.2840	7	8		
1143	2.2860	7	9		
1144	2.2880	7	10		
1145	2.2900	6	10		
1146	2.2920	6	11		
1147	2.2940	6	12		
1148	2.2960	6	12		
1149	2.2980	6	13		
1150	2.3000	6	14		
1151	2.3020	6	15		
1152	2.3040	6	15		
1153	2.3060	6	16		
1154	2.3080	6	17		
1155	2.3100	6	17		
1156	2.3120	6	18		
1157	2.3140	6	19		
1158	2.3160	6	20		
1159	2.3180	5	20		
1160	2.3200	5	21		
1161	2.3220	5	22		
1162	2.3240	5	22		
1163	2.3260	5	23		
1164	2.3280	5	24		
1165	2.3300	5	24		
1166	2.3320	5	25		
1167	2.3340	4	25		
1168	2.3360	4	26		
1169	2.3380	4	26		
1170	2.3400	4	27		
1171	2.3420	4	28		
1172	2.3440	4	28		
1173	2.3460	4	29		
1174	2.3480	4	30		
1175	2.3500	4	30		
1176	2.3520	4	31		
1177	2.3540	4	32		
1178	2.3560	4	32		
1179	2.3580	4	33		
1180	2.3600	4	33		
1181	2.3620	3	34		
1182	2.3640	3	34		
1183	2.3660	3	35		
1184	2.3680	3	36		
1185	2.3700	3	36		
1186	2.3720	3	37		
1187	2.3740	3	37		
1188	2.3760	3	38		
1189	2.3780	2	38		
1190	2.3800	2	39		
1191	2.3820	2	39		
1192	2.3840	2	40		
1193	2.3860	2	40		
1194	2.3880	2	41		
1195	2.3900	2	41		
1196	2.3920	2	42		
1197	2.3940	2	42		
1198	2.3960	2	43		
1199	2.3980	2	43		
1200	2.4000	2	44		
1201	2.4020	2	44		
1202	2.4040	1	45		
1203	2.4060	1	45		
1204	2.4080	1	46		
1205	2.4100	1	46		
1206	2.4120	1	46		
1207	2.4140	1	47		
1208	2.4160	1	47		
1209	2.4180	1	48		
1210	2.4200	0	48		
1211	2.4220	0	48		
1212	2.4240	0	49		
1213	2.4260	0	49		
1214	2.4280	0	50		
1215	2.4300	0	50		
1216	2.4320	0	50		
1217	2.4340	0	50		
1218	2.4360	0	51		
1219	2.4380	0	51		
1220	2.4400	0	51		
1221	2.4420	0	52		
1222	2.4440	0	52		
1223	2.4460	0	52		
1224	2.4480	0	52		
1225	2.4500	0	53		
1226	2.4520	-1	53		
1227	2.4540	-1	53		
1228	2.4560	-1	54		
1229	2.4580	-1	54		
1230	2.4600	-1	54		
1231	2.4620	-1	54		
1232	2.4640	-1	54		
1233	2.4660	-1	54		
1234	2.4680	-1	55		
1235	2.4700	-1	55		
1236	2.4720	-2	55		
1237	2.4740	-2	55		
1238	2.4760	-2	55		
1239	2.4780	-2	56		
1240	2.4800	-2	56		
1241	2.4820	-2	56		
1242	2.4840	-2	56		
1243	2.4860	-2	56		
1244	2.4880	-2	56		
1245	2.4900	-2	56		
1246	2.4920	-2	56		
1247	2.4940	-2	56		
1248	2.4960	-2	56		
1249	2.4980	-2	56		
1250	2.5000	-2	56		
1251	2.5020	-2	56		
1252	2.5040	-2	56		
1253	2.5060	-2	56		
1254	2.5080	-2	56		
1255	2.5100	-3	56		
1256	2.5120	-3	56		
1257	2.5140	-3	56		
1258	2.5160	-3	56		
1259	2.5180	-3	56		
1260	2.5200	-3	56		
1261	2.5220	-3	56		
1262	2.5240	-3	56		
1263	2.5260	-3	56		
1264	2.5280	-3	56		
1265	2.5300	-3	56		
1266	2.5320	-3	56		
1267	2.5340	-3	56		
1268	2.5360	-3	56		
1269	2.5380	-3	55		
1270	2.5400	-3	55		
1271	2.5420	-4	55		
1272	2.5440	-4	55		
1273	2.5460	-4	55		
1274	2.5480	-4	54		
1275	2.5500	-4	54		
1276	2.5520	-4	54		
1277	2.5540	-4	54		
1278	2.5560	-4	54		
1279	2.5580	-4	54		
1280	2.5600	-4	53		
1281	2.5620	-4	53		
1282	2.5640	-4	53		
1283	2.5660	-4	53		
1284	2.5680	-4	52		
1285	2.5700	-4	52		
1286	2.5720	-4	52		
1287	2.5740	-4	52		
1288	2.5760	-4	51		
1289	2.5780	-4	51		
1290	2.5800	-4	51		
1291	2.5820	-4	50		
1292	2.5840	-4	50		
1293	2.5860	-4	50		
1294	2.5880	-4	49		
1295	2.5900	-4	49		
1296	2.5920	-4	49		
1297	2.5940	-4	48		
1298	2.5960	-4	48		
1299	2.5980	-4	48		
1300	2.6000	-4	47		
1301	2.6020	-4	47		
1302	2.6040	-4	46		
1303	2.6060	-4	46		
1304	2.6080	-4	46		
1305	2.6100	-4	45		
1306	2.6120	-4	45		
1307	2.6140	-4	44		
1308	2.6160	-4	44		
1309	2.6180	-4	44		
1310	2.6200	-4	43		
1311	2.6220	-4	42		
1312	2.6240	-4	42		
1313	2.6260	-4	42		
1314	2.6280	-4	41		
1315	2.6300	-4	41		
1316	2.6320	-4	40		
1317	2.6340	-4	40		
1318	2.6360	-4	39		
1319	2.6380	-4	39		
1320	2.6400	-4	38		
1321	2.6420	-4	38		
1322	2.6440	-4	37		
1323	2.6460	-4	36		
1324	2.6480	-4	36		
1325	2.6500	-4	36		
1326	2.6520	-4	35		
1327	2.6540	-4	34		
1328	2.6560	-4	34		
1329	2.6580	-4	33		
1330	2.6600	-4	33		
1331	2.6620	-4	32		
1332	2.6640	-4	32		
1333	2.6660	-4	31		
1334	2.6680	-4	30		
1335	2.6700	-4	30		
1336	2.6720	-4	29		
1337	2.6740	-4	29		
1338	2.6760	-4	28		
1339	2.6780	-3	28		
1340	2.6800	-3	27		
1341	2.6820	-3	26		
1342	2.6840	-3	26		
1343	2.6860	-3	25		
1344	2.6880	-3	24		
1345	2.6900	-3	24		
1346	2.6920	-3	23		
1347	2.6940	-3	22		
1348	2.6960	-3	22		
1349	2.6980	-3	21		
1350	2.7000	-3	20		
1351	2.7020	-3	20		
1352	2.7040	-3	19		
1353	2.7060	-3	18		
1354	2.7080	-2	18		
1355	2.7100	-2	17		
1356	2.7120	-2	16		
1357	2.7140	-2	16		
1358	2.7160	-2	15		
1359	2.7180	-2	14		
1360	2.7200	-2	14		
1361	2.7220	-2	13		
1362	2.7240	-2	12		
1363	2.7260	-2	12		
1364	2.7280	-2	11		
1365	2.7300	-2	10		
1366	2.7320	-2	9		
1367	2.7340	-2	9		
1368	2.7360	-2	8		
1369	2.7380	-2	7		
1370	2.7400	-2	7		
1371	2.7420	-2	6		
1372	2.7440	-2	5		
1373	2.7460	-2	5		
1374	2.7480	-1	4		
1375	2.7500	-1	3		
1376	2.7520	-1	2		
1377	2.7540	-1	2		
1378	2.7560	-1	1		
1379	2.7580	-1	0		
1380	2.7600	-1	0		
1381	2.7620	-1	-1		
1382	2.7640	-1	-2		
1383	2.7660	-1	-2		
1384	2.7680	0	-3		
1385	2.7700	0	-4		
1386	2.7720	0	-4		
1387	2.7740	0	-5		
1388	2.7760	0	-6		
1389	2.7780	0	-7		
1390	2.7800	0	-7		
1391	2.7820	0	-8		
1392	2.7840	0	-9		
1393	2.7860	0	-9		
1394	2.7880	0	-10		
1395	2.7900	0	-11		
1396	2.7920	0	-12		
1397	2.7940	0	-12		
1398	2.7960	0	-13		
1399	2.7980	1	-14		
1400	2.8000	1	-14		
1401	2.8020	1	-15		
1402	2.8040	1	-16		
1403	2.8060	1	-17		
1404	2.8080	1	-17		
1405	2.8100	1	-18		
1406	2.8120	1	-19		
1407	2.8140	2	-19		
1408	2.8160	2	-20		
1409	2.8180	2	-21		
1410	2.8200	2	-21		
1411	2.8220	2	-22		
1412	2.8240	2	-23		
1413	2.8260	2	-23		
1414	2.8280	2	-24		
1415	2.8300	2	-24		
1416	2.8320	2	-25		
1417	2.8340	2	-26		
1418	2.8360	2	-26		
1419	2.8380	2	-27		
1420	2.8400	2	-28		
1421	2.8420	3	-28		
1422	2.8440	3	-29		
1423	2.8460	3	-30		
1424	2.8480	3	-30		
1425	2.8500	3	-31		
1426	2.8520	3	-31		
1427	2.8540	3	-32		
1428	2.8560	3	-32		
1429	2.8580	4	-33		
1430	2.8600	4	-34		
1431	2.8620	4	-34		
1432	2.8640	4	-35		
1433	2.8660	4	-35		
1434	2.8680	4	-36		
1435	2.8700	4	-36		
1436	2.8720	4	-37		
1437	2.8740	4	-38		
1438	2.8760	4	-38		
1439	2.8780	4	-39		
1440	2.8800	4	-39		
1441	2.8820	4	-40		
1442	2.8840	4	-40		
1443	2.8860	5	-41		
1444	2.8880	5	-41		
1445	2.8900	5	-42		
1446	2.8920	5	-42		
1447	2.8940	5	-42		
1448	2.8960	5	-43		
1449	2.8980	5	-44		
1450	2.9000	5	-44		
1451	2.9020	6	-44		
1452	2.9040	6	-45		
1453	2.9060	6	-46		
1454	2.9080	6	-46		
1455	2.9100	6	-46		
1456	2.9120	6	-47		
1457	2.9140	6	-47		
1458	2.9160	6	-48		
1459	2.9180	6	-48		
1460	2.9200	6	-48		
1461	2.9220	6	-49		
1462	2.9240	6	-49		
1463	2.9260	6	-50		
1464	2.9280	7	-50		
1465	2.9300	7	-50		
1466	2.9320	7	-50		
1467	2.9340	7	-51		
1468	2.9360	7	-51		
1469	2.9380	7	-51		
1470	2.9400	7	-52		
1471	2.9420	7	-52		
1472	2.9440	7	-52		
1473	2.9460	7	-52		
1474	2.9480	8	-53		
1475	2.9500	8	-53		
1476	2.9520	8	-53		
1477	2.9540	8	-54		
1478	2.9560	8	-54		
1479	2.9580	8	-54		
1480	2.9600	8	-54		
1481	2.9620	8	-54		
1482	2.9640	8	-55		
1483	2.9660	8	-55		
1484	2.9680	8	-55		
1485	2.9700	8	-55		
1486	2.9720	8	-56		
1487	2.9740	8	-56		
1488	2.9760	8	-56		
1489	2.9780	8	-56		
1490	2.9800	8	-56		
1491	2.9820	8	-56		
1492	2.9840	8	-56		
1493	2.9860	8	-56		
1494	2.9880	8	-56		
1495	2.9900	8	-57		
1496	2.9920	8	-57		
1497	2.9940	8	-57		
1498	2.9960	8	-57		
1499	2.9980	8	-57		
1500	3.0000	8	-57		
1501	3.0020	8	-57		
1502	3.0040	8	-57		
1503	3.0060	8	-57		
1504	3.0080	8	-57		
1505	3.0100	8	-57		
1506	3.0120	9	-57		
1507	3.0140	9	-57		
1508	3.0160	9	-57		
1509	3.0180	9	-57		
1510	3.0200	9	-57		
1511	3.0220	9	-57		
1512	3.0240	9	-57		
1513	3.0260	9	-57		
1514	3.0280	9	-57		
1515	3.0300	9	-57		
1516	3.0320	9	-57		
1517	3.0340	9	-56		
1518	3.0360	9	-56		
1519	3.0380	9	-56		
1520	3.0400	9	-56		
1521	3.0420	9	-56		
1522	3.0440	9	-56		
1523	3.0460	8	-56		
1524	3.0480	8	-56		
1525	3.0500	8	-55		
1526	3.0520	8	-55		
1527	3.0540	8	-55		
1528	3.0560	8	-55		
1529	3.0580	8	-54		
1530	3.0600	9	-54		
1531	3.0620	9	-54		
1532	3.0640	9	-54		
1533	3.0660	9	-54		
1534	3.0680	9	-53		
1535	3.0700	9	-53		
1536	3.0720	9	-53		
1537	3.0740	9	-53		
1538	3.0760	9	-52		
1539	3.0780	9	-52		
1540	3.0800	9	-52		
1541	3.0820	9	-52		
1542	3.0840	9	-51		
1543	3.0860	9	-51		
1544	3.0880	9	-50		
1545	3.0900	9	-50		
1546	3.0920	9	-50		
1547	3.0940	9	-49		
1548	3.0960	9	-49		
1549	3.0980	9	-49		
1550	3.1000	9	-48		
1551	3.1020	9	-48		
1552	3.1040	9	-47		
1553	3.1060	9	-47		
1554	3.1080	9	-46		
1555	3.1100	9	-46		
1556	3.1120	9	-46		
1557	3.1140	9	-45		
1558	3.1160	9	-45		
1559	3.1180	9	-44		
1560	3.1200	9	-44		
1561	3.1220	9	-44		
1562	3.1240	9	-43		
1563	3.1260	9	-42		
1564	3.1280	9	-42		
1565	3.1300	9	-42		
1566	3.1320	9	-41		
1567	3.1340	9	-40		
1568	3.1360	9	-40		
1569	3.1380	9	-40		
1570	3.1400	9	-39		
1571	3.1420	9	-38		
1572	3.1440	9	-38		
1573	3.1460	9	-38		
1574	3.1480	9	-37		
1575	3.1500	9	-36		
1576	3.1520	9	-36		
1577	3.1540	9	-35		
1578	3.1560	9	-35		
1579	3.1580	9	-34		
1580	3.1600	8	-34		
1581	3.1620	8	-33		
1582	3.1640	8	-32		
1583	3.1660	8	-32		
1584	3.1680	8	-31		
1585	3.1700	8	-30		
1586	3.1720	8	-30		
1587	3.1740	9	-29		
1588	3.1760	9	-29		
1589	3.1780	9	-28		
1590	3.1800	9	-28		
1591	3.1820	9	-27		
1592	3.1840	9	-26		
1593	3.1860	9	-26		
1594	3.1880	9	-25		
1595	3.1900	9	-24		
1596	3.1920	9	-24		
1597	3.1940	9	-23		
1598	3.1960	9	-22		
1599	3.1980	9	-22		
1600	3.2000	9	-21		
1601	3.2020	9	-20		
1602	3.2040	9	-20		
1603	3.2060	8	-19		
1604	3.2080	8	-18		
1605	3.2100	8	-17		
1606	3.2120	8	-17		
1607	3.2140	8	-16		
1608	3.2160	8	-15		
1609	3.2180	8	-15		
1610	3.2200	8	-14		
1611	3.2220	8	-13		
1612	3.2240	8	-13		
1613	3.2260	8	-12		
1614	3.2280	8	-11		
1615	3.2300	8	-10		
1616	3.2320	8	-10		
1617	3.2340	8	-9		
1618	3.2360	8	-8		
1619	3.2380	8	-8		
1620	3.2400	8	-7		
1621	3.2420	8	-6		
1622	3.2440	8	-6		
1623	3.2460	8	-5		
1624	3.2480	8	-4		
1625	3.2500	8	-3		
1626	3.2520	8	-3		
1627	3.2540	8	-2		
1628	3.2560	8	-1		
1629	3.2580	8	0		
1630	3.2600	8	0		
1631	3.2620	8	1		
1632	3.2640	8	2		
1633	3.2660	8	2		
1634	3.2680	8	3		
1635	3.2700	8	4		
1636	3.2720	7	4		
1637	3.2740	7	5		
1638	3.2760	7	6		
1639	3.2780	7	6		
1640	3.2800	7	7		
1641	3.2820	7	8		
1642	3.2840	7	9		
1643	3.2860	7	10		
1644	3.2880	7	10		
1645	3.2900	6	11		
1646	3.2920	6	12		
1647	3.2940	6	12		
1648	3.2960	6	13		
1649	3.2980	6	14		
1650	3.3000	6	14		
1651	3.3020	6	15		
1652	3.3040	6	16		
1653	3.3060	6	17		
1654	3.3080	6	17		
1655	3.3100	6	18		
1656	3.3120	6	19		
1657	3.3140	6	20		
1658	3.3160	5	20		
1659	3.3180	5	21		
1660	3.3200	5	22		
1661	3.3220	5	22		
1662	3.3240	5	23		
1663	3.3260	5	24		
1664	3.3280	5	24		
1665	3.3300	5	25		
1666	3.3320	5	25		
1667	3.3340	4	26		
1668	3.3360	4	27		
1669	3.3380	4	27		
1670	3.3400	4	28		
1671	3.3420	4	28		
1672	3.3440	4	29		
1673	3.3460	4	30		
1674	3.3480	4	30		
1675	3.3500	4	31		
1676	3.3520	4	32		
1677	3.3540	4	32		
1678	3.3560	4	33		
1679	3.3580	4	33		
1680	3.3600	3	34		
1681	3.3620	3	34		
1682	3.3640	3	35		
1683	3.3660	3	36		
1684	3.3680	3	36		
1685	3.3700	3	37		
1686	3.3720	3	37		
1687	3.3740	3	38		
1688	3.3760	2	38		
1689	3.3780	2	39		
1690	3.3800	2	39		
1691	3.3820	2	40		
1692	3.3840	2	40		
1693	3.3860	2	41		
1694	3.3880	2	41		
1695	3.3900	2	42		
1696	3.3920	2	42		
1697	3.3940	2	43		
1698	3.3960	2	43		
1699	3.3980	2	44		
1700	3.4000	2	44		
1701	3.4020	1	45		
1702	3.4040	1	45		
1703	3.4060	1	46		
1704	3.4080	1	46		
1705	3.4100	1	47		
1706	3.4120	1	47		
1707	3.4140	1	47		
1708	3.4160	1	48		
1709	3.4180	1	48		
1710	3.4200	0	48		
1711	3.4220	0	49		
1712	3.4240	0	49		
1713	3.4260	0	50		
1714	3.4280	0	50		
1715	3.4300	0	50		
1716	3.4320	0	51		
1717	3.4340	0	51		
1718	3.4360	0	51		
1719	3.4380	0	52		
1720	3.4400	0	52		
1721	3.4420	0	52		
1722	3.4440	0	52		
1723	3.4460	0	53		
1724	3.4480	0	53		
1725	3.4500	-1	53		
1726	3.4520	-1	54		
1727	3.4540	-1	54		
1728	3.4560	-1	54		
1729	3.4580	-1	54		
1730	3.4600	-1	54		
1731	3.4620	-1	54		
1732	3.4640	-1	55		
1733	3.4660	-1	55		
1734	3.4680	-1	55		
1735	3.4700	-2	55		
1736	3.4720	-2	55		
1737	3.4740	-2	56		
1738	3.4760	-2	56		
1739	3.4780	-2	56		
1740	3.4800	-2	56		
1741	3.4820	-2	56		
1742	3.4840	-2	56		
1743	3.4860	-2	56		
1744	3.4880	-2	56		
1745	3.4900	-2	56		
1746	3.4920	-2	56		
1747	3.4940	-2	56		
1748	3.4960	-2	56		
1749	3.4980	-2	56		
1750	3.5000	-2	56		
1751	3.5020	-2	57		
1752	3.5040	-2	57		
1753	3.5060	-2	57		
1754	3.5080	-3	57		
1755	3.5100	-3	57		
1756	3.5120	-3	56		
1757	3.5140	-3	56		
1758	3.5160	-3	56		
1759	3.5180	-3	56		
1760	3.5200	-3	56		
1761	3.5220	-3	56		
1762	3.5240	-3	56		
1763	3.5260	-3	56		
1764	3.5280	-3	56		
1765	3.5300	-3	56		
1766	3.5320	-3	56		
1767	3.5340	-3	56		
1768	3.5360	-3	56		
1769	3.5380	-3	56		
1770	3.5400	-3	55		
1771	3.5420	-4	55		
1772	3.5440	-4	55		
1773	3.5460	-4	55		
1774	3.5480	-4	54		
1775	3.5500	-4	54		
1776	3.5520	-4	54		
1777	3.5540	-4	54		
1778	3.5560	-4	54		
1779	3.5580	-4	54		
1780	3.5600	-4	53		
1781	3.5620	-4	53		
1782	3.5640	-4	53		
1783	3.5660	-4	52		
1784	3.5680	-4	52		
1785	3.5700	-4	52		
1786	3.5720	-4	52		
1787	3.5740	-4	52		
1788	3.5760	-4	51		
1789	3.5780	-4	51		
1790	3.5800	-4	51		
1791	3.5820	-4	50		
1792	3.5840	-4	50		
1793	3.5860	-4	50		
1794	3.5880	-4	49		
1795	3.5900	-4	49		
1796	3.5920	-4	48		
1797	3.5940	-4	48		
1798	3.5960	-4	48		
1799	3.5980	-4	48		
1800	3.6000	-4	47		
1801	3.6020	-4	46		
1802	3.6040	-4	46		
1803	3.6060	-4	46		
1804	3.6080	-4	45		
1805	3.6100	-4	45		
1806	3.6120	-4	44		
1807	3.6140	-4	44		
1808	3.6160	-4	44		
1809	3.6180	-4	43		
1810	3.6200	-4	43		
1811	3.6220	-4	42		
1812	3.6240	-4	42		
1813	3.6260	-4	41		
1814	3.6280	-4	41		
1815	3.6300	-4	40		
1816	3.6320	-4	40		
1817	3.6340	-4	39		
1818	3.6360	-4	39		
1819	3.6380	-4	38		
1820	3.6400	-4	38		
1821	3.6420	-4	37		
1822	3.6440	-4	37		
1823	3.6460	-4	36		
1824	3.6480	-4	36		
1825	3.6500	-4	35		
1826	3.6520	-4	35		
1827	3.6540	-4	34		
1828	3.6560	-4	34		
1829	3.6580	-4	33		
1830	3.6600	-4	32		
1831	3.6620	-4	32		
1832	3.6640	-4	31		
1833	3.6660	-4	31		
1834	3.6680	-4	30		
1835	3.6700	-4	30		
1836	3.6720	-4	29		
1837	3.6740	-4	28		
1838	3.6760	-3	28		
1839	3.6780	-3	27		
1840	3.6800	-3	26		
1841	3.6820	-3	26		
1842	3.6840	-3	25		
1843	3.6860	-3	25		
1844	3.6880	-3	24		
1845	3.6900	-3	23		
1846	3.6920	-3	23		
1847	3.6940	-3	22		
1848	3.6960	-3	22		
1849	3.6980	-3	21		
1850	3.7000	-3	20		
1851	3.7020	-3	19		
1852	3.7040	-3	18		
1853	3.7060	-3	18		
1854	3.7080	-2	17		
1855	3.7100	-2	16		
1856	3.7120	-2	16		
1857	3.7140	-2	15		
1858	3.7160	-2	14		
1859	3.7180	-2	14		
1860	3.7200	-2	13		
1861	3.7220	-2	12		
1862	3.7240	-2	12		
1863	3.7260	-2	11		
1864	3.7280	-2	10		
1865	3.7300	-2	10		
1866	3.7320	-2	9		
1867	3.7340	-2	8		
1868	3.7360	-2	8		
1869	3.7380	-2	7		
1870	3.7400	-2	6		
1871	3.7420	-2	6		
1872	3.7440	-2	5		
1873	3.7460	-1	4		
1874	3.7480	-1	3		
1875	3.7500	-1	3		
1876	3.7520	-1	2		
1877	3.7540	-1	1		
1878	3.7560	-1	0		
1879	3.7580	-1	0		
1880	3.7600	-1	-1		
1881	3.7620	-1	-2		
1882	3.7640	-1	-2		
1883	3.7660	0	-3		
1884	3.7680	0	-4		
1885	3.7700	0	-4		
1886	3.7720	0	-5		
1887	3.7740	0	-6		
1888	3.7760	0	-6		
1889	3.7780	0	-7		
1890	3.7800	0	-8		
1891	3.7820	0	-8		
1892	3.7840	0	-9		
1893	3.7860	0	-10		
1894	3.7880	0	-11		
1895	3.7900	0	-11		
1896	3.7920	0	-12		
1897	3.7940	0	-13		
1898	3.7960	1	-14		
1899	3.7980	1	-14		
1900	3.8000	1	-15		
1901	3.8020	1	-16		
1902	3.8040	1	-16		
1903	3.8060	1	-17		
1904	3.8080	1	-18		
1905	3.8100	1	-18		
1906	3.8120	1	-19		
1907	3.8140	2	-20		
1908	3.8160	2	-20		
1909	3.8180	2	-21		
1910	3.8200	2	-22		
1911	3.8220	2	-22		
1912	3.8240	2	-23		
1913	3.8260	2	-24		
1914	3.8280	2	-24		
1915	3.8300	2	-25		
1916	3.8320	2	-26		
1917	3.8340	2	-26		
1918	3.8360	2	-27		
1919	3.8380	2	-28		
1920	3.8400	3	-28		
1921	3.8420	3	-29		
1922	3.8440	3	-30		
1923	3.8460	3	-30		
1924	3.8480	3	-31		
1925	3.8500	3	-31		
1926	3.8520	3	-32		
1927	3.8540	3	-32		
1928	3.8560	4	-33		
1929	3.8580	4	-34		
1930	3.8600	4	-34		
1931	3.8620	4	-35		
1932	3.8640	4	-35		
1933	3.8660	4	-36		
1934	3.8680	4	-36		
1935	3.8700	4	-37		
1936	3.8720	4	-38		
1937	3.8740	4	-38		
1938	3.8760	4	-38		
1939	3.8780	4	-39		
1940	3.8800	4	-40		
1941	3.8820	4	-40		
1942	3.8840	5	-41		
1943	3.8860	5	-41		
1944	3.8880	5	-42		
1945	3.8900	5	-42		
1946	3.8920	5	-42		
1947	3.8940	5	-43		
1948	3.8960	5	-44		
1949	3.8980	5	-44		
1950	3.9000	6	-44		
1951	3.9020	6	-45		
1952	3.9040	6	-46		
1953	3.9060	6	-46		
1954	3.9080	6	-46		
1955	3.9100	6	-47		
1956	3.9120	6	-47		
1957	3.9140	6	-48		
1958	3.9160	6	-48		
1959	3.9180	6	-48		
1960	3.9200	6	-49		
1961	3.9220	6	-49		
1962	3.9240	6	-50		
1963	3.9260	6	-50		
1964	3.9280	7	-50		
1965	3.9300	7	-50		
1966	3.9320	7	-51		
1967	3.9340	7	-51		
1968	3.9360	7	-51		
1969	3.9380	7	-52		
1970	3.9400	7	-52		
1971	3.9420	7	-52		
1972	3.9440	7	-53		
1973	3.9460	8	-53		
1974	3.9480	8	-53		
1975	3.9500	8	-54		
1976	3.9520	8	-54		
1977	3.9540	8	-54		
1978	3.9560	8	-54		
1979	3.9580	8	-54		
1980	3.9600	8	-54		
1981	3.9620	8	-55		
1982	3.9640	8	-55		
1983	3.9660	8	-55		
1984	3.9680	8	-55		
1985	3.9700	8	-56		
1986	3.9720	8	-56		
1987	3.9740	8	-56		
1988	3.9760	8	-56		
1989	3.9780	8	-56		
1990	3.9800	8	-56		
1991	3.9820	8	-56		
1992	3.9840	8	-56		
1993	3.9860	8	-57		
1994	3.9880	8	-57		
1995	3.9900	8	-57		
1996	3.9920	8	-57		
1997	3.9940	8	-57		
1998	3.9960	8	-57		
1999	3.9980	8	-57		
2000	4.0000	8	-57		
2001	4.0020	8	-57		
2002	4.0040	8	-57		
2003	4.0060	8	-57		
2004	4.0080	8	-57		
2005	4.0100	8	-57		
2006	4.0120	9	-57		
2007	4.0140	9	-57		
2008	4.0160	9	-57		
2009	4.0180	9	-57		
2010	4.0200	9	-57		
2011	4.0220	9	-57		
2012	4.0240	9	-57		
2013	4.0260	9	-57		
2014	4.0280	9	-57		
2015	4.0300	9	-57		
2016	4.0320	9	-57		
2017	4.0340	9	-56		
2018	4.0360	9	-56		
2019	4.0380	9	-56		
2020	4.0400	9	-56		
2021	4.0420	9	-56		
2022	4.0440	8	-56		
2023	4.0460	8	-56		
2024	4.0480	8	-56		
2025	4.0500	8	-55		
2026	4.0520	8	-55		
2027	4.0540	8	-55		
2028	4.0560	8	-55		
2029	4.0580	8	-54		
2030	4.0600	9	-54		
2031	4.0620	9	-54		
2032	4.0640	9	-54		
2033	4.0660	9	-54		
2034	4.0680	9	-53		
2035	4.0700	9	-53		
2036	4.0720	9	-53		
2037	4.0740	9	-52		
2038	4.0760	9	-52		
2039	4.0780	9	-52		
2040	4.0800	9	-52		
2041	4.0820	9	-51		
2042	4.0840	9	-51		
2043	4.0860	9	-50		
2044	4.0880	9	-50		
2045	4.0900	9	-50		
2046	4.0920	9	-50		
2047	4.0940	9	-49		
2048	4.0960	9	-49		
2049	4.0980	9	-48		
2050	4.1000	9	-48		
2051	4.1020	9	-48		
2052	4.1040	9	-47		
2053	4.1060	9	-47		
2054	4.1080	9	-46		
2055	4.1100	9	-46		
2056	4.1120	9	-46		
2057	4.1140	9	-45		
2058	4.1160	9	-44		
2059	4.1180	9	-44		
2060	4.1200	9	-44		
2061	4.1220	9	-43		
2062	4.1240	9	-43		
2063	4.1260	9	-42		
2064	4.1280	9	-42		
2065	4.1300	9	-41		
2066	4.1320	9	-41		
2067	4.1340	9	-40		
2068	4.1360	9	-40		
2069	4.1380	9	-39		
2070	4.1400	9	-39		
2071	4.1420	9	-38		
2072	4.1440	9	-38		
2073	4.1460	9	-37		
2074	4.1480	9	-36		
2075	4.1500	9	-36		
2076	4.1520	9	-36		
2077	4.1540	9	-35		
2078	4.1560	9	-34		
2079	4.1580	8	-34		
2080	4.1600	8	-33		
2081	4.1620	8	-32		
2082	4.1640	8	-32		
2083	4.1660	8	-31		
2084	4.1680	8	-31		
2085	4.1700	8	-30		
2086	4.1720	8	-30		
2087	4.1740	9	-29		
2088	4.1760	9	-28		
2089	4.1780	9	-28		
2090	4.1800	9	-27		
2091	4.1820	9	-26		
2092	4.1840	9	-26		
2093	4.1860	9	-25		
2094	4.1880	9	-24		
2095	4.1900	9	-24		
2096	4.1920	9	-23		
2097	4.1940	9	-22		
2098	4.1960	9	-22		
2099	4.1980	9	-21		
2100	4.2000	9	-20		
2101	4.2020	9	-20		
2102	4.2040	8	-19		
2103	4.2060	8	-18		
2104	4.2080	8	-18		
2105	4.2100	8	-17		
2106	4.2120	8	-16		
2107	4.2140	8	-16		
2108	4.2160	8	-15		
2109	4.2180	8	-14		
2110	4.2200	8	-13		
2111	4.2220	8	-13		
2112	4.2240	8	-12		
2113	4.2260	8	-11		
2114	4.2280	8	-11		
2115	4.2300	8	-10		
2116	4.2320	8	-9		
2117	4.2340	8	-8		
2118	4.2360	8	-8		
2119	4.2380	8	-7		
2120	4.2400	8	-6		
2121	4.2420	8	-6		
2122	4.2440	8	-5		
2123	4.2460	8	-4		
2124	4.2480	8	-4		
2125	4.2500	8	-3		
2126	4.2520	8	-2		
2127	4.2540	8	-1		
2128	4.2560	8	-1		
2129	4.2580	8	0		
2130	4.2600	8	1		
2131	4.2620	8	2		
2132	4.2640	8	2		
2133	4.2660	8	3		
2134	4.2680	8	4		
2135	4.2700	7	4		
2136	4.2720	7	5		
2137	4.2740	7	6		
2138	4.2760	7	6		
2139	4.2780	7	7		
2140	4.2800	7	8		
2141	4.2820	7	9		
2142	4.2840	7	10		
2143	4.2860	7	10		
2144	4.2880	6	11		
2145	4.2900	6	12		
2146	4.2920	6	12		
2147	4.2940	6	13		
2148	4.2960	6	14		
2149	4.2980	6	14		
2150	4.3000	6	15		
2151	4.3020	6	16		
2152	4.3040	6	17		
2153	4.3060	6	17		
2154	4.3080	6	18		
2155	4.3100	6	19		
2156	4.3120	6	20		
2157	4.3140	6	20		
2158	4.3160	5	21		
2159	4.3180	5	22		
2160	4.3200	5	22		
2161	4.3220	5	23		
2162	4.3240	5	24		
2163	4.3260	5	24		
2164	4.3280	5	25		
2165	4.3300	5	25		
2166	4.3320	4	26		
2167	4.3340	4	27		
2168	4.3360	4	27		
2169	4.3380	4	28		
2170	4.3400	4	28		
2171	4.3420	4	29		
2172	4.3440	4	30		
2173	4.3460	4	30		
2174	4.3480	4	31		
2175	4.3500	4	32		
2176	4.3520	4	32		
2177	4.3540	4	33		
2178	4.3560	4	33		
2179	4.3580	3	34		
2180	4.3600	3	34		
2181	4.3620	3	35		
2182	4.3640	3	36		
2183	4.3660	3	36		
2184	4.3680	3	37		
2185	4.3700	3	37		
2186	4.3720	3	38		
2187	4.3740	2	38		
2188	4.3760	2	39		
2189	4.3780	2	40		
2190	4.3800	2	40		
2191	4.3820	2	40		
2192	4.3840	2	41		
2193	4.3860	2	42		
2194	4.3880	2	42		
2195	4.3900	2	42		
2196	4.3920	2	43		
2197	4.3940	2	44		
2198	4.3960	2	44		
2199	4.3980	2	44		
2200	4.4000	2	45		
2201	4.4020	1	46		
2202	4.4040	1	46		
2203	4.4060	1	46		
2204	4.4080	1	47		
2205	4.4100	1	47		
2206	4.4120	1	48		
2207	4.4140	1	48		
2208	4.4160	1	48		
2209	4.4180	0	49		
2210	4.4200	0	49		
2211	4.4220	0	49		
2212	4.4240	0	50		
2213	4.4260	0	50		
2214	4.4280	0	50		
2215	4.4300	0	51		
2216	4.4320	0	51		
2217	4.4340	0	51		
2218	4.4360	0	52		
2219	4.4380	0	52		
2220	4.4400	0	52		
2221	4.4420	0	53		
2222	4.4440	0	53		
2223	4.4460	0	53		
2224	4.4480	-1	53		
2225	4.4500	-1	54		
2226	4.4520	-1	54		
2227	4.4540	-1	54		
2228	4.4560	-1	54		
2229	4.4580	-1	54		
2230	4.4600	-1	55		
2231	4.4620	-1	55		
2232	4.4640	-1	55		
2233	4.4660	-1	55		
2234	4.4680	-2	55		
2235	4.4700	-2	56		
2236	4.4720	-2	56		
2237	4.4740	-2	56		
2238	4.4760	-2	56		
2239	4.4780	-2	56		
2240	4.4800	-2	56		
2241	4.4820	-2	56		
2242	4.4840	-2	56		
2243	4.4860	-2	56		
2244	4.4880	-2	56		
2245	4.4900	-2	57		
2246	4.4920	-2	57		
2247	4.4940	-2	57		
2248	4.4960	-2	57		
2249	4.4980	-2	57		
2250	4.5000	-2	57		
2251	4.5020	-2	57		
2252	4.5040	-2	57		
2253	4.5060	-2	57		
2254	4.5080	-3	57		
2255	4.5100	-3	57		
2256	4.5120	-3	57		
2257	4.5140	-3	57		
2258	4.5160	-3	57		
2259	4.5180	-3	56		
2260	4.5200	-3	56		
2261	4.5220	-3	56		
2262	4.5240	-3	56		
2263	4.5260	-3	56		
2264	4.5280	-3	56		
2265	4.5300	-3	56		
2266	4.5320	-3	56		
2267	4.5340	-3	56		
2268	4.5360	-3	56		
2269	4.5380	-3	56		
2270	4.5400	-4	55		
2271	4.5420	-4	55		
2272	4.5440	-4	55		
2273	4.5460	-4	55		
2274	4.5480	-4	55		
2275	4.5500	-4	54		
2276	4.5520	-4	54		
2277	4.5540	-4	54		
2278	4.5560	-4	54		
2279	4.5580	-4	54		
2280	4.5600	-4	53		
2281	4.5620	-4	53		
2282	4.5640	-4	53		
2283	4.5660	-4	52		
2284	4.5680	-4	52		
2285	4.5700	-4	52		
2286	4.5720	-4	52		
2287	4.5740	-4	52		
2288	4.5760	-4	51		
2289	4.5780	-4	51		
2290	4.5800	-4	50		
2291	4.5820	-4	50		
2292	4.5840	-4	50		
2293	4.5860	-4	50		
2294	4.5880	-4	49		
2295	4.5900	-4	49		
2296	4.5920	-4	48		
2297	4.5940	-4	48		
2298	4.5960	-4	48		
2299	4.5980	-4	47		
2300	4.6000	-4	47		
2301	4.6020	-4	46		
2302	4.6040	-4	46		
2303	4.6060	-4	46		
2304	4.6080	-4	45		
2305	4.6100	-4	45		
2306	4.6120	-4	44		
2307	4.6140	-4	44		
2308	4.6160	-4	44		
2309	4.6180	-4	43		
2310	4.6200	-4	42		
2311	4.6220	-4	42		
2312	4.6240	-4	42		
2313	4.6260	-4	41		
2314	4.6280	-4	41		
2315	4.6300	-4	40		
2316	4.6320	-4	40		
2317	4.6340	-4	39		
2318	4.6360	-4	39		
2319	4.6380	-4	38		
2320	4.6400	-4	38		
2321	4.6420	-4	37		
2322	4.6440	-4	36		
2323	4.6460	-4	36		
2324	4.6480	-4	36		
2325	4.6500	-4	35		
2326	4.6520	-4	34		
2327	4.6540	-4	34		
2328	4.6560	-4	33		
2329	4.6580	-4	33		
2330	4.6600	-4	32		
2331	4.6620	-4	32		
2332	4.6640	-4	31		
2333	4.6660	-4	30		
2334	4.6680	-4	30		
2335	4.6700	-4	29		
2336	4.6720	-4	29		
2337	4.6740	-3	28		
2338	4.6760	-3	27		
2339	4.6780	-3	27		
2340	4.6800	-3	26		
2341	4.6820	-3	26		
2342	4.6840	-3	25		
2343	4.6860	-3	24		
2344	4.6880	-3	24		
2345	4.6900	-3	23		
2346	4.6920	-3	22		
2347	4.6940	-3	22		
2348	4.6960	-3	21		
2349	4.6980	-3	20		
2350	4.7000	-3	20		
2351	4.7020	-3	19		
2352	4.7040	-3	18		
2353	4.7060	-2	17		
2354	4.7080	-2	17		
2355	4.7100	-2	16		
2356	4.7120	-2	15		
2357	4.7140	-2	15		
2358	4.7160	-2	14		
2359	4.7180	-2	13		
2360	4.7200	-2	13		
2361	4.7220	-2	12		
2362	4.7240	-2	11		
2363	4.7260	-2	10		
2364	4.7280	-2	10		
2365	4.7300	-2	9		
2366	4.7320	-2	8		
2367	4.7340	-2	8		
2368	4.7360	-2	7		
2369	4.7380	-2	6		
2370	4.7400	-2	6		
2371	4.7420	-2	5		
2372	4.7440	-2	4		
2373	4.7460	-1	4		
2374	4.7480	-1	3		
2375	4.7500	-1	2		
2376	4.7520	-1	2		
2377	4.7540	-1	1		
2378	4.7560	-1	0		
2379	4.7580	-1	-1		
2380	4.7600	-1	-2		
2381	4.7620	-1	-2		
2382	4.7640	-1	-3		
2383	4.7660	0	-4		
2384	4.7680	0	-4		
2385	4.7700	0	-5		
2386	4.7720	0	-6		
2387	4.7740	0	-6		
2388	4.7760	0	-7		
2389	4.7780	0	-8		
2390	4.7800	0	-8		
2391	4.7820	0	-9		
2392	4.7840	0	-10		
2393	4.7860	0	-10		
2394	4.7880	0	-11		
2395	4.7900	0	-12		
2396	4.7920	0	-13		
2397	4.7940	0	-13		
2398	4.7960	1	-14		
2399	4.7980	1	-15		
2400	4.8000	1	-15		
2401	4.8020	1	-16		
2402	4.8040	1	-17		
2403	4.8060	1	-18		
2404	4.8080	1	-18		
2405	4.8100	1	-19		
2406	4.8120	2	-20		
2407	4.8140	2	-20		
2408	4.8160	2	-21		
2409	4.8180	2	-22		
2410	4.8200	2	-22		
2411	4.8220	2	-23		
2412	4.8240	2	-24		
2413	4.8260	2	-24		
2414	4.8280	2	-25		
2415	4.8300	2	-26		
2416	4.8320	2	-26		
2417	4.8340	2	-27		
2418	4.8360	2	-28		
2419	4.8380	2	-28		
2420	4.8400	3	-29		
2421	4.8420	3	-29		
2422	4.8440	3	-30		
2423	4.8460	3	-31		
2424	4.8480	3	-31		
2425	4.8500	3	-32		
2426	4.8520	3	-32		
2427	4.8540	3	-33		
2428	4.8560	4	-34		
2429	4.8580	4	-34		
2430	4.8600	4	-35		
2431	4.8620	4	-35		
2432	4.8640	4	-36		
2433	4.8660	4	-36		
2434	4.8680	4	-37		
2435	4.8700	4	-38		
2436	4.8720	4	-38		
2437	4.8740	4	-38		
2438	4.8760	4	-39		
2439	4.8780	4	-40		
2440	4.8800	4	-40		
2441	4.8820	5	-40		
2442	4.8840	5	-41		
2443	4.8860	5	-42		
2444	4.8880	5	-42		
2445	4.8900	5	-42		
2446	4.8920	5	-43		
2447	4.8940	5	-43		
2448	4.8960	5	-44		
2449	4.8980	6	-44		
2450	4.9000	6	-45		
2451	4.9020	6	-46		
2452	4.9040	6	-46		
2453	4.9060	6	-46		
2454	4.9080	6	-47		
2455	4.9100	6	-47		
2456	4.9120	6	-48		
2457	4.9140	6	-48		
2458	4.9160	6	-48		
2459	4.9180	6	-49		
2460	4.9200	6	-49		
2461	4.9220	6	-50		
2462	4.9240	6	-50		
2463	4.9260	7	-50		
2464	4.9280	7	-50		
2465	4.9300	7	-51		
2466	4.9320	7	-51		
2467	4.9340	7	-52		
2468	4.9360	7	-52		
2469	4.9380	7	-52		
2470	4.9400	7	-52		
2471	4.9420	7	-53		
2472	4.9440	8	-53		
2473	4.9460	8	-53		
2474	4.9480	8	-54		
2475	4.9500	8	-54		
2476	4.9520	8	-54		
2477	4.9540	8	-54		
2478	4.9560	8	-54		
2479	4.9580	8	-55		
2480	4.9600	8	-55		
2481	4.9620	8	-55		
2482	4.9640	8	-55		
2483	4.9660	8	-56		
2484	4.9680	8	-56		
2485	4.9700	8	-56		
2486	4.9720	8	-56		
2487	4.9740	8	-56		
2488	4.9760	8	-56		
2489	4.9780	8	-56		
2490	4.9800	8	-56		
2491	4.9820	8	-57		
2492	4.9840	8	-57		
2493	4.9860	8	-57		
2494	4.9880	8	-57		
2495	4.9900	8	-57		
2496	4.9920	8	-57		
2497	4.9940	8	-57		
2498	4.9960	8	-57		
2499	4.9980	8	-57		
2500	5.0000	8	-57		
2501	5.0020	8	-57		
2502	5.0040	8	-57		
2503	5.0060	8	-57		
2504	5.0080	8	-57		
2505	5.0100	9	-57		
2506	5.0120	9	-57		
2507	5.0140	9	-57		
2508	5.0160	9	-57		
2509	5.0180	9	-57		
2510	5.0200	9	-57		
2511	5.0220	9	-57		
2512	5.0240	9	-57		
2513	5.0260	9	-57		
2514	5.0280	9	-57		
2515	5.0300	9	-57		
2516	5.0320	9	-57		
2517	5.0340	9	-56		
2518	5.0360	9	-56		
2519	5.0380	9	-56		
2520	5.0400	9	-56		
2521	5.0420	8	-56		
2522	5.0440	8	-56		
2523	5.0460	8	-56		
2524	5.0480	8	-56		
2525	5.0500	8	-55		
2526	5.0520	8	-55		
2527	5.0540	8	-55		
2528	5.0560	8	-55		
2529	5.0580	9	-54		
2530	5.0600	9	-54		
2531	5.0620	9	-54		
2532	5.0640	9	-54		
2533	5.0660	9	-54		
2534	5.0680	9	-53		
2535	5.0700	9	-53		
2536	5.0720	9	-53		
2537	5.0740	9	-52		
2538	5.0760	9	-52		
2539	5.0780	9	-52		
2540	5.0800	9	-52		
2541	5.0820	9	-51		
2542	5.0840	9	-51		
2543	5.0860	9	-50		
2544	5.0880	9	-50		
2545	5.0900	9	-50		
2546	5.0920	9	-50		
2547	5.0940	9	-49		
2548	5.0960	9	-49		
2549	5.0980	9	-48		
2550	5.1000	9	-48		
2551	5.1020	9	-47		
2552	5.1040	9	-47		
2553	5.1060	9	-46		
2554	5.1080	9	-46		
2555	5.1100	9	-46		
2556	5.1120	9	-45		
2557	5.1140	9	-45		
2558	5.1160	9	-44		
2559	5.1180	9	-44		
2560	5.1200	9	-44		
2561	5.1220	9	-43		
2562	5.1240	9	-42		
2563	5.1260	9	-42		
2564	5.1280	9	-42		
2565	5.1300	9	-41		
2566	5.1320	9	-40		
2567	5.1340	9	-40		
2568	5.1360	9	-40		
2569	5.1380	9	-39		
2570	5.1400	9	-38		
2571	5.1420	9	-38		
2572	5.1440	9	-37		
2573	5.1460	9	-37		
2574	5.1480	9	-36		
2575	5.1500	9	-36		
2576	5.1520	9	-35		
2577	5.1540	9	-34		
2578	5.1560	9	-34		
2579	5.1580	8	-34		
2580	5.1600	8	-33		
2581	5.1620	8	-32		
2582	5.1640	8	-32		
2583	5.1660	8	-31		
2584	5.1680	8	-30		
2585	5.1700	8	-30		
2586	5.1720	9	-29		
2587	5.1740	9	-28		
2588	5.1760	9	-28		
2589	5.1780	9	-27		
2590	5.1800	9	-27		
2591	5.1820	9	-26		
2592	5.1840	9	-26		
2593	5.1860	9	-25		
2594	5.1880	9	-24		
2595	5.1900	9	-24		
2596	5.1920	9	-23		
2597	5.1940	9	-22		
2598	5.1960	9	-22		
2599	5.1980	9	-21		
2600	5.2000	9	-20		
2601	5.2020	9	-19		
2602	5.2040	8	-18		
2603	5.2060	8	-18		
2604	5.2080	8	-17		
2605	5.2100	8	-16		
2606	5.2120	8	-16		
2607	5.2140	8	-15		
2608	5.2160	8	-14		
2609	5.2180	8	-14		
2610	5.2200	8	-13		
2611	5.2220	8	-12		
2612	5.2240	8	-12		
2613	5.2260	8	-11		
2614	5.2280	8	-10		
2615	5.2300	8	-10		
2616	5.2320	8	-9		
2617	5.2340	8	-8		
2618	5.2360	8	-7		
2619	5.2380	8	-6		
2620	5.2400	8	-6		
2621	5.2420	8	-5		
2622	5.2440	8	-4		
2623	5.2460	8	-4		
2624	5.2480	8	-3		
2625	5.2500	8	-2		
2626	5.2520	8	-2		
2627	5.2540	8	-1		
2628	5.2560	8	0		
2629	5.2580	8	0		
2630	5.2600	8	1		
2631	5.2620	8	2		
2632	5.2640	8	3		
2633	5.2660	8	3		
2634	5.2680	7	4		
2635	5.2700	7	5		
2636	5.2720	7	6		
2637	5.2740	7	6		
2638	5.2760	7	7		
2639	5.2780	7	8		
2640	5.2800	7	8		
2641	5.2820	7	9		
2642	5.2840	7	10		
2643	5.2860	6	10		
2644	5.2880	6	11		
2645	5.2900	6	12		
2646	5.2920	6	13		
2647	5.2940	6	13		
2648	5.2960	6	14		
2649	5.2980	6	15		
2650	5.3000	6	15		
2651	5.3020	6	16		
2652	5.3040	6	17		
2653	5.3060	6	18		
2654	5.3080	6	18		
2655	5.3100	6	19		
2656	5.3120	6	20		
2657	5.3140	5	20		
2658	5.3160	5	21		
2659	5.3180	5	22		
2660	5.3200	5	22		
2661	5.3220	5	23		
2662	5.3240	5	24		
2663	5.3260	5	24		
2664	5.3280	5	25		
2665	5.3300	4	26		
2666	5.3320	4	26		
2667	5.3340	4	27		
2668	5.3360	4	28		
2669	5.3380	4	28		
2670	5.3400	4	29		
2671	5.3420	4	30		
2672	5.3440	4	30		
2673	5.3460	4	31		
2674	5.3480	4	32		
2675	5.3500	4	32		
2676	5.3520	4	33		
2677	5.3540	4	33		
2678	5.3560	4	34		
2679	5.3580	3	34		
2680	5.3600	3	35		
2681	5.3620	3	36		
2682	5.3640	3	36		
2683	5.3660	3	37		
2684	5.3680	3	37		
2685	5.3700	3	38		
2686	5.3720	3	38		
2687	5.3740	2	39		
2688	5.3760	2	39		
2689	5.3780	2	40		
2690	5.3800	2	40		
2691	5.3820	2	41		
2692	5.3840	2	41		
2693	5.3860	2	42		
2694	5.3880	2	42		
2695	5.3900	2	43		
2696	5.3920	2	43		
2697	5.3940	2	44		
2698	5.3960	2	44		
2699	5.3980	2	45		
2700	5.4000	1	45		
2701	5.4020	1	46		
2702	5.4040	1	46		
2703	5.4060	1	47		
2704	5.4080	1	47		
2705	5.4100	1	48		
2706	5.4120	1	48		
2707	5.4140	1	48		
2708	5.4160	0	49		
2709	5.4180	0	49		
2710	5.4200	0	49		
2711	5.4220	0	50		
2712	5.4240	0	50		
2713	5.4260	0	50		
2714	5.4280	0	51		
2715	5.4300	0	51		
2716	5.4320	0	51		
2717	5.4340	0	52		
2718	5.4360	0	52		
2719	5.4380	0	52		
2720	5.4400	0	52		
2721	5.4420	0	53		
2722	5.4440	0	53		
2723	5.4460	-1	53		
2724	5.4480	-1	54		
2725	5.4500	-1	54		
2726	5.4520	-1	54		
2727	5.4540	-1	54		
2728	5.4560	-1	54		
2729	5.4580	-1	55		
2730	5.4600	-1	55		
2731	5.4620	-1	55		
2732	5.4640	-1	55		
2733	5.4660	-1	55		
2734	5.4680	-2	56		
2735	5.4700	-2	56		
2736	5.4720	-2	56		
2737	5.4740	-2	56		
2738	5.4760	-2	56		
2739	5.4780	-2	56		
2740	5.4800	-2	56		
2741	5.4820	-2	56		
2742	5.4840	-2	56		
2743	5.4860	-2	57		
2744	5.4880	-2	57		
2745	5.4900	-2	57		
2746	5.4920	-2	57		
2747	5.4940	-2	57		
2748	5.4960	-2	57		
2749	5.4980	-2	57		
2750	5.5000	-2	57		
2751	5.5020	-2	57		
2752	5.5040	-2	57		
2753	5.5060	-3	57		
2754	5.5080	-3	57		
2755	5.5100	-3	57		
2756	5.5120	-3	57		
2757	5.5140	-3	57		
2758	5.5160	-3	57		
2759	5.5180	-3	57		
2760	5.5200	-3	56		
2761	5.5220	-3	56		
2762	5.5240	-3	56		
2763	5.5260	-3	56		
2764	5.5280	-3	56		
2765	5.5300	-3	56		
2766	5.5320	-3	56		
2767	5.5340	-3	56		
2768	5.5360	-3	56		
2769	5.5380	-4	56		
2770	5.5400	-4	55		
2771	5.5420	-4	55		
2772	5.5440	-4	55		
2773	5.5460	-4	55		
2774	5.5480	-4	54		
2775	5.5500	-4	54		
2776	5.5520	-4	54		
2777	5.5540	-4	54		
2778	5.5560	-4	54		
2779	5.5580	-4	54		
2780	5.5600	-4	53		
2781	5.5620	-4	53		
2782	5.5640	-4	53		
2783	5.5660	-4	52		
2784	5.5680	-4	52		
2785	5.5700	-4	52		
2786	5.5720	-4	52		
2787	5.5740	-4	51		
2788	5.5760	-4	51		
2789	5.5780	-4	51		
2790	5.5800	-4	50		
2791	5.5820	-4	50		
2792	5.5840	-4	50		
2793	5.5860	-4	49		
2794	5.5880	-4	49		
2795	5.5900	-4	49		
2796	5.5920	-4	48		
2797	5.5940	-4	48		
2798	5.5960	-4	48		
2799	5.5980	-4	47		
2800	5.6000	-4	47		
2801	5.6020	-4	46		
2802	5.6040	-4	46		
2803	5.6060	-4	45		
2804	5.6080	-4	45		
2805	5.6100	-4	44		
2806	5.6120	-4	44		
2807	5.6140	-4	44		
2808	5.6160	-4	43		
2809	5.6180	-4	43		
2810	5.6200	-4	42		
2811	5.6220	-4	42		
2812	5.6240	-4	41		
2813	5.6260	-4	41		
2814	5.6280	-4	40		
2815	5.6300	-4	40		
2816	5.6320	-4	39		
2817	5.6340	-4	39		
2818	5.6360	-4	38		
2819	5.6380	-4	38		
2820	5.6400	-4	37		
2821	5.6420	-4	37		
2822	5.6440	-4	36		
2823	5.6460	-4	36		
2824	5.6480	-4	35		
2825	5.6500	-4	34		
2826	5.6520	-4	34		
2827	5.6540	-4	34		
2828	5.6560	-4	33		
2829	5.6580	-4	32		
2830	5.6600	-4	32		
2831	5.6620	-4	31		
2832	5.6640	-4	30		
2833	5.6660	-4	30		
2834	5.6680	-4	30		
2835	5.6700	-4	29		
2836	5.6720	-4	28		
2837	5.6740	-3	28		
2838	5.6760	-3	27		
2839	5.6780	-3	26		
2840	5.6800	-3	26		
2841	5.6820	-3	25		
2842	5.6840	-3	24		
2843	5.6860	-3	24		
2844	5.6880	-3	23		
2845	5.6900	-3	22		
2846	5.6920	-3	22		
2847	5.6940	-3	21		
2848	5.6960	-3	20		
2849	5.6980	-3	20		
2850	5.7000	-3	19		
2851	5.7020	-3	18		
2852	5.7040	-2	18		
2853	5.7060	-2	17		
2854	5.7080	-2	16		
2855	5.7100	-2	16		
2856	5.7120	-2	15		
2857	5.7140	-2	14		
2858	5.7160	-2	14		
2859	5.7180	-2	13		
2860	5.7200	-2	12		
2861	5.7220	-2	11		
2862	5.7240	-2	11		
2863	5.7260	-2	10		
2864	5.7280	-2	9		
2865	5.7300	-2	9		
2866	5.7320	-2	8		
2867	5.7340	-2	7		
2868	5.7360	-2	6		
2869	5.7380	-2	6		
2870	5.7400	-2	5		
2871	5.7420	-2	4		
2872	5.7440	-1	4		
2873	5.7460	-1	3		
2874	5.7480	-1	2		
2875	5.7500	-1	2		
2876	5.7520	-1	1		
2877	5.7540	-1	0		
2878	5.7560	-1	0		
2879	5.7580	-1	-1		
2880	5.7600	-1	-2		
2881	5.7620	-1	-3		
2882	5.7640	0	-4		
2883	5.7660	0	-4		
2884	5.7680	0	-5		
2885	5.7700	0	-6		
2886	5.7720	0	-6		
2887	5.7740	0	-7		
2888	5.7760	0	-8		
2889	5.7780	0	-8		
2890	5.7800	0	-9		
2891	5.7820	0	-10		
2892	5.7840	0	-10		
2893	5.7860	0	-11		
2894	5.7880	0	-12		
2895	5.7900	0	-12		
2896	5.7920	0	-13		
2897	5.7940	1	-14		
2898	5.7960	1	-15		
2899	5.7980	1	-15		
2900	5.8000	1	-16		
2901	5.8020	1	-17		
2902	5.8040	1	-18		
2903	5.8060	1	-18		
2904	5.8080	1	-19		
2905	5.8100	2	-20		
2906	5.8120	2	-20		
2907	5.8140	2	-21		
2908	5.8160	2	-22		
2909	5.8180	2	-22		
2910	5.8200	2	-23		
2911	5.8220	2	-24		
2912	5.8240	2	-24		
2913	5.8260	2	-25		
2914	5.8280	2	-26		
2915	5.8300	2	-26		
2916	5.8320	2	-27		
2917	5.8340	2	-28		
2918	5.8360	2	-28		
2919	5.8380	3	-29		
2920	5.8400	3	-29		
2921	5.8420	3	-30		
2922	5.8440	3	-30		
2923	5.8460	3	-31		
2924	5.8480	3	-32		
2925	5.8500	3	-32		
2926	5.8520	3	-33		
2927	5.8540	4	-34		
2928	5.8560	4	-34		
2929	5.8580	4	-35		
2930	5.8600	4	-35		
2931	5.8620	4	-36		
2932	5.8640	4	-36		
2933	5.8660	4	-37		
2934	5.8680	4	-38		
2935	5.8700	4	-38		
2936	5.8720	4	-38		
2937	5.8740	4	-39		
2938	5.8760	4	-40		
2939	5.8780	4	-40		
2940	5.8800	4	-41		
2941	5.8820	5	-41		
2942	5.8840	5	-42		
2943	5.8860	5	-42		
2944	5.8880	5	-42		
2945	5.8900	5	-43		
2946	5.8920	5	-44		
2947	5.8940	5	-44		
2948	5.8960	5	-44		
2949	5.8980	6	-45		
2950	5.9000	6	-45		
2951	5.9020	6	-46		
2952	5.9040	6	-46		
2953	5.9060	6	-47		
2954	5.9080	6	-47		
2955	5.9100	6	-48		
2956	5.9120	6	-48		
2957	5.9140	6	-48		
2958	5.9160	6	-49		
2959	5.9180	6	-49		
2960	5.9200	6	-50		
2961	5.9220	6	-50		
2962	5.9240	6	-50		
2963	5.9260	7	-50		
2964	5.9280	7	-51		
2965	5.9300	7	-51		
2966	5.9320	7	-52		
2967	5.9340	7	-52		
2968	5.9360	7	-52		
2969	5.9380	7	-52		
2970	5.9400	7	-53		
2971	5.9420	7	-53		
2972	5.9440	8	-53		
2973	5.9460	8	-54		
2974	5.9480	8	-54		
2975	5.9500	8	-54		
2976	5.9520	8	-54		
2977	5.9540	8	-55		
2978	5.9560	8	-55		
2979	5.9580	8	-55		
2980	5.9600	8	-55		
2981	5.9620	8	-56		
2982	5.9640	8	-56		
2983	5.9660	8	-56		
2984	5.9680	8	-56		
2985	5.9700	8	-56		
2986	5.9720	8	-56		
2987	5.9740	8	-56		
2988	5.9760	8	-56		
2989	5.9780	8	-57		
2990	5.9800	8	-57		
2991	5.9820	8	-57		
2992	5.9840	8	-57		
2993	5.9860	8	-57		
2994	5.9880	8	-57		
2995	5.9900	8	-57		
2996	5.9920	8	-57		
2997	5.9940	8	-58		
2998	5.9960	8	-58		
2999	5.9980	8	-58		
3000	6.0000	8	-58		
3001	6.0020	8	-58		
3002	6.0040	8	-58		
3003	6.0060	8	-58		
3004	6.0080	9	-58		
3005	6.0100	9	-58		
3006	6.0120	9	-58		
3007	6.0140	9	-58		
3008	6.0160	9	-58		
3009	6.0180	9	-58		
3010	6.0200	9	-57		
3011	6.0220	9	-57		
3012	6.0240	9	-57		
3013	6.0260	9	-57		
3014	6.0280	9	-57		
3015	6.0300	9	-57		
3016	6.0320	9	-57		
3017	6.0340	9	-57		
3018	6.0360	9	-56		
3019	6.0380	9	-56		
3020	6.0400	9	-56		
3021	6.0420	8	-56		
3022	6.0440	8	-56		
3023	6.0460	8	-56		
3024	6.0480	8	-56		
3025	6.0500	8	-55		
3026	6.0520	8	-55		
3027	6.0540	8	-55		
3028	6.0560	9	-55		
3029	6.0580	9	-54		
3030	6.0600	9	-54		
3031	6.0620	9	-54		
3032	6.0640	9	-54		
3033	6.0660	9	-54		
3034	6.0680	9	-53		
3035	6.0700	9	-53		
3036	6.0720	9	-53		
3037	6.0740	9	-52		
3038	6.0760	9	-52		
3039	6.0780	9	-52		
3040	6.0800	9	-52		
3041	6.0820	9	-51		
3042	6.0840	9	-51		
3043	6.0860	9	-50		
3044	6.0880	9	-50		
3045	6.0900	9	-50		
3046	6.0920	9	-50		
3047	6.0940	9	-49		
3048	6.0960	9	-49		
3049	6.0980	9	-48		
3050	6.1000	9	-48		
3051	6.1020	9	-47		
3052	6.1040	9	-47		
3053	6.1060	9	-46		
3054	6.1080	9	-46		
3055	6.1100	9	-46		
3056	6.1120	9	-45		
3057	6.1140	9	-45		
3058	6.1160	9	-44		
3059	6.1180	9	-44		
3060	6.1200	9	-43		
3061	6.1220	9	-43		
3062	6.1240	9	-42		
3063	6.1260	9	-42		
3064	6.1280	9	-41		
3065	6.1300	9	-41		
3066	6.1320	9	-40		
3067	6.1340	9	-40		
3068	6.1360	9	-39		
3069	6.1380	9	-39		
3070	6.1400	9	-38		
3071	6.1420	9	-38		
3072	6.1440	9	-37		
3073	6.1460	9	-37		
3074	6.1480	9	-36		
3075	6.1500	9	-36		
3076	6.1520	9	-35		
3077	6.1540	9	-34		
3078	6.1560	8	-34		
3079	6.1580	8	-33		
3080	6.1600	8	-33		
3081	6.1620	8	-32		
3082	6.1640	8	-31		
3083	6.1660	8	-31		
3084	6.1680	8	-30		
3085	6.1700	9	-30		
3086	6.1720	9	-29		
3087	6.1740	9	-28		
3088	6.1760	9	-28		
3089	6.1780	9	-27		
3090	6.1800	9	-26		
3091	6.1820	9	-26		
3092	6.1840	9	-25		
3093	6.1860	9	-24		
3094	6.1880	9	-24		
3095	6.1900	9	-23		
3096	6.1920	9	-22		
3097	6.1940	9	-22		
3098	6.1960	9	-21		
3099	6.1980	9	-20		
3100	6.2000	9	-20		
3101	6.2020	8	-19		
3102	6.2040	8	-18		
3103	6.2060	8	-18		
3104	6.2080	8	-17		
3105	6.2100	8	-16		
3106	6.2120	8	-15		
3107	6.2140	8	-15		
3108	6.2160	8	-14		
3109	6.2180	8	-13		
3110	6.2200	8	-13		
3111	6.2220	8	-12		
3112	6.2240	8	-11		
3113	6.2260	8	-10		
3114	6.2280	8	-10		
3115	6.2300	8	-9		
3116	6.2320	8	-8		
3117	6.2340	8	-8		
3118	6.2360	8	-7		
3119	6.2380	8	-6		
3120	6.2400	8	-6		
3121	6.2420	8	-5		
3122	6.2440	8	-4		
3123	6.2460	8	-3		
3124	6.2480	8	-2		
3125	6.2500	8	-2		
3126	6.2520	8	-1		
3127	6.2540	8	0		
3128	6.2560	8	0		
3129	6.2580	8	1		
3130	6.2600	8	2		
3131	6.2620	8	2		
3132	6.2640	8	3		
3133	6.2660	8	4		
3134	6.2680	7	4		
3135	6.2700	7	5		
3136	6.2720	7	6		
3137	6.2740	7	7		
3138	6.2760	7	8		
3139	6.2780	7	8		
3140	6.2800	7	9		
3141	6.2820	7	10		
3142	6.2840	7	10		
3143	6.2860	6	11		
3144	6.2880	6	12		
3145	6.2900	6	12		
3146	6.2920	6	13		
3147	6.2940	6	14		
3148	6.2960	6	14		
3149	6.2980	6	15		
3150	6.3000	6	16		
3151	6.3020	6	17		
3152	6.3040	6	18		
3153	6.3060	6	18		
3154	6.3080	6	19		
3155	6.3100	6	20		
3156	6.3120	5	20		
3157	6.3140	5	21		
3158	6.3160	5	22		
3159	6.3180	5	22		
3160	6.3200	5	23		
3161	6.3220	5	24		
3162	6.3240	5	24		
3163	6.3260	5	25		
3164	6.3280	5	26		
3165	6.3300	4	26		
3166	6.3320	4	27		
3167	6.3340	4	28		
3168	6.3360	4	28		
3169	6.3380	4	29		
3170	6.3400	4	29		
3171	6.3420	4	30		
3172	6.3440	4	31		
3173	6.3460	4	31		
3174	6.3480	4	32		
3175	6.3500	4	32		
3176	6.3520	4	33		
3177	6.3540	4	34		
3178	6.3560	3	34		
3179	6.3580	3	35		
3180	6.3600	3	35		
3181	6.3620	3	36		
3182	6.3640	3	36		
3183	6.3660	3	37		
3184	6.3680	3	38		
3185	6.3700	3	38		
3186	6.3720	2	39		
3187	6.3740	2	39		
3188	6.3760	2	40		
3189	6.3780	2	40		
3190	6.3800	2	41		
3191	6.3820	2	41		
3192	6.3840	2	42		
3193	6.3860	2	42		
3194	6.3880	2	43		
3195	6.3900	2	43		
3196	6.3920	2	44		
3197	6.3940	2	44		
3198	6.3960	2	45		
3199	6.3980	2	45		
3200	6.4000	1	46		
3201	6.4020	1	46		
3202	6.4040	1	46		
3203	6.4060	1	47		
3204	6.4080	1	47		
3205	6.4100	1	48		
3206	6.4120	1	48		
3207	6.4140	1	48		
3208	6.4160	0	49		
3209	6.4180	0	49		
3210	6.4200	0	50		
3211	6.4220	0	50		
3212	6.4240	0	50		
3213	6.4260	0	51		
3214	6.4280	0	51		
3215	6.4300	0	51		
3216	6.4320	0	52		
3217	6.4340	0	52		
3218	6.4360	0	52		
3219	6.4380	0	52		
3220	6.4400	0	53		
3221	6.4420	0	53		
3222	6.4440	0	53		
3223	6.4460	-1	54		
3224	6.4480	-1	54		
3225	6.4500	-1	54		
3226	6.4520	-1	54		
3227	6.4540	-1	54		
3228	6.4560	-1	55		
3229	6.4580	-1	55		
3230	6.4600	-1	55		
3231	6.4620	-1	55		
3232	6.4640	-1	56		
3233	6.4660	-2	56		
3234	6.4680	-2	56		
3235	6.4700	-2	56		
3236	6.4720	-2	56		
3237	6.4740	-2	56		
3238	6.4760	-2	56		
3239	6.4780	-2	56		
3240	6.4800	-2	56		
3241	6.4820	-2	57		
3242	6.4840	-2	57		
3243	6.4860	-2	57		
3244	6.4880	-2	57		
3245	6.4900	-2	57		
3246	6.4920	-2	57		
3247	6.4940	-2	57		
3248	6.4960	-2	57		
3249	6.4980	-2	57		
3250	6.5000	-2	57		
3251	6.5020	-2	57		
3252	6.5040	-3	57		
3253	6.5060	-3	57		
3254	6.5080	-3	57		
3255	6.5100	-3	57		
3256	6.5120	-3	57		
3257	6.5140	-3	57		
3258	6.5160	-3	57		
3259	6.5180	-3	57		
3260	6.5200	-3	57		
3261	6.5220	-3	56		
3262	6.5240	-3	56		
3263	6.5260	-3	56		
3264	6.5280	-3	56		
3265	6.5300	-3	56		
3266	6.5320	-3	56		
3267	6.5340	-3	56		
3268	6.5360	-4	56		
3269	6.5380	-4	56		
3270	6.5400	-4	55		
3271	6.5420	-4	55		
3272	6.5440	-4	55		
3273	6.5460	-4	55		
3274	6.5480	-4	54		
3275	6.5500	-4	54		
3276	6.5520	-4	54		
3277	6.5540	-4	54		
3278	6.5560	-4	54		
3279	6.5580	-4	54		
3280	6.5600	-4	53		
3281	6.5620	-4	53		
3282	6.5640	-4	53		
3283	6.5660	-4	52		
3284	6.5680	-4	52		
3285	6.5700	-4	52		
3286	6.5720	-4	52		
3287	6.5740	-4	51		
3288	6.5760	-4	51		
3289	6.5780	-4	51		
3290	6.5800	-4	50		
3291	6.5820	-4	50		
3292	6.5840	-4	50		
3293	6.5860	-4	49		
3294	6.5880	-4	49		
3295	6.5900	-4	48		
3296	6.5920	-4	48		
3297	6.5940	-4	48		
3298	6.5960	-4	47		
3299	6.5980	-4	47		
3300	6.6000	-4	47		
3301	6.6020	-4	46		
3302	6.6040	-4	46		
3303	6.6060	-4	45		
3304	6.6080	-4	45		
3305	6.6100	-4	44		
3306	6.6120	-4	44		
3307	6.6140	-4	44		
3308	6.6160	-4	43		
3309	6.6180	-4	42		
3310	6.6200	-4	42		
3311	6.6220	-4	42		
3312	6.6240	-4	41		
3313	6.6260	-4	40		
3314	6.6280	-4	40		
3315	6.6300	-4	40		
3316	6.6320	-4	39		
3317	6.6340	-4	38		
3318	6.6360	-4	38		
3319	6.6380	-4	38		
3320	6.6400	-4	37		
3321	6.6420	-4	36		
3322	6.6440	-4	36		
3323	6.6460	-4	35		
3324	6.6480	-4	35		
3325	6.6500	-4	34		
3326	6.6520	-4	34		
3327	6.6540	-4	33		
3328	6.6560	-4	32		
3329	6.6580	-4	32		
3330	6.6600	-4	32		
3331	6.6620	-4	31		
3332	6.6640	-4	30		
3333	6.6660	-4	30		
3334	6.6680	-4	29		
3335	6.6700	-4	28		
3336	6.6720	-3	28		
3337	6.6740	-3	27		
3338	6.6760	-3	27		
3339	6.6780	-3	26		
3340	6.6800	-3	25		
3341	6.6820	-3	25		
3342	6.6840	-3	24		
3343	6.6860	-3	24		
3344	6.6880	-3	23		
3345	6.6900	-3	22		
3346	6.6920	-3	22		
3347	6.6940	-3	21		
3348	6.6960	-3	20		
3349	6.6980	-3	20		
3350	6.7000	-3	19		
3351	6.7020	-3	18		
3352	6.7040	-2	17		
3353	6.7060	-2	16		
3354	6.7080	-2	16		
3355	6.7100	-2	15		
3356	6.7120	-2	14		
3357	6.7140	-2	14		
3358	6.7160	-2	13		
3359	6.7180	-2	12		
3360	6.7200	-2	12		
3361	6.7220	-2	11		
3362	6.7240	-2	10		
3363	6.7260	-2	10		
3364	6.7280	-2	9		
3365	6.7300	-2	8		
3366	6.7320	-2	8		
3367	6.7340	-2	7		
3368	6.7360	-2	6		
3369	6.7380	-2	6		
3370	6.7400	-2	5		
3371	6.7420	-1	4		
3372	6.7440	-1	3		
3373	6.7460	-1	2		
3374	6.7480	-1	2		
3375	6.7500	-1	1		
3376	6.7520	-1	0		
3377	6.7540	-1	0		
3378	6.7560	-1	-1		
3379	6.7580	-1	-2		
3380	6.7600	-1	-2		
3381	6.7620	0	-3		
3382	6.7640	0	-4		
3383	6.7660	0	-4		
3384	6.7680	0	-5		
3385	6.7700	0	-6		
3386	6.7720	0	-7		
3387	6.7740	0	-7		
3388	6.7760	0	-8		
3389	6.7780	0	-9		
3390	6.7800	0	-10		
3391	6.7820	0	-10		
3392	6.7840	0	-11		
3393	6.7860	0	-12		
3394	6.7880	0	-12		
3395	6.7900	0	-13		
3396	6.7920	1	-14		
3397	6.7940	1	-14		
3398	6.7960	1	-15		
3399	6.7980	1	-16		
3400	6.8000	1	-16		
3401	6.8020	1	-18		
3402	6.8040	1	-18		
3403	6.8060	1	-19		
3404	6.8080	1	-20		
3405	6.8100	2	-20		
3406	6.8120	2	-21		
3407	6.8140	2	-22		
3408	6.8160	2	-22		
3409	6.8180	2	-23		
3410	6.8200	2	-24		
3411	6.8220	2	-24		
3412	6.8240	2	-25		
3413	6.8260	2	-26		
3414	6.8280	2	-26		
3415	6.8300	2	-27		
3416	6.8320	2	-27		
3417	6.8340	2	-28		
3418	6.8360	3	-28		
3419	6.8380	3	-29		
3420	6.8400	3	-30		
3421	6.8420	3	-30		
3422	6.8440	3	-31		
3423	6.8460	3	-32		
3424	6.8480	3	-32		
3425	6.8500	3	-33		
3426	6.8520	4	-33		
3427	6.8540	4	-34		
3428	6.8560	4	-34		
3429	6.8580	4	-35		
3430	6.8600	4	-36		
3431	6.8620	4	-36		
3432	6.8640	4	-37		
3433	6.8660	4	-37		
3434	6.8680	4	-38		
3435	6.8700	4	-38		
3436	6.8720	4	-39		
3437	6.8740	4	-40		
3438	6.8760	4	-40		
3439	6.8780	4	-40		
3440	6.8800	5	-41		
3441	6.8820	5	-42		
3442	6.8840	5	-42		
3443	6.8860	5	-42		
3444	6.8880	5	-43		
3445	6.8900	5	-43		
3446	6.8920	5	-44		
3447	6.8940	5	-44		
3448	6.8960	6	-45		
3449	6.8980	6	-45		
3450	6.9000	6	-46		
3451	6.9020	6	-46		
3452	6.9040	6	-47		
3453	6.9060	6	-47		
3454	6.9080	6	-48		
3455	6.9100	6	-48		
3456	6.9120	6	-48		
3457	6.9140	6	-49		
3458	6.9160	6	-49		
3459	6.9180	6	-50		
3460	6.9200	6	-50		
3461	6.9220	6	-50		
3462	6.9240	7	-50		
3463	6.9260	7	-51		
3464	6.9280	7	-51		
3465	6.9300	7	-52		
3466	6.9320	7	-52		
3467	6.9340	7	-52		
3468	6.9360	7	-52		
3469	6.9380	7	-53		
3470	6.9400	7	-53		
3471	6.9420	8	-53		
3472	6.9440	8	-54		
3473	6.9460	8	-54		
3474	6.9480	8	-54		
3475	6.9500	8	-54		
3476	6.9520	8	-55		
3477	6.9540	8	-55		
3478	6.9560	8	-55		
3479	6.9580	8	-55		
3480	6.9600	8	-56		
3481	6.9620	8	-56		
3482	6.9640	8	-56		
3483	6.9660	8	-56		
3484	6.9680	8	-56		
3485	6.9700	8	-56		
3486	6.9720	8	-56		
3487	6.9740	8	-57		
3488	6.9760	8	-57		
3489	6.9780	8	-57		
3490	6.9800	8	-57		
3491	6.9820	8	-57		
3492	6.9840	8	-57		
3493	6.9860	8	-57		
3494	6.9880	8	-58		
3495	6.9900	8	-58		
3496	6.9920	8	-58		
3497	6.9940	8	-58		
3498	6.9960	8	-58		
3499	6.9980	8	-58		
3500	7.0000	8	-58		
3501	7.0020	8	-58		
3502	7.0040	8	-58		
3503	7.0060	9	-58		
3504	7.0080	9	-58		
3505	7.0100	9	-58		
3506	7.0120	9	-58		
3507	7.0140	9	-58		
3508	7.0160	9	-58		
3509	7.0180	9	-58		
3510	7.0200	9	-58		
3511	7.0220	9	-57		
3512	7.0240	9	-57		
3513	7.0260	9	-57		
3514	7.0280	9	-57		
3515	7.0300	9	-57		
3516	7.0320	9	-57		
3517	7.0340	9	-57		
3518	7.0360	9	-57		
3519	7.0380	9	-56		
3520	7.0400	8	-56		
3521	7.0420	8	-56		
3522	7.0440	8	-56		
3523	7.0460	8	-56		
3524	7.0480	8	-56		
3525	7.0500	8	-55		
3526	7.0520	8	-55		
3527	7.0540	9	-55		
3528	7.0560	9	-55		
3529	7.0580	9	-54		
3530	7.0600	9	-54		
3531	7.0620	9	-54		
3532	7.0640	9	-54		
3533	7.0660	9	-54		
3534	7.0680	9	-53		
3535	7.0700	9	-53		
3536	7.0720	9	-53		
3537	7.0740	9	-52		
3538	7.0760	9	-52		
3539	7.0780	9	-52		
3540	7.0800	9	-51		
3541	7.0820	9	-51		
3542	7.0840	9	-51		
3543	7.0860	9	-50		
3544	7.0880	9	-50		
3545	7.0900	9	-50		
3546	7.0920	9	-49		
3547	7.0940	9	-49		
3548	7.0960	9	-48		
3549	7.0980	9	-48		
3550	7.1000	9	-48		
3551	7.1020	9	-47		
3552	7.1040	9	-47		
3553	7.1060	9	-46		
3554	7.1080	9	-46		
3555	7.1100	9	-45		
3556	7.1120	9	-45		
3557	7.1140	9	-44		
3558	7.1160	9	-44		
3559	7.1180	9	-44		
3560	7.1200	9	-43		
3561	7.1220	9	-42		
3562	7.1240	9	-42		
3563	7.1260	9	-42		
3564	7.1280	9	-41		
3565	7.1300	9	-40		
3566	7.1320	9	-40		
3567	7.1340	9	-40		
3568	7.1360	9	-39		
3569	7.1380	9	-38		
3570	7.1400	9	-38		
3571	7.1420	9	-38		
3572	7.1440	9	-37		
3573	7.1460	9	-36		
3574	7.1480	9	-36		
3575	7.1500	9	-35		
3576	7.1520	9	-35		
3577	7.1540	8	-34		
3578	7.1560	8	-34		
3579	7.1580	8	-33		
3580	7.1600	8	-32		
3581	7.1620	8	-32		
3582	7.1640	8	-31		
3583	7.1660	8	-30		
3584	7.1680	8	-30		
3585	7.1700	9	-29		
3586	7.1720	9	-28		
3587	7.1740	9	-28		
3588	7.1760	9	-27		
3589	7.1780	9	-27		
3590	7.1800	9	-26		
3591	7.1820	9	-26		
3592	7.1840	9	-25		
3593	7.1860	9	-24		
3594	7.1880	9	-24		
3595	7.1900	9	-23		
3596	7.1920	9	-22		
3597	7.1940	9	-22		
3598	7.1960	9	-21		
3599	7.1980	9	-20		
3600	7.2000	9	-20		
3601	7.2020	8	-18		
3602	7.2040	8	-18		
3603	7.2060	8	-17		
3604	7.2080	8	-16		
3605	7.2100	8	-16		
3606	7.2120	8	-15		
3607	7.2140	8	-14		
3608	7.2160	8	-14		
3609	7.2180	8	-13		
3610	7.2200	8	-12		
3611	7.2220	8	-12		
3612	7.2240	8	-11		
3613	7.2260	8	-10		
3614	7.2280	8	-9		
3615	7.2300	8	-9		
3616	7.2320	8	-8		
3617	7.2340	8	-7		
3618	7.2360	8	-6		
3619	7.2380	8	-6		
3620	7.2400	8	-5		
3621	7.2420	8	-4		
3622	7.2440	8	-4		
3623	7.2460	8	-3		
3624	7.2480	8	-2		
3625	7.2500	8	-1		
3626	7.2520	8	-1		
3627	7.2540	8	0		
3628	7.2560	8	1		
3629	7.2580	8	2		
3630	7.2600	8	2		
3631	7.2620	8	3		
3632	7.2640	8	4		
3633	7.2660	7	4		
3634	7.2680	7	5		
3635	7.2700	7	6		
3636	7.2720	7	6		
3637	7.2740	7	7		
3638	7.2760	7	8		
3639	7.2780	7	9		
3640	7.2800	7	9		
3641	7.2820	7	10		
3642	7.2840	6	11		
3643	7.2860	6	12		
3644	7.2880	6	12		
3645	7.2900	6	13		
3646	7.2920	6	14		
3647	7.2940	6	14		
3648	7.2960	6	15		
3649	7.2980	6	16		
3650	7.3000	6	16		
3651	7.3020	6	17		
3652	7.3040	6	18		
3653	7.3060	6	19		
3654	7.3080	6	20		
3655	7.3100	6	20		
3656	7.3120	5	21		
3657	7.3140	5	22		
3658	7.3160	5	22		
3659	7.3180	5	23		
3660	7.3200	5	24		
3661	7.3220	5	24		
3662	7.3240	5	25		
3663	7.3260	5	26		
3664	7.3280	4	26		
3665	7.3300	4	27		
3666	7.3320	4	27		
3667	7.3340	4	28		
3668	7.3360	4	29		
3669	7.3380	4	29		
3670	7.3400	4	30		
3671	7.3420	4	30		
3672	7.3440	4	31		
3673	7.3460	4	32		
3674	7.3480	4	32		
3675	7.3500	4	33		
3676	7.3520	4	34		
3677	7.3540	3	34		
3678	7.3560	3	35		
3679	7.3580	3	35		
3680	7.3600	3	36		
3681	7.3620	3	36		
3682	7.3640	3	37		
3683	7.3660	3	38		
3684	7.3680	3	38		
3685	7.3700	2	38		
3686	7.3720	2	39		
3687	7.3740	2	40		
3688	7.3760	2	40		
3689	7.3780	2	41		
3690	7.3800	2	41		
3691	7.3820	2	42		
3692	7.3840	2	42		
3693	7.3860	2	43		
3694	7.3880	2	43		
3695	7.3900	2	44		
3696	7.3920	2	44		
3697	7.3940	2	44		
3698	7.3960	2	45		
3699	7.3980	1	46		
3700	7.4000	1	46		
3701	7.4020	1	46		
3702	7.4040	1	47		
3703	7.4060	1	47		
3704	7.4080	1	48		
3705	7.4100	1	48		
3706	7.4120	1	48		
3707	7.4140	0	49		
3708	7.4160	0	49		
3709	7.4180	0	50		
3710	7.4200	0	50		
3711	7.4220	0	50		
3712	7.4240	0	51		
3713	7.4260	0	51		
3714	7.4280	0	51		
3715	7.4300	0	52		
3716	7.4320	0	52		
3717	7.4340	0	52		
3718	7.4360	0	52		
3719	7.4380	0	53		
3720	7.4400	0	53		
3721	7.4420	0	53		
3722	7.4440	-1	54		
3723	7.4460	-1	54		
3724	7.4480	-1	54		
3725	7.4500	-1	54		
3726	7.4520	-1	54		
3727	7.4540	-1	55		
3728	7.4560	-1	55		
3729	7.4580	-1	55		
3730	7.4600	-1	55		
3731	7.4620	-1	56		
3732	7.4640	-2	56		
3733	7.4660	-2	56		
3734	7.4680	-2	56		
3735	7.4700	-2	56		
3736	7.4720	-2	56		
3737	7.4740	-2	56		
3738	7.4760	-2	56		
3739	7.4780	-2	57		
3740	7.4800	-2	57		
3741	7.4820	-2	57		
3742	7.4840	-2	57		
3743	7.4860	-2	57		
3744	7.4880	-2	57		
3745	7.4900	-2	57		
3746	7.4920	-2	57		
3747	7.4940	-2	57		
3748	7.4960	-2	57		
3749	7.4980	-2	57		
3750	7.5000	-2	57		
3751	7.5020	-2	57		
3752	7.5040	-3	57		
3753	7.5060	-3	57		
3754	7.5080	-3	57		
3755	7.5100	-3	57		
3756	7.5120	-3	57		
3757	7.5140	-3	57		
3758	7.5160	-3	57		
3759	7.5180	-3	57		
3760	7.5200	-3	57		
3761	7.5220	-3	56		
3762	7.5240	-3	56		
3763	7.5260	-3	56		
3764	7.5280	-3	56		
3765	7.5300	-3	56		
3766	7.5320	-3	56		
3767	7.5340	-3	56		
3768	7.5360	-4	56		
3769	7.5380	-4	56		
3770	7.5400	-4	55		
3771	7.5420	-4	55		
3772	7.5440	-4	55		
3773	7.5460	-4	55		
3774	7.5480	-4	54		
3775	7.5500	-4	54		
3776	7.5520	-4	54		
3777	7.5540	-4	54		
3778	7.5560	-4	54		
3779	7.5580	-4	53		
3780	7.5600	-4	53		
3781	7.5620	-4	53		
3782	7.5640	-4	53		
3783	7.5660	-4	52		
3784	7.5680	-4	52		
3785	7.5700	-4	52		
3786	7.5720	-4	52		
3787	7.5740	-4	51		
3788	7.5760	-4	51		
3789	7.5780	-4	50		
3790	7.5800	-4	50		
3791	7.5820	-4	50		
3792	7.5840	-4	50		
3793	7.5860	-4	49		
3794	7.5880	-4	49		
3795	7.5900	-4	48		
3796	7.5920	-4	48		
3797	7.5940	-4	48		
3798	7.5960	-4	47		
3799	7.5980	-4	47		
3800	7.6000	-4	46		
3801	7.6020	-4	46		
3802	7.6040	-4	46		
3803	7.6060	-4	45		
3804	7.6080	-4	45		
3805	7.6100	-4	44		
3806	7.6120	-4	44		
3807	7.6140	-4	43		
3808	7.6160	-4	43		
3809	7.6180	-4	42		
3810	7.6200	-4	42		
3811	7.6220	-4	41		
3812	7.6240	-4	41		
3813	7.6260	-4	40		
3814	7.6280	-4	40		
3815	7.6300	-4	39		
3816	7.6320	-4	39		
3817	7.6340	-4	38		
3818	7.6360	-4	38		
3819	7.6380	-4	37		
3820	7.6400	-4	37		
3821	7.6420	-4	36		
3822	7.6440	-4	36		
3823	7.6460	-4	35		
3824	7.6480	-4	34		
3825	7.6500	-4	34		
3826	7.6520	-4	34		
3827	7.6540	-4	33		
3828	7.6560	-4	32		
3829	7.6580	-4	32		
3830	7.6600	-4	31		
3831	7.6620	-4	30		
3832	7.6640	-4	30		
3833	7.6660	-4	29		
3834	7.6680	-4	29		
3835	7.6700	-3	28		
3836	7.6720	-3	28		
3837	7.6740	-3	27		
3838	7.6760	-3	26		
3839	7.6780	-3	26		
3840	7.6800	-3	25		
3841	7.6820	-3	24		
3842	7.6840	-3	24		
3843	7.6860	-3	23		
3844	7.6880	-3	22		
3845	7.6900	-3	22		
3846	7.6920	-3	21		
3847	7.6940	-3	20		
3848	7.6960	-3	20		
3849	7.6980	-3	19		
3850	7.7000	-3	18		
3851	7.7020	-2	18		
3852	7.7040	-2	17		
3853	7.7060	-2	16		
3854	7.7080	-2	16		
3855	7.7100	-2	15		
3856	7.7120	-2	14		
3857	7.7140	-2	13		
3858	7.7160	-2	13		
3859	7.7180	-2	12		
3860	7.7200	-2	11		
3861	7.7220	-2	10		
3862	7.7240	-2	10		
3863	7.7260	-2	9		
3864	7.7280	-2	8		
3865	7.7300	-2	8		
3866	7.7320	-2	7		
3867	7.7340	-2	6		
3868	7.7360	-2	6		
3869	7.7380	-2	5		
3870	7.7400	-1	4		
3871	7.7420	-1	4		
3872	7.7440	-1	3		
3873	7.7460	-1	2		
3874	7.7480	-1	2		
3875	7.7500	-1	1		
3876	7.7520	-1	0		
3877	7.7540	-1	-1		
3878	7.7560	-1	-2		
3879	7.7580	-1	-2		
3880	7.7600	-1	-3		
3881	7.7620	0	-4		
3882	7.7640	0	-4		
3883	7.7660	0	-5		
3884	7.7680	0	-6		
3885	7.7700	0	-6		
3886	7.7720	0	-7		
3887	7.7740	0	-8		
3888	7.7760	0	-8		
3889	7.7780	0	-9		
3890	7.7800	0	-10		
3891	7.7820	0	-10		
3892	7.7840	0	-11		
3893	7.7860	0	-12		
3894	7.7880	0	-13		
3895	7.7900	0	-13		
3896	7.7920	1	-14		
3897	7.7940	1	-15		
3898	7.7960	1	-16		
3899	7.7980	1	-16		
3900	7.8000	1	-17		
3901	7.8020	1	-18		
3902	7.8040	1	-18		
3903	7.8060	1	-19		
3904	7.8080	2	-20		
3905	7.8100	2	-20		
3906	7.8120	2	-21		
3907	7.8140	2	-22		
3908	7.8160	2	-22		
3909	7.8180	2	-23		
3910	7.8200	2	-24		
3911	7.8220	2	-24		
3912	7.8240	2	-25		
3913	7.8260	2	-26		
3914	7.8280	2	-26		
3915	7.8300	2	-27		
3916	7.8320	2	-28		
3917	7.8340	2	-28		
3918	7.8360	3	-29		
3919	7.8380	3	-30		
3920	7.8400	3	-30		
3921	7.8420	3	-31		
3922	7.8440	3	-31		
3923	7.8460	3	-32		
3924	7.8480	3	-32		
3925	7.8500	3	-33		
3926	7.8520	4	-34		
3927	7.8540	4	-34		
3928	7.8560	4	-35		
3929	7.8580	4	-36		
3930	7.8600	4	-36		
3931	7.8620	4	-36		
3932	7.8640	4	-37		
3933	7.8660	4	-38		
3934	7.8680	4	-38		
3935	7.8700	4	-39		
3936	7.8720	4	-39		
3937	7.8740	4	-40		
3938	7.8760	4	-40		
3939	7.8780	5	-41		
3940	7.8800	5	-41		
3941	7.8820	5	-42		
3942	7.8840	5	-42		
3943	7.8860	5	-43		
3944	7.8880	5	-43		
3945	7.8900	5	-44		
3946	7.8920	5	-44		
3947	7.8940	6	-44		
3948	7.8960	6	-45		
3949	7.8980	6	-46		
3950	7.9000	6	-46		
3951	7.9020	6	-47		
3952	7.9040	6	-47		
3953	7.9060	6	-48		
3954	7.9080	6	-48		
3955	7.9100	6	-48		
3956	7.9120	6	-49		
3957	7.9140	6	-49		
3958	7.9160	6	-50		
3959	7.9180	6	-50		
3960	7.9200	6	-50		
3961	7.9220	7	-50		
3962	7.9240	7	-51		
3963	7.9260	7	-51		
3964	7.9280	7	-52		
3965	7.9300	7	-52		
3966	7.9320	7	-52		
3967	7.9340	7	-52		
3968	7.9360	7	-53		
3969	7.9380	7	-53		
3970	7.9400	8	-53		
3971	7.9420	8	-54		
3972	7.9440	8	-54		
3973	7.9460	8	-54		
3974	7.9480	8	-54		
3975	7.9500	8	-55		
3976	7.9520	8	-55		
3977	7.9540	8	-55		
3978	7.9560	8	-55		
3979	7.9580	8	-56		
3980	7.9600	8	-56		
3981	7.9620	8	-56		
3982	7.9640	8	-56		
3983	7.9660	8	-56		
3984	7.9680	8	-56		
3985	7.9700	8	-56		
3986	7.9720	8	-57		
3987	7.9740	8	-57		
3988	7.9760	8	-57		
3989	7.9780	8	-57		
3990	7.9800	8	-57		
3991	7.9820	8	-57		
3992	7.9840	8	-57		
3993	7.9860	8	-58		
3994	7.9880	8	-58		
3995	7.9900	8	-58		
3996	7.9920	8	-58		
3997	7.9940	8	-58		
3998	7.9960	8	-58		
3999	7.9980	8	-58		
4000	8.0000	8	-58		
4001	8.0020	8	-58		
4002	8.0040	8	-58		
4003	8.0060	9	-58		
4004	8.0080	9	-58		
4005	8.0100	9	-58		
4006	8.0120	9	-58		
4007	8.0140	9	-58		
4008	8.0160	9	-58		
4009	8.0180	9	-58		
4010	8.0200	9	-58		
4011	8.0220	9	-57		
4012	8.0240	9	-57		
4013	8.0260	9	-57		
4014	8.0280	9	-57		
4015	8.0300	9	-57		
4016	8.0320	9	-57		
4017	8.0340	9	-57		
4018	8.0360	9	-56		
4019	8.0380	8	-56		
4020	8.0400	8	-56		
4021	8.0420	8	-56		
4022	8.0440	8	-56		
4023	8.0460	8	-56		
4024	8.0480	8	-56		
4025	8.0500	8	-55		
4026	8.0520	8	-55		
4027	8.0540	9	-55		
4028	8.0560	9	-55		
4029	8.0580	9	-54		
4030	8.0600	9	-54		
4031	8.0620	9	-54		
4032	8.0640	9	-54		
4033	8.0660	9	-53		
4034	8.0680	9	-53		
4035	8.0700	9	-53		
4036	8.0720	9	-52		
4037	8.0740	9	-52		
4038	8.0760	9	-52		
4039	8.0780	9	-52		
4040	8.0800	9	-51		
4041	8.0820	9	-51		
4042	8.0840	9	-50		
4043	8.0860	9	-50		
4044	8.0880	9	-50		
4045	8.0900	9	-50		
4046	8.0920	9	-49		
4047	8.0940	9	-49		
4048	8.0960	9	-48		
4049	8.0980	9	-48		
4050	8.1000	9	-48		
4051	8.1020	9	-47		
4052	8.1040	9	-46		
4053	8.1060	9	-46		
4054	8.1080	9	-46		
4055	8.1100	9	-45		
4056	8.1120	9	-45		
4057	8.1140	9	-44		
4058	8.1160	9	-44		
4059	8.1180	9	-43		
4060	8.1200	9	-43		
4061	8.1220	9	-42		
4062	8.1240	9	-42		
4063	8.1260	9	-41		
4064	8.1280	9	-41		
4065	8.1300	9	-40		
4066	8.1320	9	-40		
4067	8.1340	9	-39		
4068	8.1360	9	-39		
4069	8.1380	9	-38		
4070	8.1400	9	-38		
4071	8.1420	9	-37		
4072	8.1440	9	-36		
4073	8.1460	9	-36		
4074	8.1480	9	-36		
4075	8.1500	9	-35		
4076	8.1520	9	-34		
4077	8.1540	8	-34		
4078	8.1560	8	-33		
4079	8.1580	8	-32		
4080	8.1600	8	-32		
4081	8.1620	8	-31		
4082	8.1640	8	-31		
4083	8.1660	8	-30		
4084	8.1680	9	-29		
4085	8.1700	9	-29		
4086	8.1720	9	-28		
4087	8.1740	9	-28		
4088	8.1760	9	-27		
4089	8.1780	9	-26		
4090	8.1800	9	-26		
4091	8.1820	9	-25		
4092	8.1840	9	-24		
4093	8.1860	9	-24		
4094	8.1880	9	-23		
4095	8.1900	9	-22		
4096	8.1920	9	-22		
4097	8.1940	9	-21		
4098	8.1960	9	-20		
4099	8.1980	9	-20		
4100	8.2000	8	-19		
4101	8.2020	8	-18		
4102	8.2040	8	-17		
4103	8.2060	8	-16		
4104	8.2080	8	-16		
4105	8.2100	8	-15		
4106	8.2120	8	-14		
4107	8.2140	8	-14		
4108	8.2160	8	-13		
4109	8.2180	8	-12		
4110	8.2200	8	-12		
4111	8.2220	8	-11		
4112	8.2240	8	-10		
4113	8.2260	8	-10		
4114	8.2280	8	-9		
4115	8.2300	8	-8		
4116	8.2320	8	-7		
4117	8.2340	8	-7		
4118	8.2360	8	-6		
4119	8.2380	8	-5		
4120	8.2400	8	-4		
4121	8.2420	8	-4		
4122	8.2440	8	-3		
4123	8.2460	8	-2		
4124	8.2480	8	-2		
4125	8.2500	8	-1		
4126	8.2520	8	0		
4127	8.2540	8	0		
4128	8.2560	8	1		
4129	8.2580	8	2		
4130	8.2600	8	3		
4131	8.2620	8	3		
4132	8.2640	7	4		
4133	8.2660	7	5		
4134	8.2680	7	6		
4135	8.2700	7	6		
4136	8.2720	7	7		
4137	8.2740	7	8		
4138	8.2760	7	8		
4139	8.2780	7	9		
4140	8.2800	7	10		
4141	8.2820	6	11		
4142	8.2840	6	11		
4143	8.2860	6	12		
4144	8.2880	6	13		
4145	8.2900	6	14		
4146	8.2920	6	14		
4147	8.2940	6	15		
4148	8.2960	6	16		
4149	8.2980	6	16		
4150	8.3000	6	17		
4151	8.3020	6	18		
4152	8.3040	6	19		
4153	8.3060	6	19		
4154	8.3080	6	20		
4155	8.3100	5	21		
4156	8.3120	5	21		
4157	8.3140	5	22		
4158	8.3160	5	23		
4159	8.3180	5	23		
4160	8.3200	5	24		
4161	8.3220	5	25		
4162	8.3240	5	25		
4163	8.3260	4	26		
4164	8.3280	4	27		
4165	8.3300	4	27		
4166	8.3320	4	28		
4167	8.3340	4	28		
4168	8.3360	4	29		
4169	8.3380	4	30		
4170	8.3400	4	30		
4171	8.3420	4	31		
4172	8.3440	4	32		
4173	8.3460	4	32		
4174	8.3480	4	33		
4175	8.3500	4	34		
4176	8.3520	4	34		
4177	8.3540	3	35		
4178	8.3560	3	35		
4179	8.3580	3	36		
4180	8.3600	3	36		
4181	8.3620	3	37		
4182	8.3640	3	37		
4183	8.3660	3	38		
4184	8.3680	3	38		
4185	8.3700	2	39		
4186	8.3720	2	40		
4187	8.3740	2	40		
4188	8.3760	2	40		
4189	8.3780	2	41		
4190	8.3800	2	42		
4191	8.3820	2	42		
4192	8.3840	2	43		
4193	8.3860	2	43		
4194	8.3880	2	44		
4195	8.3900	2	44		
4196	8.3920	2	44		
4197	8.3940	2	45		
4198	8.3960	1	46		
4199	8.3980	1	46		
4200	8.4000	1	46		
4201	8.4020	1	47		
4202	8.4040	1	47		
4203	8.4060	1	48		
4204	8.4080	1	48		
4205	8.4100	1	48		
4206	8.4120	0	49		
4207	8.4140	0	49		
4208	8.4160	0	50		
4209	8.4180	0	50		
4210	8.4200	0	50		
4211	8.4220	0	51		
4212	8.4240	0	51		
4213	8.4260	0	51		
4214	8.4280	0	52		
4215	8.4300	0	52		
4216	8.4320	0	52		
4217	8.4340	0	53		
4218	8.4360	0	53		
4219	8.4380	0	53		
4220	8.4400	0	54		
4221	8.4420	0	54		
4222	8.4440	-1	54		
4223	8.4460	-1	54		
4224	8.4480	-1	54		
4225	8.4500	-1	55		
4226	8.4520	-1	55		
4227	8.4540	-1	55		
4228	8.4560	-1	55		
4229	8.4580	-1	55		
4230	8.4600	-1	56		
4231	8.4620	-1	56		
4232	8.4640	-2	56		
4233	8.4660	-2	56		
4234	8.4680	-2	56		
4235	8.4700	-2	56		
4236	8.4720	-2	56		
4237	8.4740	-2	57		
4238	8.4760	-2	57		
4239	8.4780	-2	57		
4240	8.4800	-2	57		
4241	8.4820	-2	57		
4242	8.4840	-2	57		
4243	8.4860	-2	57		
4244	8.4880	-2	57		
4245	8.4900	-2	57		
4246	8.4920	-2	57		
4247	8.4940	-2	57		
4248	8.4960	-2	57		
4249	8.4980	-2	57		
4250	8.5000	-2	57		
4251	8.5020	-3	57		
4252	8.5040	-3	57		
4253	8.5060	-3	57		
4254	8.5080	-3	57		
4255	8.5100	-3	57		
4256	8.5120	-3	57		
4257	8.5140	-3	57		
4258	8.5160	-3	57		
4259	8.5180	-3	57		
4260	8.5200	-3	57		
4261	8.5220	-3	57		
4262	8.5240	-3	56		
4263	8.5260	-3	56		
4264	8.5280	-3	56		
4265	8.5300	-3	56		
4266	8.5320	-3	56		
4267	8.5340	-4	56		
4268	8.5360	-4	56		
4269	8.5380	-4	56		
4270	8.5400	-4	55		
4271	8.5420	-4	55		
4272	8.5440	-4	55		
4273	8.5460	-4	55		
4274	8.5480	-4	54		
4275	8.5500	-4	54		
4276	8.5520	-4	54		
4277	8.5540	-4	54		
4278	8.5560	-4	54		
4279	8.5580	-4	53		
4280	8.5600	-4	53		
4281	8.5620	-4	53		
4282	8.5640	-4	52		
4283	8.5660	-4	52		
4284	8.5680	-4	52		
4285	8.5700	-4	52		
4286	8.5720	-4	51		
4287	8.5740	-4	51		
4288	8.5760	-4	51		
4289	8.5780	-4	50		
4290	8.5800	-4	50		
4291	8.5820	-4	50		
4292	8.5840	-4	49		
4293	8.5860	-4	49		
4294	8.5880	-4	49		
4295	8.5900	-4	48		
4296	8.5920	-4	48		
4297	8.5940	-4	48		
4298	8.5960	-4	47		
4299	8.5980	-4	47		
4300	8.6000	-4	46		
4301	8.6020	-4	46		
4302	8.6040	-4	45		
4303	8.6060	-4	45		
4304	8.6080	-4	44		
4305	8.6100	-4	44		
4306	8.6120	-4	44		
4307	8.6140	-4	43		
4308	8.6160	-4	43		
4309	8.6180	-4	42		
4310	8.6200	-4	42		
4311	8.6220	-4	41		
4312	8.6240	-4	41		
4313	8.6260	-4	40		
4314	8.6280	-4	40		
4315	8.6300	-4	39		
4316	8.6320	-4	39		
4317	8.6340	-4	38		
4318	8.6360	-4	38		
4319	8.6380	-4	37		
4320	8.6400	-4	36		
4321	8.6420	-4	36		
4322	8.6440	-4	36		
4323	8.6460	-4	35		
4324	8.6480	-4	34		
4325	8.6500	-4	34		
4326	8.6520	-4	33		
4327	8.6540	-4	33		
4328	8.6560	-4	32		
4329	8.6580	-4	32		
4330	8.6600	-4	31		
4331	8.6620	-4	30		
4332	8.6640	-4	30		
4333	8.6660	-4	29		
4334	8.6680	-4	28		
4335	8.6700	-3	28		
4336	8.6720	-3	27		
4337	8.6740	-3	26		
4338	8.6760	-3	26		
4339	8.6780	-3	25		
4340	8.6800	-3	25		
4341	8.6820	-3	24		
4342	8.6840	-3	23		
4343	8.6860	-3	23		
4344	8.6880	-3	22		
4345	8.6900	-3	22		
4346	8.6920	-3	21		
4347	8.6940	-3	20		
4348	8.6960	-3	20		
4349	8.6980	-3	19		
4350	8.7000	-3	18		
4351	8.7020	-2	17		
4352	8.7040	-2	16		
4353	8.7060	-2	16		
4354	8.7080	-2	15		
4355	8.7100	-2	14		
4356	8.7120	-2	14		
4357	8.7140	-2	13		
4358	8.7160	-2	12		
4359	8.7180	-2	12		
4360	8.7200	-2	11		
4361	8.7220	-2	10		
4362	8.7240	-2	10		
4363	8.7260	-2	9		
4364	8.7280	-2	8		
4365	8.7300	-2	7		
4366	8.7320	-2	7		
4367	8.7340	-2	6		
4368	8.7360	-2	5		
4369	8.7380	-2	5		
4370	8.7400	-1	4		
4371	8.7420	-1	3		
4372	8.7440	-1	2		
4373	8.7460	-1	2		
4374	8.7480	-1	1		
4375	8.7500	-1	0		
4376	8.7520	-1	0		
4377	8.7540	-1	-1		
4378	8.7560	-1	-2		
4379	8.7580	-1	-2		
4380	8.7600	0	-3		
4381	8.7620	0	-4		
4382	8.7640	0	-5		
4383	8.7660	0	-5		
4384	8.7680	0	-6		
4385	8.7700	0	-7		
4386	8.7720	0	-8		
4387	8.7740	0	-8		
4388	8.7760	0	-9		
4389	8.7780	0	-10		
4390	8.7800	0	-10		
4391	8.7820	0	-11		
4392	8.7840	0	-12		
4393	8.7860	0	-12		
4394	8.7880	0	-13		
4395	8.7900	1	-14		
4396	8.7920	1	-14		
4397	8.7940	1	-15		
4398	8.7960	1	-16		
4399	8.7980	1	-16		
4400	8.8000	1	-17		
4401	8.8020	1	-18		
4402	8.8040	1	-19		
4403	8.8060	2	-20		
4404	8.8080	2	-20		
4405	8.8100	2	-21		
4406	8.8120	2	-22		
4407	8.8140	2	-22		
4408	8.8160	2	-23		
4409	8.8180	2	-24		
4410	8.8200	2	-24		
4411	8.8220	2	-25		
4412	8.8240	2	-26		
4413	8.8260	2	-26		
4414	8.8280	2	-27		
4415	8.8300	2	-28		
4416	8.8320	2	-28		
4417	8.8340	3	-29		
4418	8.8360	3	-29		
4419	8.8380	3	-30		
4420	8.8400	3	-30		
4421	8.8420	3	-31		
4422	8.8440	3	-32		
4423	8.8460	3	-32		
4424	8.8480	3	-33		
4425	8.8500	4	-34		
4426	8.8520	4	-34		
4427	8.8540	4	-35		
4428	8.8560	4	-35		
4429	8.8580	4	-36		
4430	8.8600	4	-36		
4431	8.8620	4	-37		
4432	8.8640	4	-38		
4433	8.8660	4	-38		
4434	8.8680	4	-38		
4435	8.8700	4	-39		
4436	8.8720	4	-40		
4437	8.8740	4	-40		
4438	8.8760	5	-41		
4439	8.8780	5	-41		
4440	8.8800	5	-42		
4441	8.8820	5	-42		
4442	8.8840	5	-43		
4443	8.8860	5	-43		
4444	8.8880	5	-44		
4445	8.8900	5	-44		
4446	8.8920	5	-44		
4447	8.8940	6	-45		
4448	8.8960	6	-45		
4449	8.8980	6	-46		
4450	8.9000	6	-46		
4451	8.9020	6	-47		
4452	8.9040	6	-47		
4453	8.9060	6	-48		
4454	8.9080	6	-48		
4455	8.9100	6	-48		
4456	8.9120	6	-49		
4457	8.9140	6	-49		
4458	8.9160	6	-50		
4459	8.9180	6	-50		
4460	8.9200	7	-50		
4461	8.9220	7	-51		
4462	8.9240	7	-51		
4463	8.9260	7	-51		
4464	8.9280	7	-52		
4465	8.9300	7	-52		
4466	8.9320	7	-52		
4467	8.9340	7	-53		
4468	8.9360	7	-53		
4469	8.9380	8	-53		
4470	8.9400	8	-54		
4471	8.9420	8	-54		
4472	8.9440	8	-54		
4473	8.9460	8	-54		
4474	8.9480	8	-54		
4475	8.9500	8	-55		
4476	8.9520	8	-55		
4477	8.9540	8	-55		
4478	8.9560	8	-56		
4479	8.9580	8	-56		
4480	8.9600	8	-56		
4481	8.9620	8	-56		
4482	8.9640	8	-56		
4483	8.9660	8	-56		
4484	8.9680	8	-56		
4485	8.9700	8	-57		
4486	8.9720	8	-57		
4487	8.9740	8	-57		
4488	8.9760	8	-57		
4489	8.9780	8	-57		
4490	8.9800	8	-57		
4491	8.9820	8	-57		
4492	8.9840	8	-58		
4493	8.9860	8	-58		
4494	8.9880	8	-58		
4495	8.9900	8	-58		
4496	8.9920	8	-58		
4497	8.9940	8	-58		
4498	8.9960	8	-58		
4499	8.9980	8	-58		
4500	9.0000	8	-58		
4501	9.0020	8	-58		
4502	9.0040	9	-58		
4503	9.0060	9	-58		
4504	9.0080	9	-58		
4505	9.0100	9	-58		
4506	9.0120	9	-58		
4507	9.0140	9	-58		
4508	9.0160	9	-58		
4509	9.0180	9	-58		
4510	9.0200	9	-58		
4511	9.0220	9	-57		
4512	9.0240	9	-57		
4513	9.0260	9	-57		
4514	9.0280	9	-57		
4515	9.0300	9	-57		
4516	9.0320	9	-57		
4517	9.0340	9	-57		
4518	9.0360	8	-56		
4519	9.0380	8	-56		
4520	9.0400	8	-56		
4521	9.0420	8	-56		
4522	9.0440	8	-56		
4523	9.0460	8	-56		
4524	9.0480	8	-56		
4525	9.0500	8	-55		
4526	9.0520	9	-55		
4527	9.0540	9	-55		
4528	9.0560	9	-54		
4529	9.0580	9	-54		
4530	9.0600	9	-54		
4531	9.0620	9	-54		
4532	9.0640	9	-54		
4533	9.0660	9	-53		
4534	9.0680	9	-53		
4535	9.0700	9	-53		
4536	9.0720	9	-52		
4537	9.0740	9	-52		
4538	9.0760	9	-52		
4539	9.0780	9	-51		
4540	9.0800	9	-51		
4541	9.0820	9	-51		
4542	9.0840	9	-50		
4543	9.0860	9	-50		
4544	9.0880	9	-50		
4545	9.0900	9	-49		
4546	9.0920	9	-49		
4547	9.0940	9	-48		
4548	9.0960	9	-48		
4549	9.0980	9	-48		
4550	9.1000	9	-47		
4551	9.1020	9	-47		
4552	9.1040	9	-46		
4553	9.1060	9	-46		
4554	9.1080	9	-45		
4555	9.1100	9	-45		
4556	9.1120	9	-44		
4557	9.1140	9	-44		
4558	9.1160	9	-44		
4559	9.1180	9	-43		
4560	9.1200	9	-42		
4561	9.1220	9	-42		
4562	9.1240	9	-42		
4563	9.1260	9	-41		
4564	9.1280	9	-40		
4565	9.1300	9	-40		
4566	9.1320	9	-40		
4567	9.1340	9	-39		
4568	9.1360	9	-38		
4569	9.1380	9	-38		
4570	9.1400	9	-37		
4571	9.1420	9	-37		
4572	9.1440	9	-36		
4573	9.1460	9	-36		
4574	9.1480	9	-35		
4575	9.1500	9	-34		
4576	9.1520	9	-34		
4577	9.1540	8	-33		
4578	9.1560	8	-33		
4579	9.1580	8	-32		
4580	9.1600	8	-32		
4581	9.1620	8	-31		
4582	9.1640	8	-30		
4583	9.1660	8	-30		
4584	9.1680	9	-29		
4585	9.1700	9	-28		
4586	9.1720	9	-28		
4587	9.1740	9	-27		
4588	9.1760	9	-26		
4589	9.1780	9	-26		
4590	9.1800	9	-25		
4591	9.1820	9	-25		
4592	9.1840	9	-24		
4593	9.1860	9	-23		
4594	9.1880	9	-23		
4595	9.1900	9	-22		
4596	9.1920	9	-21		
4597	9.1940	9	-21		
4598	9.1960	9	-20		
4599	9.1980	9	-19		
4600	9.2000	8	-19		
4601	9.2020	8	-18		
4602	9.2040	8	-17		
4603	9.2060	8	-16		
4604	9.2080	8	-16		
4605	9.2100	8	-15		
4606	9.2120	8	-14		
4607	9.2140	8	-14		
4608	9.2160	8	-13		
4609	9.2180	8	-12		
4610	9.2200	8	-11		
4611	9.2220	8	-11		
4612	9.2240	8	-10		
4613	9.2260	8	-9		
4614	9.2280	8	-8		
4615	9.2300	8	-8		
4616	9.2320	8	-7		
4617	9.2340	8	-6		
4618	9.2360	8	-6		
4619	9.2380	8	-5		
4620	9.2400	8	-4		
4621	9.2420	8	-3		
4622	9.2440	8	-3		
4623	9.2460	8	-2		
4624	9.2480	8	-1		
4625	9.2500	8	0		
4626	9.2520	8	0		
4627	9.2540	8	1		
4628	9.2560	8	2		
4629	9.2580	8	2		
4630	9.2600	8	3		
4631	9.2620	8	4		
4632	9.2640	7	4		
4633	9.2660	7	5		
4634	9.2680	7	6		
4635	9.2700	7	7		
4636	9.2720	7	8		
4637	9.2740	7	8		
4638	9.2760	7	9		
4639	9.2780	7	10		
4640	9.2800	7	10		
4641	9.2820	6	11		
4642	9.2840	6	12		
4643	9.2860	6	12		
4644	9.2880	6	13		
4645	9.2900	6	14		
4646	9.2920	6	14		
4647	9.2940	6	15		
4648	9.2960	6	16		
4649	9.2980	6	16		
4650	9.3000	6	17		
4651	9.3020	6	18		
4652	9.3040	6	19		
4653	9.3060	6	20		
4654	9.3080	6	20		
4655	9.3100	5	21		
4656	9.3120	5	22		
4657	9.3140	5	22		
4658	9.3160	5	23		
4659	9.3180	5	24		
4660	9.3200	5	24		
4661	9.3220	5	25		
4662	9.3240	5	26		
4663	9.3260	4	26		
4664	9.3280	4	27		
4665	9.3300	4	28		
4666	9.3320	4	28		
4667	9.3340	4	29		
4668	9.3360	4	30		
4669	9.3380	4	30		
4670	9.3400	4	31		
4671	9.3420	4	31		
4672	9.3440	4	32		
4673	9.3460	4	32		
4674	9.3480	4	33		
4675	9.3500	4	34		
4676	9.3520	3	34		
4677	9.3540	3	35		
4678	9.3560	3	36		
4679	9.3580	3	36		
4680	9.3600	3	37		
4681	9.3620	3	37		
4682	9.3640	3	38		
4683	9.3660	3	38		
4684	9.3680	3	39		
4685	9.3700	2	39		
4686	9.3720	2	40		
4687	9.3740	2	40		
4688	9.3760	2	41		
4689	9.3780	2	41		
4690	9.3800	2	42		
4691	9.3820	2	42		
4692	9.3840	2	43		
4693	9.3860	2	43		
4694	9.3880	2	44		
4695	9.3900	2	44		
4696	9.3920	2	45		
4697	9.3940	2	45		
4698	9.3960	1	46		
4699	9.3980	1	46		
4700	9.4000	1	46		
4701	9.4020	1	47		
4702	9.4040	1	48		
4703	9.4060	1	48		
4704	9.4080	1	48		
4705	9.4100	1	49		
4706	9.4120	0	49		
4707	9.4140	0	50		
4708	9.4160	0	50		
4709	9.4180	0	50		
4710	9.4200	0	50		
4711	9.4220	0	51		
4712	9.4240	0	51		
4713	9.4260	0	52		
4714	9.4280	0	52		
4715	9.4300	0	52		
4716	9.4320	0	52		
4717	9.4340	0	53		
4718	9.4360	0	53		
4719	9.4380	0	53		
4720	9.4400	0	54		
4721	9.4420	-1	54		
4722	9.4440	-1	54		
4723	9.4460	-1	54		
4724	9.4480	-1	54		
4725	9.4500	-1	55		
4726	9.4520	-1	55		
4727	9.4540	-1	55		
4728	9.4560	-1	55		
4729	9.4580	-1	56		
4730	9.4600	-1	56		
4731	9.4620	-1	56		
4732	9.4640	-2	56		
4733	9.4660	-2	56		
4734	9.4680	-2	56		
4735	9.4700	-2	56		
4736	9.4720	-2	57		
4737	9.4740	-2	57		
4738	9.4760	-2	57		
4739	9.4780	-2	57		
4740	9.4800	-2	57		
4741	9.4820	-2	57		
4742	9.4840	-2	57		
4743	9.4860	-2	57		
4744	9.4880	-2	57		
4745	9.4900	-2	57		
4746	9.4920	-2	57		
4747	9.4940	-2	57		
4748	9.4960	-2	57		
4749	9.4980	-2	57		
4750	9.5000	-2	57		
4751	9.5020	-3	57		
4752	9.5040	-3	57		
4753	9.5060	-3	57		
4754	9.5080	-3	57		
4755	9.5100	-3	57		
4756	9.5120	-3	57		
4757	9.5140	-3	57		
4758	9.5160	-3	57		
4759	9.5180	-3	57		
4760	9.5200	-3	57		
4761	9.5220	-3	57		
4762	9.5240	-3	56		
4763	9.5260	-3	56		
4764	9.5280	-3	56		
4765	9.5300	-3	56		
4766	9.5320	-3	56		
4767	9.5340	-3	56		
4768	9.5360	-4	56		
4769	9.5380	-4	56		
4770	9.5400	-4	55		
4771	9.5420	-4	55		
4772	9.5440	-4	55		
4773	9.5460	-4	55		
4774	9.5480	-4	54		
4775	9.5500	-4	54		
4776	9.5520	-4	54		
4777	9.5540	-4	54		
4778	9.5560	-4	54		
4779	9.5580	-4	53		
4780	9.5600	-4	53		
4781	9.5620	-4	53		
4782	9.5640	-4	52		
4783	9.5660	-4	52		
4784	9.5680	-4	52		
4785	9.5700	-4	52		
4786	9.5720	-4	51		
4787	9.5740	-4	51		
4788	9.5760	-4	50		
4789	9.5780	-4	50		
4790	9.5800	-4	50		
4791	9.5820	-4	50		
4792	9.5840	-4	49		
4793	9.5860	-4	49		
4794	9.5880	-4	48		
4795	9.5900	-4	48		
4796	9.5920	-4	48		
4797	9.5940	-4	47		
4798	9.5960	-4	47		
4799	9.5980	-4	46		
4800	9.6000	-4	46		
4801	9.6020	-4	46		
4802	9.6040	-4	45		
4803	9.6060	-4	45		
4804	9.6080	-4	44		
4805	9.6100	-4	44		
4806	9.6120	-4	43		
4807	9.6140	-4	43		
4808	9.6160	-4	42		
4809	9.6180	-4	42		
4810	9.6200	-4	41		
4811	9.6220	-4	41		
4812	9.6240	-4	40		
4813	9.6260	-4	40		
4814	9.6280	-4	39		
4815	9.6300	-4	39		
4816	9.6320	-4	38		
4817	9.6340	-4	38		
4818	9.6360	-4	37		
4819	9.6380	-4	37		
4820	9.6400	-4	36		
4821	9.6420	-4	36		
4822	9.6440	-4	35		
4823	9.6460	-4	34		
4824	9.6480	-4	34		
4825	9.6500	-4	34		
4826	9.6520	-4	33		
4827	9.6540	-4	32		
4828	9.6560	-4	32		
4829	9.6580	-4	31		
4830	9.6600	-4	30		
4831	9.6620	-4	30		
4832	9.6640	-4	29		
4833	9.6660	-3	29		
4834	9.6680	-3	28		
4835	9.6700	-3	28		
4836	9.6720	-3	27		
4837	9.6740	-3	26		
4838	9.6760	-3	26		
4839	9.6780	-3	25		
4840	9.6800	-3	24		
4841	9.6820	-3	24		
4842	9.6840	-3	23		
4843	9.6860	-3	22		
4844	9.6880	-3	22		
4845	9.6900	-3	21		
4846	9.6920	-3	20		
4847	9.6940	-3	20		
4848	9.6960	-3	19		
4849	9.6980	-3	18		
4850	9.7000	-2	18		
4851	9.7020	-2	17		
4852	9.7040	-2	16		
4853	9.7060	-2	16		
4854	9.7080	-2	15		
4855	9.7100	-2	14		
4856	9.7120	-2	13		
4857	9.7140	-2	13		
4858	9.7160	-2	12		
4859	9.7180	-2	11		
4860	9.7200	-2	10		
4861	9.7220	-2	10		
4862	9.7240	-2	9		
4863	9.7260	-2	8		
4864	9.7280	-2	8		
4865	9.7300	-2	7		
4866	9.7320	-2	6		
4867	9.7340	-2	6		
4868	9.7360	-2	5		
4869	9.7380	-1	4		
4870	9.7400	-1	4		
4871	9.7420	-1	3		
4872	9.7440	-1	2		
4873	9.7460	-1	2		
4874	9.7480	-1	1		
4875	9.7500	-1	0		
4876	9.7520	-1	-1		
4877	9.7540	-1	-2		
4878	9.7560	-1	-2		
4879	9.7580	0	-3		
4880	9.7600	0	-4		
4881	9.7620	0	-4		
4882	9.7640	0	-5		
4883	9.7660	0	-6		
4884	9.7680	0	-6		
4885	9.7700	0	-7		
4886	9.7720	0	-8		
4887	9.7740	0	-8		
4888	9.7760	0	-9		
4889	9.7780	0	-10		
4890	9.7800	0	-10		
4891	9.7820	0	-11		
4892	9.7840	0	-12		
4893	9.7860	0	-13		
4894	9.7880	1	-14		
4895	9.7900	1	-14		
4896	9.7920	1	-15		
4897	9.7940	1	-16		
4898	9.7960	1	-16		
4899	9.7980	1	-17		
4900	9.8000	1	-18		
4901	9.8020	1	-18		
4902	9.8040	1	-19		
4903	9.8060	2	-20		
4904	9.8080	2	-20		
4905	9.8100	2	-21		
4906	9.8120	2	-22		
4907	9.8140	2	-22		
4908	9.8160	2	-23		
4909	9.8180	2	-24		
4910	9.8200	2	-24		
4911	9.8220	2	-25		
4912	9.8240	2	-26		
4913	9.8260	2	-26		
4914	9.8280	2	-27		
4915	9.8300	2	-28		
4916	9.8320	3	-28		
4917	9.8340	3	-29		
4918	9.8360	3	-30		
4919	9.8380	3	-30		
4920	9.8400	3	-31		
4921	9.8420	3	-32		
4922	9.8440	3	-32		
4923	9.8460	3	-32		
4924	9.8480	4	-33		
4925	9.8500	4	-34		
4926	9.8520	4	-34		
4927	9.8540	4	-35		
4928	9.8560	4	-36		
4929	9.8580	4	-36		
4930	9.8600	4	-36		
4931	9.8620	4	-37		
4932	9.8640	4	-38		
4933	9.8660	4	-38		
4934	9.8680	4	-39		
4935	9.8700	4	-39		
4936	9.8720	4	-40		
4937	9.8740	4	-40		
4938	9.8760	5	-41		
4939	9.8780	5	-41		
4940	9.8800	5	-42		
4941	9.8820	5	-42		
4942	9.8840	5	-43		
4943	9.8860	5	-43		
4944	9.8880	5	-44		
4945	9.8900	5	-44		
4946	9.8920	6	-45		
4947	9.8940	6	-45		
4948	9.8960	6	-46		
4949	9.8980	6	-46		
4950	9.9000	6	-46		
4951	9.9020	6	-47		
4952	9.9040	6	-48		
4953	9.9060	6	-48		
4954	9.9080	6	-48		
4955	9.9100	6	-49		
4956	9.9120	6	-49		
4957	9.9140	6	-50		
4958	9.9160	6	-50		
4959	9.9180	7	-50		
4960	9.9200	7	-50		
4961	9.9220	7	-51		
4962	9.9240	7	-51		
4963	9.9260	7	-52		
4964	9.9280	7	-52		
4965	9.9300	7	-52		
4966	9.9320	7	-52		
4967	9.9340	7	-53		
4968	9.9360	8	-53		
4969	9.9380	8	-53		
4970	9.9400	8	-54		
4971	9.9420	8	-54		
4972	9.9440	8	-54		
4973	9.9460	8	-54		
4974	9.9480	8	-54		
4975	9.9500	8	-55		
4976	9.9520	8	-55		
4977	9.9540	8	-55		
4978	9.9560	8	-56		
4979	9.9580	8	-56		
4980	9.9600	8	-56		
4981	9.9620	8	-56		
4982	9.9640	8	-56		
4983	9.9660	8	-56		
4984	9.9680	8	-56		
4985	9.9700	8	-57		
4986	9.9720	8	-57		
4987	9.9740	8	-57		
4988	9.9760	8	-57		
4989	9.9780	8	-57		
4990	9.9800	8	-57		
4991	9.9820	8	-57		
4992	9.9840	8	-57		
4993	9.9860	8	-58		
4994	9.9880	8	-58		
4995	9.9900	8	-58		
4996	9.9920	8	-58		
4997	9.9940	8	-58		
4998	9.9960	8	-58		
4999	9.9980	8	-58		
5000	10.0000	8	-58		
