#	time(s)	count A	count B	count C	count D
1	0.0020	-1	12		
2	0.0040	-1	12		
3	0.0060	-1	13		
4	0.0080	-1	13		
5	0.0100	-1	13		
6	0.0120	-1	13		
7	0.0140	-1	14		
8	0.0160	-1	14		
9	0.0180	-1	14		
10	0.0200	-2	14		
11	0.0220	-2	14		
12	0.0240	-2	14		
13	0.0260	-2	14		
14	0.0280	-2	15		
15	0.0300	-2	15		
16	0.0320	-2	15		
17	0.0340	-2	15		
18	0.0360	-2	15		
19	0.0380	-2	16		
20	0.0400	-2	16		
21	0.0420	-2	16		
22	0.0440	-2	16		
23	0.0460	-2	16		
24	0.0480	-2	16		
25	0.0500	-2	16		
26	0.0520	-2	16		
27	0.0540	-2	17		
28	0.0560	-3	17		
29	0.0580	-3	17		
30	0.0600	-3	17		
31	0.0620	-3	17		
32	0.0640	-3	17		
33	0.0660	-3	17		
34	0.0680	-3	17		
35	0.0700	-3	18		
36	0.0720	-3	18		
37	0.0740	-3	18		
38	0.0760	-3	18		
39	0.0780	-3	18		
40	0.0800	-3	18		
41	0.0820	-3	18		
42	0.0840	-3	18		
43	0.0860	-4	18		
44	0.0880	-4	18		
45	0.0900	-4	18		
46	0.0920	-4	18		
47	0.0940	-4	18		
48	0.0960	-4	18		
49	0.0980	-4	18		
50	0.1000	-4	19		
51	0.1020	-4	19		
52	0.1040	-4	19		
53	0.1060	-4	19		
54	0.1080	-4	19		
55	0.1100	-4	19		
56	0.1120	-4	19		
57	0.1140	-4	19		
58	0.1160	-4	19		
59	0.1180	-4	19		
60	0.1200	-4	19		
61	0.1220	-4	19		
62	0.1240	-4	19		
63	0.1260	-4	19		
64	0.1280	-4	19		
65	0.1300	-4	19		
66	0.1320	-4	19		
67	0.1340	-4	19		
68	0.1360	-4	19		
69	0.1380	-4	19		
70	0.1400	-4	19		
71	0.1420	-4	19		
72	0.1440	-4	19		
73	0.1460	-4	19		
74	0.1480	-4	19		
75	0.1500	-4	19		
76	0.1520	-4	19		
77	0.1540	-4	19		
78	0.1560	-4	19		
79	0.1580	-4	19		
80	0.1600	-4	19		
81	0.1620	-4	18		
82	0.1640	-4	18		
83	0.1660	-4	18		
84	0.1680	-4	18		
85	0.1700	-4	18		
86	0.1720	-4	18		
87	0.1740	-4	18		
88	0.1760	-4	18		
89	0.1780	-4	18		
90	0.1800	-4	18		
91	0.1820	-4	18		
92	0.1840	-4	18		
93	0.1860	-4	18		
94	0.1880	-4	18		
95	0.1900	-4	18		
96	0.1920	-4	17		
97	0.1940	-4	17		
98	0.1960	-4	17		
99	0.1980	-4	17		
100	0.2000	-4	17		
101	0.2020	-4	17		
102	0.2040	-4	16		
103	0.2060	-4	16		
104	0.2080	-4	16		
105	0.2100	-3	16		
106	0.2120	-3	16		
107	0.2140	-3	16		
108	0.2160	-3	16		
109	0.2180	-3	16		
110	0.2200	-3	16		
111	0.2220	-3	15		
112	0.2240	-3	15		
113	0.2260	-3	15		
114	0.2280	-3	15		
115	0.2300	-3	15		
116	0.2320	-3	14		
117	0.2340	-3	14		
118	0.2360	-3	14		
119	0.2380	-3	14		
120	0.2400	-2	14		
121	0.2420	-2	14		
122	0.2440	-2	14		
123	0.2460	-2	13		
124	0.2480	-2	13		
125	0.2500	-2	13		
126	0.2520	-2	13		
127	0.2540	-2	12		
128	0.2560	-2	12		
129	0.2580	-2	12		
130	0.2600	-2	12		
131	0.2620	-2	12		
132	0.2640	-2	12		
133	0.2660	-2	11		
134	0.2680	-2	11		
135	0.2700	-2	11		
136	0.2720	-2	11		
137	0.2740	-2	10		
138	0.2760	-1	10		
139	0.2780	-1	10		
140	0.2800	-1	10		
141	0.2820	-1	10		
142	0.2840	-1	10		
143	0.2860	-1	9		
144	0.2880	-1	9		
145	0.2900	-1	9		
146	0.2920	-1	8		
147	0.2940	-1	8		
148	0.2960	0	8		
149	0.2980	0	8		
150	0.3000	0	8		
151	0.3020	0	7		
152	0.3040	0	7		
153	0.3060	0	7		
154	0.3080	0	6		
155	0.3100	0	6		
156	0.3120	0	6		
157	0.3140	0	6		
158	0.3160	0	6		
159	0.3180	0	5		
160	0.3200	0	5		
161	0.3220	1	5		
162	0.3240	1	5		
163	0.3260	1	4		
164	0.3280	1	4		
165	0.3300	1	4		
166	0.3320	1	4		
167	0.3340	1	3		
168	0.3360	1	3		
169	0.3380	1	3		
170	0.3400	2	2		
171	0.3420	2	2		
172	0.3440	2	2		
173	0.3460	2	2		
174	0.3480	2	2		
175	0.3500	2	1		
176	0.3520	2	1		
177	0.3540	2	1		
178	0.3560	2	0		
179	0.3580	2	0		
180	0.3600	2	0		
181	0.3620	2	0		
182	0.3640	3	0		
183	0.3660	3	-1		
184	0.3680	3	-1		
185	0.3700	3	-1		
186	0.3720	3	-2		
187	0.3740	3	-2		
188	0.3760	3	-2		
189	0.3780	3	-2		
190	0.3800	4	-2		
191	0.3820	4	-3		
192	0.3840	4	-3		
193	0.3860	4	-3		
194	0.3880	4	-4		
195	0.3900	4	-4		
196	0.3920	4	-4		
197	0.3940	4	-4		
198	0.3960	4	-4		
199	0.3980	4	-5		
200	0.4000	4	-5		
201	0.4020	5	-5		
202	0.4040	5	-6		
203	0.4060	5	-6		
204	0.4080	5	-6		
205	0.4100	5	-6		
206	0.4120	5	-7		
207	0.4140	5	-7		
208	0.4160	5	-7		
209	0.4180	6	-7		
210	0.4200	6	-8		
211	0.4220	6	-8		
212	0.4240	6	-8		
213	0.4260	6	-8		
214	0.4280	6	-8		
215	0.4300	6	-9		
216	0.4320	6	-9		
217	0.4340	6	-9		
218	0.4360	6	-10		
219	0.4380	6	-10		
220	0.4400	6	-10		
221	0.4420	6	-10		
222	0.4440	7	-10		
223	0.4460	7	-10		
224	0.4480	7	-11		
225	0.4500	7	-11		
226	0.4520	7	-11		
227	0.4540	7	-12		
228	0.4560	7	-12		
229	0.4580	7	-12		
230	0.4600	7	-12		
231	0.4620	8	-12		
232	0.4640	8	-12		
233	0.4660	8	-13		
234	0.4680	8	-13		
235	0.4700	8	-13		
236	0.4720	8	-13		
237	0.4740	8	-13		
238	0.4760	8	-14		
239	0.4780	8	-14		
240	0.4800	8	-14		
241	0.4820	8	-14		
242	0.4840	8	-14		
243	0.4860	8	-14		
244	0.4880	8	-15		
245	0.4900	8	-15		
246	0.4920	8	-15		
247	0.4940	8	-15		
248	0.4960	8	-15		
249	0.4980	8	-16		
250	0.5000	8	-16		
251	0.5020	8	-16		
252	0.5040	8	-16		
253	0.5060	8	-16		
254	0.5080	8	-16		
255	0.5100	8	-16		
256	0.5120	8	-16		
257	0.5140	8	-17		
258	0.5160	8	-17		
259	0.5180	8	-17		
260	0.5200	9	-17		
261	0.5220	9	-17		
262	0.5240	9	-17		
263	0.5260	9	-18		
264	0.5280	9	-18		
265	0.5300	9	-18		
266	0.5320	9	-18		
267	0.5340	9	-18		
268	0.5360	9	-18		
269	0.5380	9	-18		
270	0.5400	9	-18		
271	0.5420	9	-18		
272	0.5440	9	-18		
273	0.5460	9	-18		
274	0.5480	9	-18		
275	0.5500	8	-18		
276	0.5520	8	-19		
277	0.5540	8	-19		
278	0.5560	8	-19		
279	0.5580	8	-19		
280	0.5600	9	-19		
281	0.5620	9	-19		
282	0.5640	9	-19		
283	0.5660	9	-19		
284	0.5680	9	-19		
285	0.5700	9	-19		
286	0.5720	9	-19		
287	0.5740	9	-19		
288	0.5760	9	-19		
289	0.5780	9	-19		
290	0.5800	9	-19		
291	0.5820	9	-19		
292	0.5840	9	-20		
293	0.5860	9	-20		
294	0.5880	9	-20		
295	0.5900	9	-20		
296	0.5920	9	-20		
297	0.5940	9	-20		
298	0.5960	9	-20		
299	0.5980	9	-20		
300	0.6000	9	-20		
301	0.6020	9	-20		
302	0.6040	9	-20		
303	0.6060	9	-20		
304	0.6080	9	-20		
305	0.6100	9	-19		
306	0.6120	9	-19		
307	0.6140	9	-19		
308	0.6160	9	-19		
309	0.6180	9	-19		
310	0.6200	9	-19		
311	0.6220	9	-19		
312	0.6240	9	-19		
313	0.6260	9	-19		
314	0.6280	9	-19		
315	0.6300	9	-19		
316	0.6320	9	-19		
317	0.6340	9	-19		
318	0.6360	9	-19		
319	0.6380	9	-19		
320	0.6400	9	-19		
321	0.6420	9	-18		
322	0.6440	9	-18		
323	0.6460	9	-18		
324	0.6480	9	-18		
325	0.6500	9	-18		
326	0.6520	9	-18		
327	0.6540	9	-18		
328	0.6560	9	-18		
329	0.6580	9	-18		
330	0.6600	9	-18		
331	0.6620	9	-18		
332	0.6640	9	-18		
333	0.6660	9	-17		
334	0.6680	9	-17		
335	0.6700	8	-17		
336	0.6720	8	-17		
337	0.6740	8	-17		
338	0.6760	8	-17		
339	0.6780	8	-16		
340	0.6800	8	-16		
341	0.6820	9	-16		
342	0.6840	9	-16		
343	0.6860	9	-16		
344	0.6880	9	-16		
345	0.6900	9	-16		
346	0.6920	9	-16		
347	0.6940	9	-15		
348	0.6960	9	-15		
349	0.6980	9	-15		
350	0.7000	9	-15		
351	0.7020	9	-15		
352	0.7040	9	-14		
353	0.7060	9	-14		
354	0.7080	8	-14		
355	0.7100	8	-14		
356	0.7120	8	-14		
357	0.7140	8	-14		
358	0.7160	8	-13		
359	0.7180	8	-13		
360	0.7200	8	-13		
361	0.7220	8	-13		
362	0.7240	8	-13		
363	0.7260	8	-12		
364	0.7280	8	-12		
365	0.7300	8	-12		
366	0.7320	8	-12		
367	0.7340	8	-12		
368	0.7360	8	-12		
369	0.7380	8	-11		
370	0.7400	8	-11		
371	0.7420	8	-11		
372	0.7440	8	-10		
373	0.7460	8	-10		
374	0.7480	8	-10		
375	0.7500	8	-10		
376	0.7520	8	-10		
377	0.7540	8	-10		
378	0.7560	8	-9		
379	0.7580	8	-9		
380	0.7600	8	-9		
381	0.7620	8	-8		
382	0.7640	8	-8		
383	0.7660	8	-8		
384	0.7680	7	-8		
385	0.7700	7	-8		
386	0.7720	7	-7		
387	0.7740	7	-7		
388	0.7760	7	-7		
389	0.7780	7	-7		
390	0.7800	7	-6		
391	0.7820	7	-6		
392	0.7840	6	-6		
393	0.7860	6	-6		
394	0.7880	6	-5		
395	0.7900	6	-5		
396	0.7920	6	-5		
397	0.7940	6	-5		
398	0.7960	6	-4		
399	0.7980	6	-4		
400	0.8000	6	-4		
401	0.8020	6	-4		
402	0.8040	6	-3		
403	0.8060	6	-3		
404	0.8080	6	-3		
405	0.8100	5	-2		
406	0.8120	5	-2		
407	0.8140	5	-2		
408	0.8160	5	-2		
409	0.8180	5	-2		
410	0.8200	5	-1		
411	0.8220	5	-1		
412	0.8240	5	-1		
413	0.8260	4	0		
414	0.8280	4	0		
415	0.8300	4	0		
416	0.8320	4	0		
417	0.8340	4	0		
418	0.8360	4	1		
419	0.8380	4	1		
420	0.8400	4	1		
421	0.8420	4	2		
422	0.8440	4	2		
423	0.8460	4	2		
424	0.8480	4	2		
425	0.8500	3	3		
426	0.8520	3	3		
427	0.8540	3	3		
428	0.8560	3	3		
429	0.8580	3	4		
430	0.8600	3	4		
431	0.8620	3	4		
432	0.8640	2	4		
433	0.8660	2	5		
434	0.8680	2	5		
435	0.8700	2	5		
436	0.8720	2	5		
437	0.8740	2	6		
438	0.8760	2	6		
439	0.8780	2	6		
440	0.8800	2	6		
441	0.8820	2	6		
442	0.8840	2	7		
443	0.8860	2	7		
444	0.8880	2	7		
445	0.8900	1	8		
446	0.8920	1	8		
447	0.8940	1	8		
448	0.8960	1	8		
449	0.8980	1	8		
450	0.9000	1	9		
451	0.9020	1	9		
452	0.9040	1	9		
453	0.9060	0	10		
454	0.9080	0	10		
455	0.9100	0	10		
456	0.9120	0	10		
457	0.9140	0	10		
458	0.9160	0	10		
459	0.9180	0	11		
460	0.9200	0	11		
461	0.9220	0	11		
462	0.9240	0	11		
463	0.9260	0	12		
464	0.9280	0	12		
465	0.9300	0	12		
466	0.9320	0	12		
467	0.9340	-1	12		
468	0.9360	-1	12		
469	0.9380	-1	13		
470	0.9400	-1	13		
471	0.9420	-1	13		
472	0.9440	-1	13		
473	0.9460	-1	14		
474	0.9480	-1	14		
475	0.9500	-1	14		
476	0.9520	-2	14		
477	0.9540	-2	14		
478	0.9560	-2	14		
479	0.9580	-2	14		
480	0.9600	-2	15		
481	0.9620	-2	15		
482	0.9640	-2	15		
483	0.9660	-2	15		
484	0.9680	-2	15		
485	0.9700	-2	16		
486	0.9720	-2	16		
487	0.9740	-2	16		
488	0.9760	-2	16		
489	0.9780	-2	16		
490	0.9800	-2	16		
491	0.9820	-2	16		
492	0.9840	-2	16		
493	0.9860	-2	16		
494	0.9880	-3	17		
495	0.9900	-3	17		
496	0.9920	-3	17		
497	0.9940	-3	17		
498	0.9960	-3	17		
499	0.9980	-3	17		
500	1.0000	-3	17		
501	1.0020	-3	18		
502	1.0040	-3	18		
503	1.0060	-3	18		
504	1.0080	-3	18		
505	1.0100	-3	18		
506	1.0120	-3	18		
507	1.0140	-3	18		
508	1.0160	-3	18		
509	1.0180	-4	18		
510	1.0200	-4	18		
511	1.0220	-4	18		
512	1.0240	-4	18		
513	1.0260	-4	18		
514	1.0280	-4	18		
515	1.0300	-4	18		
516	1.0320	-4	19		
517	1.0340	-4	19		
518	1.0360	-4	19		
519	1.0380	-4	19		
520	1.0400	-4	19		
521	1.0420	-4	19		
522	1.0440	-4	19		
523	1.0460	-4	19		
524	1.0480	-4	19		
525	1.0500	-4	19		
526	1.0520	-4	19		
527	1.0540	-4	19		
528	1.0560	-4	19		
529	1.0580	-4	19		
530	1.0600	-4	19		
531	1.0620	-4	19		
532	1.0640	-4	19		
533	1.0660	-4	19		
534	1.0680	-4	19		
535	1.0700	-4	19		
536	1.0720	-4	19		
537	1.0740	-4	19		
538	1.0760	-4	19		
539	1.0780	-4	19		
540	1.0800	-4	19		
541	1.0820	-4	19		
542	1.0840	-4	19		
543	1.0860	-4	19		
544	1.0880	-4	19		
545	1.0900	-4	19		
546	1.0920	-4	19		
547	1.0940	-4	18		
548	1.0960	-4	18		
549	1.0980	-4	18		
550	1.1000	-4	18		
551	1.1020	-4	18		
552	1.1040	-4	18		
553	1.1060	-4	18		
554	1.1080	-4	18		
555	1.1100	-4	18		
556	1.1120	-4	18		
557	1.1140	-4	18		
558	1.1160	-4	18		
559	1.1180	-4	18		
560	1.1200	-4	18		
561	1.1220	-4	17		
562	1.1240	-4	17		
563	1.1260	-4	17		
564	1.1280	-4	17		
565	1.1300	-4	17		
566	1.1320	-4	17		
567	1.1340	-4	17		
568	1.1360	-4	16		
569	1.1380	-4	16		
570	1.1400	-4	16		
571	1.1420	-4	16		
572	1.1440	-3	16		
573	1.1460	-3	16		
574	1.1480	-3	16		
575	1.1500	-3	16		
576	1.1520	-3	16		
577	1.1540	-3	15		
578	1.1560	-3	15		
579	1.1580	-3	15		
580	1.1600	-3	15		
581	1.1620	-3	15		
582	1.1640	-3	14		
583	1.1660	-3	14		
584	1.1680	-3	14		
585	1.1700	-3	14		
586	1.1720	-2	14		
587	1.1740	-2	14		
588	1.1760	-2	14		
589	1.1780	-2	13		
590	1.1800	-2	13		
591	1.1820	-2	13		
592	1.1840	-2	13		
593	1.1860	-2	12		
594	1.1880	-2	12		
595	1.1900	-2	12		
596	1.1920	-2	12		
597	1.1940	-2	12		
598	1.1960	-2	12		
599	1.1980	-2	11		
600	1.2000	-2	11		
601	1.2020	-2	11		
602	1.2040	-2	11		
603	1.2060	-2	10		
604	1.2080	-1	10		
605	1.2100	-1	10		
606	1.2120	-1	10		
607	1.2140	-1	10		
608	1.2160	-1	9		
609	1.2180	-1	9		
610	1.2200	-1	9		
611	1.2220	-1	9		
612	1.2240	-1	8		
613	1.2260	-1	8		
614	1.2280	0	8		
615	1.2300	0	8		
616	1.2320	0	8		
617	1.2340	0	7		
618	1.2360	0	7		
619	1.2380	0	7		
620	1.2400	0	6		
621	1.2420	0	6		
622	1.2440	0	6		
623	1.2460	0	6		
624	1.2480	0	6		
625	1.2500	0	5		
626	1.2520	0	5		
627	1.2540	0	5		
628	1.2560	1	5		
629	1.2580	1	4		
630	1.2600	1	4		
631	1.2620	1	4		
632	1.2640	1	4		
633	1.2660	1	3		
634	1.2680	1	3		
635	1.2700	1	3		
636	1.2720	2	3		
637	1.2740	2	2		
638	1.2760	2	2		
639	1.2780	2	2		
640	1.2800	2	2		
641	1.2820	2	1		
642	1.2840	2	1		
643	1.2860	2	1		
644	1.2880	2	0		
645	1.2900	2	0		
646	1.2920	2	0		
647	1.2940	2	0		
648	1.2960	3	0		
649	1.2980	3	-1		
650	1.3000	3	-1		
651	1.3020	3	-1		
652	1.3040	3	-2		
653	1.3060	3	-2		
654	1.3080	3	-2		
655	1.3100	3	-2		
656	1.3120	4	-3		
657	1.3140	4	-3		
658	1.3160	4	-3		
659	1.3180	4	-3		
660	1.3200	4	-4		
661	1.3220	4	-4		
662	1.3240	4	-4		
663	1.3260	4	-4		
664	1.3280	4	-4		
665	1.3300	4	-5		
666	1.3320	4	-5		
667	1.3340	4	-5		
668	1.3360	5	-6		
669	1.3380	5	-6		
670	1.3400	5	-6		
671	1.3420	5	-6		
672	1.3440	5	-6		
673	1.3460	5	-7		
674	1.3480	5	-7		
675	1.3500	5	-7		
676	1.3520	6	-8		
677	1.3540	6	-8		
678	1.3560	6	-8		
679	1.3580	6	-8		
680	1.3600	6	-8		
681	1.3620	6	-9		
682	1.3640	6	-9		
683	1.3660	6	-9		
684	1.3680	6	-9		
685	1.3700	6	-10		
686	1.3720	6	-10		
687	1.3740	6	-10		
688	1.3760	6	-10		
689	1.3780	7	-10		
690	1.3800	7	-11		
691	1.3820	7	-11		
692	1.3840	7	-11		
693	1.3860	7	-11		
694	1.3880	7	-12		
695	1.3900	7	-12		
696	1.3920	7	-12		
697	1.3940	8	-12		
698	1.3960	8	-12		
699	1.3980	8	-12		
700	1.4000	8	-13		
701	1.4020	8	-13		
702	1.4040	8	-13		
703	1.4060	8	-14		
704	1.4080	8	-14		
705	1.4100	8	-14		
706	1.4120	8	-14		
707	1.4140	8	-14		
708	1.4160	8	-14		
709	1.4180	8	-14		
710	1.4200	8	-15		
711	1.4220	8	-15		
712	1.4240	8	-15		
713	1.4260	8	-15		
714	1.4280	8	-15		
715	1.4300	8	-16		
716	1.4320	8	-16		
717	1.4340	8	-16		
718	1.4360	8	-16		
719	1.4380	8	-16		
720	1.4400	8	-16		
721	1.4420	8	-16		
722	1.4440	8	-16		
723	1.4460	8	-17		
724	1.4480	8	-17		
725	1.4500	8	-17		
726	1.4520	9	-17		
727	1.4540	9	-17		
728	1.4560	9	-17		
729	1.4580	9	-17		
730	1.4600	9	-18		
731	1.4620	9	-18		
732	1.4640	9	-18		
733	1.4660	9	-18		
734	1.4680	9	-18		
735	1.4700	9	-18		
736	1.4720	9	-18		
737	1.4740	9	-18		
738	1.4760	9	-18		
739	1.4780	9	-18		
740	1.4800	9	-18		
741	1.4820	8	-18		
742	1.4840	8	-19		
743	1.4860	8	-19		
744	1.4880	8	-19		
745	1.4900	8	-19		
746	1.4920	9	-19		
747	1.4940	9	-19		
748	1.4960	9	-19		
749	1.4980	9	-19		
750	1.5000	9	-19		
751	1.5020	9	-19		
752	1.5040	9	-19		
753	1.5060	9	-19		
754	1.5080	9	-19		
755	1.5100	9	-19		
756	1.5120	9	-19		
757	1.5140	9	-19		
758	1.5160	9	-19		
759	1.5180	9	-19		
760	1.5200	9	-19		
761	1.5220	9	-20		
762	1.5240	9	-20		
763	1.5260	9	-20		
764	1.5280	9	-20		
765	1.5300	9	-20		
766	1.5320	9	-20		
767	1.5340	9	-20		
768	1.5360	9	-20		
769	1.5380	9	-19		
770	1.5400	9	-19		
771	1.5420	9	-19		
772	1.5440	9	-19		
773	1.5460	9	-19		
774	1.5480	9	-19		
775	1.5500	9	-19		
776	1.5520	9	-19		
777	1.5540	9	-19		
778	1.5560	9	-19		
779	1.5580	9	-19		
780	1.5600	9	-19		
781	1.5620	9	-19		
782	1.5640	9	-19		
783	1.5660	9	-19		
784	1.5680	9	-19		
785	1.5700	9	-19		
786	1.5720	9	-18		
787	1.5740	9	-18		
788	1.5760	9	-18		
789	1.5780	9	-18		
790	1.5800	9	-18		
791	1.5820	9	-18		
792	1.5840	9	-18		
793	1.5860	9	-18		
794	1.5880	9	-18		
795	1.5900	9	-18		
796	1.5920	9	-18		
797	1.5940	9	-18		
798	1.5960	9	-18		
799	1.5980	9	-17		
800	1.6000	9	-17		
801	1.6020	8	-17		
802	1.6040	8	-17		
803	1.6060	8	-17		
804	1.6080	8	-17		
805	1.6100	8	-16		
806	1.6120	8	-16		
807	1.6140	9	-16		
808	1.6160	9	-16		
809	1.6180	9	-16		
810	1.6200	9	-16		
811	1.6220	9	-16		
812	1.6240	9	-16		
813	1.6260	9	-15		
814	1.6280	9	-15		
815	1.6300	9	-15		
816	1.6320	9	-15		
817	1.6340	9	-15		
818	1.6360	9	-14		
819	1.6380	9	-14		
820	1.6400	9	-14		
821	1.6420	8	-14		
822	1.6440	8	-14		
823	1.6460	8	-14		
824	1.6480	8	-14		
825	1.6500	8	-13		
826	1.6520	8	-13		
827	1.6540	8	-13		
828	1.6560	8	-13		
829	1.6580	8	-12		
830	1.6600	8	-12		
831	1.6620	8	-12		
832	1.6640	8	-12		
833	1.6660	8	-12		
834	1.6680	8	-12		
835	1.6700	8	-11		
836	1.6720	8	-11		
837	1.6740	8	-11		
838	1.6760	8	-10		
839	1.6780	8	-10		
840	1.6800	8	-10		
841	1.6820	8	-10		
842	1.6840	8	-10		
843	1.6860	8	-10		
844	1.6880	8	-9		
845	1.6900	8	-9		
846	1.6920	8	-9		
847	1.6940	8	-8		
848	1.6960	8	-8		
849	1.6980	8	-8		
850	1.7000	8	-8		
851	1.7020	7	-8		
852	1.7040	7	-7		
853	1.7060	7	-7		
854	1.7080	7	-7		
855	1.7100	7	-6		
856	1.7120	7	-6		
857	1.7140	7	-6		
858	1.7160	6	-6		
859	1.7180	6	-6		
860	1.7200	6	-5		
861	1.7220	6	-5		
862	1.7240	6	-5		
863	1.7260	6	-4		
864	1.7280	6	-4		
865	1.7300	6	-4		
866	1.7320	6	-4		
867	1.7340	6	-4		
868	1.7360	6	-3		
869	1.7380	6	-3		
870	1.7400	6	-3		
871	1.7420	6	-2		
872	1.7440	5	-2		
873	1.7460	5	-2		
874	1.7480	5	-2		
875	1.7500	5	-2		
876	1.7520	5	-1		
877	1.7540	5	-1		
878	1.7560	5	-1		
879	1.7580	4	0		
880	1.7600	4	0		
881	1.7620	4	0		
882	1.7640	4	0		
883	1.7660	4	0		
884	1.7680	4	1		
885	1.7700	4	1		
886	1.7720	4	1		
887	1.7740	4	2		
888	1.7760	4	2		
889	1.7780	4	2		
890	1.7800	4	2		
891	1.7820	4	2		
892	1.7840	3	3		
893	1.7860	3	3		
894	1.7880	3	3		
895	1.7900	3	4		
896	1.7920	3	4		
897	1.7940	3	4		
898	1.7960	3	4		
899	1.7980	2	4		
900	1.8000	2	5		
901	1.8020	2	5		
902	1.8040	2	6		
903	1.8060	2	6		
904	1.8080	2	6		
905	1.8100	2	6		
906	1.8120	2	6		
907	1.8140	2	7		
908	1.8160	2	7		
909	1.8180	2	7		
910	1.8200	2	7		
911	1.8220	1	8		
912	1.8240	1	8		
913	1.8260	1	8		
914	1.8280	1	8		
915	1.8300	1	8		
916	1.8320	1	9		
917	1.8340	1	9		
918	1.8360	1	9		
919	1.8380	0	10		
920	1.8400	0	10		
921	1.8420	0	10		
922	1.8440	0	10		
923	1.8460	0	10		
924	1.8480	0	10		
925	1.8500	0	11		
926	1.8520	0	11		
927	1.8540	0	11		
928	1.8560	0	11		
929	1.8580	0	12		
930	1.8600	0	12		
931	1.8620	0	12		
932	1.8640	0	12		
933	1.8660	-1	12		
934	1.8680	-1	12		
935	1.8700	-1	13		
936	1.8720	-1	13		
937	1.8740	-1	13		
938	1.8760	-1	13		
939	1.8780	-1	14		
940	1.8800	-1	14		
941	1.8820	-1	14		
942	1.8840	-2	14		
943	1.8860	-2	14		
944	1.8880	-2	14		
945	1.8900	-2	14		
946	1.8920	-2	15		
947	1.8940	-2	15		
948	1.8960	-2	15		
949	1.8980	-2	15		
950	1.9000	-2	15		
951	1.9020	-2	16		
952	1.9040	-2	16		
953	1.9060	-2	16		
954	1.9080	-2	16		
955	1.9100	-2	16		
956	1.9120	-2	16		
957	1.9140	-2	16		
958	1.9160	-2	16		
959	1.9180	-3	16		
960	1.9200	-3	17		
961	1.9220	-3	17		
962	1.9240	-3	17		
963	1.9260	-3	17		
964	1.9280	-3	17		
965	1.9300	-3	17		
966	1.9320	-3	17		
967	1.9340	-3	18		
968	1.9360	-3	18		
969	1.9380	-3	18		
970	1.9400	-3	18		
971	1.9420	-3	18		
972	1.9440	-3	18		
973	1.9460	-3	18		
974	1.9480	-4	18		
975	1.9500	-4	18		
976	1.9520	-4	18		
977	1.9540	-4	18		
978	1.9560	-4	18		
979	1.9580	-4	18		
980	1.9600	-4	18		
981	1.9620	-4	18		
982	1.9640	-4	19		
983	1.9660	-4	19		
984	1.9680	-4	19		
985	1.9700	-4	19		
986	1.9720	-4	19		
987	1.9740	-4	19		
988	1.9760	-4	19		
989	1.9780	-4	19		
990	1.9800	-4	19		
991	1.9820	-4	19		
992	1.9840	-4	19		
993	1.9860	-4	19		
994	1.9880	-4	19		
995	1.9900	-4	19		
996	1.9920	-4	19		
997	1.9940	-4	19		
998	1.9960	-4	19		
999	1.9980	-4	19		
1000	2.0000	-4	19		
1001	2.0020	-4	19		
1002	2.0040	-4	19		
1003	2.0060	-4	19		
1004	2.0080	-4	19		
1005	2.0100	-4	19		
1006	2.0120	-4	19		
1007	2.0140	-4	19		
1008	2.0160	-4	19		
1009	2.0180	-4	19		
1010	2.0200	-4	19		
1011	2.0220	-4	18		
1012	2.0240	-4	18		
1013	2.0260	-4	18		
1014	2.0280	-4	18		
1015	2.0300	-4	18		
1016	2.0320	-4	18		
1017	2.0340	-4	18		
1018	2.0360	-4	18		
1019	2.0380	-4	18		
1020	2.0400	-4	18		
1021	2.0420	-4	18		
1022	2.0440	-4	18		
1023	2.0460	-4	18		
1024	2.0480	-4	18		
1025	2.0500	-4	18		
1026	2.0520	-4	18		
1027	2.0540	-4	17		
1028	2.0560	-4	17		
1029	2.0580	-4	17		
1030	2.0600	-4	17		
1031	2.0620	-4	17		
1032	2.0640	-4	17		
1033	2.0660	-4	17		
1034	2.0680	-4	16		
1035	2.0700	-4	16		
1036	2.0720	-4	16		
1037	2.0740	-4	16		
1038	2.0760	-4	16		
1039	2.0780	-3	16		
1040	2.0800	-3	16		
1041	2.0820	-3	16		
1042	2.0840	-3	16		
1043	2.0860	-3	15		
1044	2.0880	-3	15		
1045	2.0900	-3	15		
1046	2.0920	-3	15		
1047	2.0940	-3	15		
1048	2.0960	-3	14		
1049	2.0980	-3	14		
1050	2.1000	-3	14		
1051	2.1020	-3	14		
1052	2.1040	-3	14		
1053	2.1060	-2	14		
1054	2.1080	-2	13		
1055	2.1100	-2	13		
1056	2.1120	-2	13		
1057	2.1140	-2	13		
1058	2.1160	-2	13		
1059	2.1180	-2	12		
1060	2.1200	-2	12		
1061	2.1220	-2	12		
1062	2.1240	-2	12		
1063	2.1260	-2	12		
1064	2.1280	-2	12		
1065	2.1300	-2	11		
1066	2.1320	-2	11		
1067	2.1340	-2	11		
1068	2.1360	-2	11		
1069	2.1380	-2	10		
1070	2.1400	-2	10		
1071	2.1420	-1	10		
1072	2.1440	-1	10		
1073	2.1460	-1	10		
1074	2.1480	-1	9		
1075	2.1500	-1	9		
1076	2.1520	-1	9		
1077	2.1540	-1	9		
1078	2.1560	-1	8		
1079	2.1580	-1	8		
1080	2.1600	-1	8		
1081	2.1620	0	8		
1082	2.1640	0	8		
1083	2.1660	0	7		
1084	2.1680	0	7		
1085	2.1700	0	7		
1086	2.1720	0	6		
1087	2.1740	0	6		
1088	2.1760	0	6		
1089	2.1780	0	6		
1090	2.1800	0	6		
1091	2.1820	0	5		
1092	2.1840	0	5		
1093	2.1860	0	5		
1094	2.1880	0	5		
1095	2.1900	1	4		
1096	2.1920	1	4		
1097	2.1940	1	4		
1098	2.1960	1	4		
1099	2.1980	1	3		
1100	2.2000	1	3		
1101	2.2020	1	3		
1102	2.2040	2	2		
1103	2.2060	2	2		
1104	2.2080	2	2		
1105	2.2100	2	2		
1106	2.2120	2	2		
1107	2.2140	2	1		
1108	2.2160	2	1		
1109	2.2180	2	1		
1110	2.2200	2	0		
1111	2.2220	2	0		
1112	2.2240	2	0		
1113	2.2260	2	0		
1114	2.2280	2	0		
1115	2.2300	3	-1		
1116	2.2320	3	-1		
1117	2.2340	3	-1		
1118	2.2360	3	-2		
1119	2.2380	3	-2		
1120	2.2400	3	-2		
1121	2.2420	3	-2		
1122	2.2440	4	-3		
1123	2.2460	4	-3		
1124	2.2480	4	-3		
1125	2.2500	4	-3		
1126	2.2520	4	-4		
1127	2.2540	4	-4		
1128	2.2560	4	-4		
1129	2.2580	4	-4		
1130	2.2600	4	-4		
1131	2.2620	4	-5		
1132	2.2640	4	-5		
1133	2.2660	4	-5		
1134	2.2680	5	-6		
1135	2.2700	5	-6		
1136	2.2720	5	-6		
1137	2.2740	5	-6		
1138	2.2760	5	-6		
1139	2.2780	5	-7		
1140	2.2800	5	-7		
1141	2.2820	5	-7		
1142	2.2840	5	-8		
1143	2.2860	6	-8		
1144	2.2880	6	-8		
1145	2.2900	6	-8		
1146	2.2920	6	-8		
1147	2.2940	6	-9		
1148	2.2960	6	-9		
1149	2.2980	6	-9		
1150	2.3000	6	-9		
1151	2.3020	6	-10		
1152	2.3040	6	-10		
1153	2.3060	6	-10		
1154	2.3080	6	-10		
1155	2.3100	7	-11		
1156	2.3120	7	-11		
1157	2.3140	7	-11		
1158	2.3160	7	-11		
1159	2.3180	7	-12		
1160	2.3200	7	-12		
1161	2.3220	7	-12		
1162	2.3240	7	-12		
1163	2.3260	8	-12		
1164	2.3280	8	-12		
1165	2.3300	8	-13		
1166	2.3320	8	-13		
1167	2.3340	8	-13		
1168	2.3360	8	-13		
1169	2.3380	8	-14		
1170	2.3400	8	-14		
1171	2.3420	8	-14		
1172	2.3440	8	-14		
1173	2.3460	8	-14		
1174	2.3480	8	-14		
1175	2.3500	8	-14		
1176	2.3520	8	-15		
1177	2.3540	8	-15		
1178	2.3560	8	-15		
1179	2.3580	8	-15		
1180	2.3600	8	-15		
1181	2.3620	8	-16		
1182	2.3640	8	-16		
1183	2.3660	8	-16		
1184	2.3680	8	-16		
1185	2.3700	8	-16		
1186	2.3720	8	-16		
1187	2.3740	8	-16		
1188	2.3760	8	-16		
1189	2.3780	8	-17		
1190	2.3800	8	-17		
1191	2.3820	8	-17		
1192	2.3840	8	-17		
1193	2.3860	9	-17		
1194	2.3880	9	-17		
1195	2.3900	9	-17		
1196	2.3920	9	-18		
1197	2.3940	9	-18		
1198	2.3960	9	-18		
1199	2.3980	9	-18		
1200	2.4000	9	-18		
1201	2.4020	9	-18		
1202	2.4040	9	-18		
1203	2.4060	9	-18		
1204	2.4080	9	-18		
1205	2.4100	9	-18		
1206	2.4120	9	-18		
1207	2.4140	9	-18		
1208	2.4160	8	-19		
1209	2.4180	8	-19		
1210	2.4200	8	-19		
1211	2.4220	8	-19		
1212	2.4240	8	-19		
1213	2.4260	9	-19		
1214	2.4280	9	-19		
1215	2.4300	9	-19		
1216	2.4320	9	-19		
1217	2.4340	9	-19		
1218	2.4360	9	-19		
1219	2.4380	9	-19		
1220	2.4400	9	-19		
1221	2.4420	9	-19		
1222	2.4440	9	-19		
1223	2.4460	9	-19		
1224	2.4480	9	-20		
1225	2.4500	9	-20		
1226	2.4520	9	-20		
1227	2.4540	9	-20		
1228	2.4560	9	-20		
1229	2.4580	9	-20		
1230	2.4600	9	-20		
1231	2.4620	9	-20		
1232	2.4640	9	-20		
1233	2.4660	9	-20		
1234	2.4680	9	-20		
1235	2.4700	9	-20		
1236	2.4720	9	-20		
1237	2.4740	9	-19		
1238	2.4760	9	-19		
1239	2.4780	9	-19		
1240	2.4800	9	-19		
1241	2.4820	9	-19		
1242	2.4840	9	-19		
1243	2.4860	9	-19		
1244	2.4880	9	-19		
1245	2.4900	9	-19		
1246	2.4920	9	-19		
1247	2.4940	9	-19		
1248	2.4960	9	-19		
1249	2.4980	9	-19		
1250	2.5000	9	-19		
1251	2.5020	9	-19		
1252	2.5040	9	-19		
1253	2.5060	9	-18		
1254	2.5080	9	-18		
1255	2.5100	9	-18		
1256	2.5120	9	-18		
1257	2.5140	9	-18		
1258	2.5160	9	-18		
1259	2.5180	9	-18		
1260	2.5200	9	-18		
1261	2.5220	9	-18		
1262	2.5240	9	-18		
1263	2.5260	9	-18		
1264	2.5280	9	-18		
1265	2.5300	9	-17		
1266	2.5320	8	-17		
1267	2.5340	8	-17		
1268	2.5360	8	-17		
1269	2.5380	8	-17		
1270	2.5400	8	-17		
1271	2.5420	8	-16		
1272	2.5440	8	-16		
1273	2.5460	9	-16		
1274	2.5480	9	-16		
1275	2.5500	9	-16		
1276	2.5520	9	-16		
1277	2.5540	9	-16		
1278	2.5560	9	-16		
1279	2.5580	9	-15		
1280	2.5600	9	-15		
1281	2.5620	9	-15		
1282	2.5640	9	-15		
1283	2.5660	9	-15		
1284	2.5680	9	-14		
1285	2.5700	9	-14		
1286	2.5720	9	-14		
1287	2.5740	8	-14		
1288	2.5760	8	-14		
1289	2.5780	8	-14		
1290	2.5800	8	-14		
1291	2.5820	8	-13		
1292	2.5840	8	-13		
1293	2.5860	8	-13		
1294	2.5880	8	-13		
1295	2.5900	8	-12		
1296	2.5920	8	-12		
1297	2.5940	8	-12		
1298	2.5960	8	-12		
1299	2.5980	8	-12		
1300	2.6000	8	-12		
1301	2.6020	8	-11		
1302	2.6040	8	-11		
1303	2.6060	8	-11		
1304	2.6080	8	-10		
1305	2.6100	8	-10		
1306	2.6120	8	-10		
1307	2.6140	8	-10		
1308	2.6160	8	-10		
1309	2.6180	8	-10		
1310	2.6200	8	-9		
1311	2.6220	8	-9		
1312	2.6240	8	-9		
1313	2.6260	8	-8		
1314	2.6280	8	-8		
1315	2.6300	8	-8		
1316	2.6320	7	-8		
1317	2.6340	7	-8		
1318	2.6360	7	-7		
1319	2.6380	7	-7		
1320	2.6400	7	-7		
1321	2.6420	7	-7		
1322	2.6440	7	-6		
1323	2.6460	7	-6		
1324	2.6480	6	-6		
1325	2.6500	6	-6		
1326	2.6520	6	-5		
1327	2.6540	6	-5		
1328	2.6560	6	-5		
1329	2.6580	6	-5		
1330	2.6600	6	-4		
1331	2.6620	6	-4		
1332	2.6640	6	-4		
1333	2.6660	6	-4		
1334	2.6680	6	-3		
1335	2.6700	6	-3		
1336	2.6720	6	-3		
1337	2.6740	6	-3		
1338	2.6760	5	-2		
1339	2.6780	5	-2		
1340	2.6800	5	-2		
1341	2.6820	5	-2		
1342	2.6840	5	-1		
1343	2.6860	5	-1		
1344	2.6880	5	-1		
1345	2.6900	4	-1		
1346	2.6920	4	0		
1347	2.6940	4	0		
1348	2.6960	4	0		
1349	2.6980	4	0		
1350	2.7000	4	1		
1351	2.7020	4	1		
1352	2.7040	4	1		
1353	2.7060	4	2		
1354	2.7080	4	2		
1355	2.7100	4	2		
1356	2.7120	4	2		
1357	2.7140	3	3		
1358	2.7160	3	3		
1359	2.7180	3	3		
1360	2.7200	3	3		
1361	2.7220	3	4		
1362	2.7240	3	4		
1363	2.7260	3	4		
1364	2.7280	2	4		
1365	2.7300	2	5		
1366	2.7320	2	5		
1367	2.7340	2	5		
1368	2.7360	2	5		
1369	2.7380	2	6		
1370	2.7400	2	6		
1371	2.7420	2	6		
1372	2.7440	2	6		
1373	2.7460	2	6		
1374	2.7480	2	7		
1375	2.7500	2	7		
1376	2.7520	2	7		
1377	2.7540	1	8		
1378	2.7560	1	8		
1379	2.7580	1	8		
1380	2.7600	1	8		
1381	2.7620	1	8		
1382	2.7640	1	9		
1383	2.7660	1	9		
1384	2.7680	1	9		
1385	2.7700	0	9		
1386	2.7720	0	10		
1387	2.7740	0	10		
1388	2.7760	0	10		
1389	2.7780	0	10		
1390	2.7800	0	10		
1391	2.7820	0	11		
1392	2.7840	0	11		
1393	2.7860	0	11		
1394	2.7880	0	11		
1395	2.7900	0	12		
1396	2.7920	0	12		
1397	2.7940	0	12		
1398	2.7960	0	12		
1399	2.7980	-1	12		
1400	2.8000	-1	12		
1401	2.8020	-1	13		
1402	2.8040	-1	13		
1403	2.8060	-1	13		
1404	2.8080	-1	13		
1405	2.8100	-1	14		
1406	2.8120	-1	14		
1407	2.8140	-1	14		
1408	2.8160	-2	14		
1409	2.8180	-2	14		
1410	2.8200	-2	14		
1411	2.8220	-2	14		
1412	2.8240	-2	15		
1413	2.8260	-2	15		
1414	2.8280	-2	15		
1415	2.8300	-2	15		
1416	2.8320	-2	15		
1417	2.8340	-2	16		
1418	2.8360	-2	16		
1419	2.8380	-2	16		
1420	2.8400	-2	16		
1421	2.8420	-2	16		
1422	2.8440	-2	16		
1423	2.8460	-2	16		
1424	2.8480	-2	16		
1425	2.8500	-2	16		
1426	2.8520	-3	17		
1427	2.8540	-3	17		
1428	2.8560	-3	17		
1429	2.8580	-3	17		
1430	2.8600	-3	17		
1431	2.8620	-3	17		
1432	2.8640	-3	17		
1433	2.8660	-3	17		
1434	2.8680	-3	18		
1435	2.8700	-3	18		
1436	2.8720	-3	18		
1437	2.8740	-3	18		
1438	2.8760	-3	18		
1439	2.8780	-3	18		
1440	2.8800	-3	18		
1441	2.8820	-4	18		
1442	2.8840	-4	18		
1443	2.8860	-4	18		
1444	2.8880	-4	18		
1445	2.8900	-4	18		
1446	2.8920	-4	18		
1447	2.8940	-4	18		
1448	2.8960	-4	18		
1449	2.8980	-4	18		
1450	2.9000	-4	19		
1451	2.9020	-4	19		
1452	2.9040	-4	19		
1453	2.9060	-4	19		
1454	2.9080	-4	19		
1455	2.9100	-4	19		
1456	2.9120	-4	19		
1457	2.9140	-4	19		
1458	2.9160	-4	19		
1459	2.9180	-4	19		
1460	2.9200	-4	19		
1461	2.9220	-4	19		
1462	2.9240	-4	19		
1463	2.9260	-4	19		
1464	2.9280	-4	19		
1465	2.9300	-4	19		
1466	2.9320	-4	19		
1467	2.9340	-4	19		
1468	2.9360	-4	19		
1469	2.9380	-4	19		
1470	2.9400	-4	19		
1471	2.9420	-4	19		
1472	2.9440	-4	19		
1473	2.9460	-4	19		
1474	2.9480	-4	19		
1475	2.9500	-4	19		
1476	2.9520	-4	19		
1477	2.9540	-4	18		
1478	2.9560	-4	18		
1479	2.9580	-4	18		
1480	2.9600	-4	18		
1481	2.9620	-4	18		
1482	2.9640	-4	18		
1483	2.9660	-4	18		
1484	2.9680	-4	18		
1485	2.9700	-4	18		
1486	2.9720	-4	18		
1487	2.9740	-4	18		
1488	2.9760	-4	18		
1489	2.9780	-4	18		
1490	2.9800	-4	18		
1491	2.9820	-4	18		
1492	2.9840	-4	18		
1493	2.9860	-4	17		
1494	2.9880	-4	17		
1495	2.9900	-4	17		
1496	2.9920	-4	17		
1497	2.9940	-4	17		
1498	2.9960	-4	17		
1499	2.9980	-4	17		
1500	3.0000	-4	16		
1501	3.0020	-4	16		
1502	3.0040	-4	16		
1503	3.0060	-4	16		
1504	3.0080	-4	16		
1505	3.0100	-3	16		
1506	3.0120	-3	16		
1507	3.0140	-3	16		
1508	3.0160	-3	15		
1509	3.0180	-3	15		
1510	3.0200	-3	15		
1511	3.0220	-3	15		
1512	3.0240	-3	15		
1513	3.0260	-3	14		
1514	3.0280	-3	14		
1515	3.0300	-3	14		
1516	3.0320	-3	14		
1517	3.0340	-3	14		
1518	3.0360	-3	14		
1519	3.0380	-2	14		
1520	3.0400	-2	13		
1521	3.0420	-2	13		
1522	3.0440	-2	13		
1523	3.0460	-2	13		
1524	3.0480	-2	13		
1525	3.0500	-2	12		
1526	3.0520	-2	12		
1527	3.0540	-2	12		
1528	3.0560	-2	12		
1529	3.0580	-2	12		
1530	3.0600	-2	12		
1531	3.0620	-2	11		
1532	3.0640	-2	11		
1533	3.0660	-2	11		
1534	3.0680	-2	11		
1535	3.0700	-2	10		
1536	3.0720	-2	10		
1537	3.0740	-1	10		
1538	3.0760	-1	10		
1539	3.0780	-1	10		
1540	3.0800	-1	9		
1541	3.0820	-1	9		
1542	3.0840	-1	9		
1543	3.0860	-1	9		
1544	3.0880	-1	8		
1545	3.0900	-1	8		
1546	3.0920	-1	8		
1547	3.0940	0	8		
1548	3.0960	0	8		
1549	3.0980	0	7		
1550	3.1000	0	7		
1551	3.1020	0	7		
1552	3.1040	0	6		
1553	3.1060	0	6		
1554	3.1080	0	6		
1555	3.1100	0	6		
1556	3.1120	0	6		
1557	3.1140	0	5		
1558	3.1160	0	5		
1559	3.1180	0	5		
1560	3.1200	1	4		
1561	3.1220	1	4		
1562	3.1240	1	4		
1563	3.1260	1	4		
1564	3.1280	1	4		
1565	3.1300	1	3		
1566	3.1320	1	3		
1567	3.1340	1	3		
1568	3.1360	1	2		
1569	3.1380	2	2		
1570	3.1400	2	2		
1571	3.1420	2	2		
1572	3.1440	2	2		
1573	3.1460	2	1		
1574	3.1480	2	1		
1575	3.1500	2	1		
1576	3.1520	2	0		
1577	3.1540	2	0		
1578	3.1560	2	0		
1579	3.1580	2	0		
1580	3.1600	2	0		
1581	3.1620	3	-1		
1582	3.1640	3	-1		
1583	3.1660	3	-1		
1584	3.1680	3	-2		
1585	3.1700	3	-2		
1586	3.1720	3	-2		
1587	3.1740	3	-2		
1588	3.1760	3	-3		
1589	3.1780	4	-3		
1590	3.1800	4	-3		
1591	3.1820	4	-3		
1592	3.1840	4	-4		
1593	3.1860	4	-4		
1594	3.1880	4	-4		
1595	3.1900	4	-4		
1596	3.1920	4	-4		
1597	3.1940	4	-5		
1598	3.1960	4	-5		
1599	3.1980	4	-5		
1600	3.2000	4	-6		
1601	3.2020	5	-6		
1602	3.2040	5	-6		
1603	3.2060	5	-6		
1604	3.2080	5	-7		
1605	3.2100	5	-7		
1606	3.2120	5	-7		
1607	3.2140	5	-8		
1608	3.2160	6	-8		
1609	3.2180	6	-8		
1610	3.2200	6	-8		
1611	3.2220	6	-8		
1612	3.2240	6	-9		
1613	3.2260	6	-9		
1614	3.2280	6	-9		
1615	3.2300	6	-9		
1616	3.2320	6	-10		
1617	3.2340	6	-10		
1618	3.2360	6	-10		
1619	3.2380	6	-10		
1620	3.2400	6	-10		
1621	3.2420	7	-10		
1622	3.2440	7	-11		
1623	3.2460	7	-11		
1624	3.2480	7	-11		
1625	3.2500	7	-12		
1626	3.2520	7	-12		
1627	3.2540	7	-12		
1628	3.2560	7	-12		
1629	3.2580	7	-12		
1630	3.2600	8	-12		
1631	3.2620	8	-13		
1632	3.2640	8	-13		
1633	3.2660	8	-13		
1634	3.2680	8	-13		
1635	3.2700	8	-14		
1636	3.2720	8	-14		
1637	3.2740	8	-14		
1638	3.2760	8	-14		
1639	3.2780	8	-14		
1640	3.2800	8	-14		
1641	3.2820	8	-14		
1642	3.2840	8	-15		
1643	3.2860	8	-15		
1644	3.2880	8	-15		
1645	3.2900	8	-15		
1646	3.2920	8	-15		
1647	3.2940	8	-16		
1648	3.2960	8	-16		
1649	3.2980	8	-16		
1650	3.3000	8	-16		
1651	3.3020	8	-16		
1652	3.3040	8	-16		
1653	3.3060	8	-16		
1654	3.3080	8	-16		
1655	3.3100	8	-17		
1656	3.3120	8	-17		
1657	3.3140	8	-17		
1658	3.3160	8	-17		
1659	3.3180	9	-17		
1660	3.3200	9	-17		
1661	3.3220	9	-18		
1662	3.3240	9	-18		
1663	3.3260	9	-18		
1664	3.3280	9	-18		
1665	3.3300	9	-18		
1666	3.3320	9	-18		
1667	3.3340	9	-18		
1668	3.3360	9	-18		
1669	3.3380	9	-18		
1670	3.3400	9	-18		
1671	3.3420	9	-18		
1672	3.3440	9	-18		
1673	3.3460	9	-19		
1674	3.3480	8	-19		
1675	3.3500	8	-19		
1676	3.3520	8	-19		
1677	3.3540	8	-19		
1678	3.3560	8	-19		
1679	3.3580	9	-19		
1680	3.3600	9	-19		
1681	3.3620	9	-19		
1682	3.3640	9	-19		
1683	3.3660	9	-19		
1684	3.3680	9	-19		
1685	3.3700	9	-19		
1686	3.3720	9	-19		
1687	3.3740	9	-19		
1688	3.3760	9	-19		
1689	3.3780	9	-20		
1690	3.3800	9	-20		
1691	3.3820	9	-20		
1692	3.3840	9	-20		
1693	3.3860	9	-20		
1694	3.3880	9	-20		
1695	3.3900	9	-20		
1696	3.3920	9	-20		
1697	3.3940	9	-20		
1698	3.3960	9	-20		
1699	3.3980	9	-20		
1700	3.4000	9	-20		
1701	3.4020	9	-20		
1702	3.4040	9	-20		
1703	3.4060	9	-20		
1704	3.4080	9	-19		
1705	3.4100	9	-19		
1706	3.4120	9	-19		
1707	3.4140	9	-19		
1708	3.4160	9	-19		
1709	3.4180	9	-19		
1710	3.4200	9	-19		
1711	3.4220	9	-19		
1712	3.4240	9	-19		
1713	3.4260	9	-19		
1714	3.4280	9	-19		
1715	3.4300	9	-19		
1716	3.4320	9	-19		
1717	3.4340	9	-19		
1718	3.4360	9	-19		
1719	3.4380	9	-18		
1720	3.4400	9	-18		
1721	3.4420	9	-18		
1722	3.4440	9	-18		
1723	3.4460	9	-18		
1724	3.4480	9	-18		
1725	3.4500	9	-18		
1726	3.4520	9	-18		
1727	3.4540	9	-18		
1728	3.4560	9	-18		
1729	3.4580	9	-18		
1730	3.4600	9	-18		
1731	3.4620	9	-17		
1732	3.4640	9	-17		
1733	3.4660	8	-17		
1734	3.4680	8	-17		
1735	3.4700	8	-17		
1736	3.4720	8	-17		
1737	3.4740	8	-17		
1738	3.4760	8	-16		
1739	3.4780	9	-16		
1740	3.4800	9	-16		
1741	3.4820	9	-16		
1742	3.4840	9	-16		
1743	3.4860	9	-16		
1744	3.4880	9	-16		
1745	3.4900	9	-16		
1746	3.4920	9	-15		
1747	3.4940	9	-15		
1748	3.4960	9	-15		
1749	3.4980	9	-15		
1750	3.5000	9	-15		
1751	3.5020	9	-14		
1752	3.5040	8	-14		
1753	3.5060	8	-14		
1754	3.5080	8	-14		
1755	3.5100	8	-14		
1756	3.5120	8	-14		
1757	3.5140	8	-13		
1758	3.5160	8	-13		
1759	3.5180	8	-13		
1760	3.5200	8	-13		
1761	3.5220	8	-12		
1762	3.5240	8	-12		
1763	3.5260	8	-12		
1764	3.5280	8	-12		
1765	3.5300	8	-12		
1766	3.5320	8	-12		
1767	3.5340	8	-11		
1768	3.5360	8	-11		
1769	3.5380	8	-11		
1770	3.5400	8	-11		
1771	3.5420	8	-10		
1772	3.5440	8	-10		
1773	3.5460	8	-10		
1774	3.5480	8	-10		
1775	3.5500	8	-10		
1776	3.5520	8	-9		
1777	3.5540	8	-9		
1778	3.5560	8	-9		
1779	3.5580	8	-9		
1780	3.5600	8	-8		
1781	3.5620	8	-8		
1782	3.5640	8	-8		
1783	3.5660	7	-8		
1784	3.5680	7	-8		
1785	3.5700	7	-7		
1786	3.5720	7	-7		
1787	3.5740	7	-7		
1788	3.5760	7	-6		
1789	3.5780	7	-6		
1790	3.5800	7	-6		
1791	3.5820	6	-6		
1792	3.5840	6	-6		
1793	3.5860	6	-5		
1794	3.5880	6	-5		
1795	3.5900	6	-5		
1796	3.5920	6	-4		
1797	3.5940	6	-4		
1798	3.5960	6	-4		
1799	3.5980	6	-4		
1800	3.6000	6	-4		
1801	3.6020	6	-3		
1802	3.6040	6	-3		
1803	3.6060	6	-2		
1804	3.6080	5	-2		
1805	3.6100	5	-2		
1806	3.6120	5	-2		
1807	3.6140	5	-2		
1808	3.6160	5	-1		
1809	3.6180	5	-1		
1810	3.6200	5	-1		
1811	3.6220	4	-1		
1812	3.6240	4	0		
1813	3.6260	4	0		
1814	3.6280	4	0		
1815	3.6300	4	0		
1816	3.6320	4	1		
1817	3.6340	4	1		
1818	3.6360	4	1		
1819	3.6380	4	2		
1820	3.6400	4	2		
1821	3.6420	4	2		
1822	3.6440	4	2		
1823	3.6460	4	2		
1824	3.6480	3	3		
1825	3.6500	3	3		
1826	3.6520	3	3		
1827	3.6540	3	4		
1828	3.6560	3	4		
1829	3.6580	3	4		
1830	3.6600	3	4		
1831	3.6620	2	4		
1832	3.6640	2	5		
1833	3.6660	2	5		
1834	3.6680	2	5		
1835	3.6700	2	6		
1836	3.6720	2	6		
1837	3.6740	2	6		
1838	3.6760	2	6		
1839	3.6780	2	6		
1840	3.6800	2	7		
1841	3.6820	2	7		
1842	3.6840	2	7		
1843	3.6860	2	8		
1844	3.6880	1	8		
1845	3.6900	1	8		
1846	3.6920	1	8		
1847	3.6940	1	8		
1848	3.6960	1	9		
1849	3.6980	1	9		
1850	3.7000	1	9		
1851	3.7020	0	9		
1852	3.7040	0	10		
1853	3.7060	0	10		
1854	3.7080	0	10		
1855	3.7100	0	10		
1856	3.7120	0	10		
1857	3.7140	0	11		
1858	3.7160	0	11		
1859	3.7180	0	11		
1860	3.7200	0	11		
1861	3.7220	0	12		
1862	3.7240	0	12		
1863	3.7260	0	12		
1864	3.7280	0	12		
1865	3.7300	-1	12		
1866	3.7320	-1	12		
1867	3.7340	-1	13		
1868	3.7360	-1	13		
1869	3.7380	-1	13		
1870	3.7400	-1	13		
1871	3.7420	-1	13		
1872	3.7440	-1	14		
1873	3.7460	-1	14		
1874	3.7480	-2	14		
1875	3.7500	-2	14		
1876	3.7520	-2	14		
1877	3.7540	-2	14		
1878	3.7560	-2	15		
1879	3.7580	-2	15		
1880	3.7600	-2	15		
1881	3.7620	-2	15		
1882	3.7640	-2	15		
1883	3.7660	-2	15		
1884	3.7680	-2	16		
1885	3.7700	-2	16		
1886	3.7720	-2	16		
1887	3.7740	-2	16		
1888	3.7760	-2	16		
1889	3.7780	-2	16		
1890	3.7800	-2	16		
1891	3.7820	-2	16		
1892	3.7840	-3	17		
1893	3.7860	-3	17		
1894	3.7880	-3	17		
1895	3.7900	-3	17		
1896	3.7920	-3	17		
1897	3.7940	-3	17		
1898	3.7960	-3	17		
1899	3.7980	-3	17		
1900	3.8000	-3	18		
1901	3.8020	-3	18		
1902	3.8040	-3	18		
1903	3.8060	-3	18		
1904	3.8080	-3	18		
1905	3.8100	-3	18		
1906	3.8120	-3	18		
1907	3.8140	-4	18		
1908	3.8160	-4	18		
1909	3.8180	-4	18		
1910	3.8200	-4	18		
1911	3.8220	-4	18		
1912	3.8240	-4	18		
1913	3.8260	-4	18		
1914	3.8280	-4	18		
1915	3.8300	-4	19		
1916	3.8320	-4	19		
1917	3.8340	-4	19		
1918	3.8360	-4	19		
1919	3.8380	-4	19		
1920	3.8400	-4	19		
1921	3.8420	-4	19		
1922	3.8440	-4	19		
1923	3.8460	-4	19		
1924	3.8480	-4	19		
1925	3.8500	-4	19		
1926	3.8520	-4	19		
1927	3.8540	-4	19		
1928	3.8560	-4	19		
1929	3.8580	-4	19		
1930	3.8600	-4	19		
1931	3.8620	-4	19		
1932	3.8640	-4	19		
1933	3.8660	-4	19		
1934	3.8680	-4	19		
1935	3.8700	-4	19		
1936	3.8720	-4	19		
1937	3.8740	-4	19		
1938	3.8760	-4	19		
1939	3.8780	-4	19		
1940	3.8800	-4	19		
1941	3.8820	-4	19		
1942	3.8840	-4	19		
1943	3.8860	-4	19		
1944	3.8880	-4	18		
1945	3.8900	-4	18		
1946	3.8920	-4	18		
1947	3.8940	-4	18		
1948	3.8960	-4	18		
1949	3.8980	-4	18		
1950	3.9000	-4	18		
1951	3.9020	-4	18		
1952	3.9040	-4	18		
1953	3.9060	-4	18		
1954	3.9080	-4	18		
1955	3.9100	-4	18		
1956	3.9120	-4	18		
1957	3.9140	-4	18		
1958	3.9160	-4	18		
1959	3.9180	-4	17		
1960	3.9200	-4	17		
1961	3.9220	-4	17		
1962	3.9240	-4	17		
1963	3.9260	-4	17		
1964	3.9280	-4	17		
1965	3.9300	-4	17		
1966	3.9320	-4	16		
1967	3.9340	-4	16		
1968	3.9360	-4	16		
1969	3.9380	-4	16		
1970	3.9400	-4	16		
1971	3.9420	-3	16		
1972	3.9440	-3	16		
1973	3.9460	-3	16		
1974	3.9480	-3	16		
1975	3.9500	-3	15		
1976	3.9520	-3	15		
1977	3.9540	-3	15		
1978	3.9560	-3	15		
1979	3.9580	-3	15		
1980	3.9600	-3	14		
1981	3.9620	-3	14		
1982	3.9640	-3	14		
1983	3.9660	-3	14		
1984	3.9680	-3	14		
1985	3.9700	-2	14		
1986	3.9720	-2	14		
1987	3.9740	-2	13		
1988	3.9760	-2	13		
1989	3.9780	-2	13		
1990	3.9800	-2	13		
1991	3.9820	-2	12		
1992	3.9840	-2	12		
1993	3.9860	-2	12		
1994	3.9880	-2	12		
1995	3.9900	-2	12		
1996	3.9920	-2	12		
1997	3.9940	-2	11		
1998	3.9960	-2	11		
1999	3.9980	-2	11		
2000	4.0000	-2	11		
2001	4.0020	-2	10		
2002	4.0040	-2	10		
2003	4.0060	-1	10		
2004	4.0080	-1	10		
2005	4.0100	-1	10		
2006	4.0120	-1	9		
2007	4.0140	-1	9		
2008	4.0160	-1	9		
2009	4.0180	-1	9		
2010	4.0200	-1	8		
2011	4.0220	-1	8		
2012	4.0240	-1	8		
2013	4.0260	0	8		
2014	4.0280	0	8		
2015	4.0300	0	7		
2016	4.0320	0	7		
2017	4.0340	0	7		
2018	4.0360	0	7		
2019	4.0380	0	6		
2020	4.0400	0	6		
2021	4.0420	0	6		
2022	4.0440	0	6		
2023	4.0460	0	5		
2024	4.0480	0	5		
2025	4.0500	0	5		
2026	4.0520	0	5		
2027	4.0540	1	4		
2028	4.0560	1	4		
2029	4.0580	1	4		
2030	4.0600	1	4		
2031	4.0620	1	3		
2032	4.0640	1	3		
2033	4.0660	1	3		
2034	4.0680	1	3		
2035	4.0700	2	2		
2036	4.0720	2	2		
2037	4.0740	2	2		
2038	4.0760	2	2		
2039	4.0780	2	1		
2040	4.0800	2	1		
2041	4.0820	2	1		
2042	4.0840	2	0		
2043	4.0860	2	0		
2044	4.0880	2	0		
2045	4.0900	2	0		
2046	4.0920	2	0		
2047	4.0940	3	-1		
2048	4.0960	3	-1		
2049	4.0980	3	-1		
2050	4.1000	3	-2		
2051	4.1020	3	-2		
2052	4.1040	3	-2		
2053	4.1060	3	-2		
2054	4.1080	3	-3		
2055	4.1100	4	-3		
2056	4.1120	4	-3		
2057	4.1140	4	-3		
2058	4.1160	4	-4		
2059	4.1180	4	-4		
2060	4.1200	4	-4		
2061	4.1220	4	-4		
2062	4.1240	4	-4		
2063	4.1260	4	-5		
2064	4.1280	4	-5		
2065	4.1300	4	-5		
2066	4.1320	4	-6		
2067	4.1340	5	-6		
2068	4.1360	5	-6		
2069	4.1380	5	-6		
2070	4.1400	5	-6		
2071	4.1420	5	-7		
2072	4.1440	5	-7		
2073	4.1460	5	-7		
2074	4.1480	5	-8		
2075	4.1500	6	-8		
2076	4.1520	6	-8		
2077	4.1540	6	-8		
2078	4.1560	6	-8		
2079	4.1580	6	-9		
2080	4.1600	6	-9		
2081	4.1620	6	-9		
2082	4.1640	6	-9		
2083	4.1660	6	-10		
2084	4.1680	6	-10		
2085	4.1700	6	-10		
2086	4.1720	6	-10		
2087	4.1740	7	-10		
2088	4.1760	7	-11		
2089	4.1780	7	-11		
2090	4.1800	7	-11		
2091	4.1820	7	-11		
2092	4.1840	7	-12		
2093	4.1860	7	-12		
2094	4.1880	7	-12		
2095	4.1900	7	-12		
2096	4.1920	8	-12		
2097	4.1940	8	-13		
2098	4.1960	8	-13		
2099	4.1980	8	-13		
2100	4.2000	8	-13		
2101	4.2020	8	-14		
2102	4.2040	8	-14		
2103	4.2060	8	-14		
2104	4.2080	8	-14		
2105	4.2100	8	-14		
2106	4.2120	8	-14		
2107	4.2140	8	-14		
2108	4.2160	8	-15		
2109	4.2180	8	-15		
2110	4.2200	8	-15		
2111	4.2220	8	-15		
2112	4.2240	8	-15		
2113	4.2260	8	-16		
2114	4.2280	8	-16		
2115	4.2300	8	-16		
2116	4.2320	8	-16		
2117	4.2340	8	-16		
2118	4.2360	8	-16		
2119	4.2380	8	-16		
2120	4.2400	8	-16		
2121	4.2420	8	-17		
2122	4.2440	8	-17		
2123	4.2460	8	-17		
2124	4.2480	8	-17		
2125	4.2500	9	-17		
2126	4.2520	9	-17		
2127	4.2540	9	-18		
2128	4.2560	9	-18		
2129	4.2580	9	-18		
2130	4.2600	9	-18		
2131	4.2620	9	-18		
2132	4.2640	9	-18		
2133	4.2660	9	-18		
2134	4.2680	9	-18		
2135	4.2700	9	-18		
2136	4.2720	9	-18		
2137	4.2740	9	-18		
2138	4.2760	9	-18		
2139	4.2780	9	-19		
2140	4.2800	8	-19		
2141	4.2820	8	-19		
2142	4.2840	8	-19		
2143	4.2860	8	-19		
2144	4.2880	8	-19		
2145	4.2900	9	-19		
2146	4.2920	9	-19		
2147	4.2940	9	-19		
2148	4.2960	9	-19		
2149	4.2980	9	-19		
2150	4.3000	9	-19		
2151	4.3020	9	-19		
2152	4.3040	9	-19		
2153	4.3060	9	-20		
2154	4.3080	9	-20		
2155	4.3100	9	-20		
2156	4.3120	9	-20		
2157	4.3140	9	-20		
2158	4.3160	9	-20		
2159	4.3180	9	-20		
2160	4.3200	9	-20		
2161	4.3220	9	-20		
2162	4.3240	9	-20		
2163	4.3260	9	-20		
2164	4.3280	9	-20		
2165	4.3300	9	-20		
2166	4.3320	9	-20		
2167	4.3340	9	-20		
2168	4.3360	9	-20		
2169	4.3380	9	-20		
2170	4.3400	9	-20		
2171	4.3420	9	-20		
2172	4.3440	9	-19		
2173	4.3460	9	-19		
2174	4.3480	9	-19		
2175	4.3500	9	-19		
2176	4.3520	9	-19		
2177	4.3540	9	-19		
2178	4.3560	9	-19		
2179	4.3580	9	-19		
2180	4.3600	9	-19		
2181	4.3620	9	-19		
2182	4.3640	9	-19		
2183	4.3660	9	-19		
2184	4.3680	9	-19		
2185	4.3700	9	-19		
2186	4.3720	9	-18		
2187	4.3740	9	-18		
2188	4.3760	9	-18		
2189	4.3780	9	-18		
2190	4.3800	9	-18		
2191	4.3820	9	-18		
2192	4.3840	9	-18		
2193	4.3860	9	-18		
2194	4.3880	9	-18		
2195	4.3900	9	-18		
2196	4.3920	9	-18		
2197	4.3940	9	-18		
2198	4.3960	9	-17		
2199	4.3980	9	-17		
2200	4.4000	8	-17		
2201	4.4020	8	-17		
2202	4.4040	8	-17		
2203	4.4060	8	-17		
2204	4.4080	8	-16		
2205	4.4100	9	-16		
2206	4.4120	9	-16		
2207	4.4140	9	-16		
2208	4.4160	9	-16		
2209	4.4180	9	-16		
2210	4.4200	9	-16		
2211	4.4220	9	-16		
2212	4.4240	9	-15		
2213	4.4260	9	-15		
2214	4.4280	9	-15		
2215	4.4300	9	-15		
2216	4.4320	9	-15		
2217	4.4340	9	-14		
2218	4.4360	9	-14		
2219	4.4380	8	-14		
2220	4.4400	8	-14		
2221	4.4420	8	-14		
2222	4.4440	8	-14		
2223	4.4460	8	-13		
2224	4.4480	8	-13		
2225	4.4500	8	-13		
2226	4.4520	8	-13		
2227	4.4540	8	-13		
2228	4.4560	8	-12		
2229	4.4580	8	-12		
2230	4.4600	8	-12		
2231	4.4620	8	-12		
2232	4.4640	8	-12		
2233	4.4660	8	-11		
2234	4.4680	8	-11		
2235	4.4700	8	-11		
2236	4.4720	8	-11		
2237	4.4740	8	-10		
2238	4.4760	8	-10		
2239	4.4780	8	-10		
2240	4.4800	8	-10		
2241	4.4820	8	-10		
2242	4.4840	8	-10		
2243	4.4860	8	-9		
2244	4.4880	8	-9		
2245	4.4900	8	-9		
2246	4.4920	8	-8		
2247	4.4940	8	-8		
2248	4.4960	8	-8		
2249	4.4980	7	-8		
2250	4.5000	7	-8		
2251	4.5020	7	-7		
2252	4.5040	7	-7		
2253	4.5060	7	-7		
2254	4.5080	7	-6		
2255	4.5100	7	-6		
2256	4.5120	7	-6		
2257	4.5140	6	-6		
2258	4.5160	6	-6		
2259	4.5180	6	-5		
2260	4.5200	6	-5		
2261	4.5220	6	-5		
2262	4.5240	6	-4		
2263	4.5260	6	-4		
2264	4.5280	6	-4		
2265	4.5300	6	-4		
2266	4.5320	6	-4		
2267	4.5340	6	-3		
2268	4.5360	6	-3		
2269	4.5380	6	-3		
2270	4.5400	5	-2		
2271	4.5420	5	-2		
2272	4.5440	5	-2		
2273	4.5460	5	-2		
2274	4.5480	5	-2		
2275	4.5500	5	-1		
2276	4.5520	5	-1		
2277	4.5540	4	-1		
2278	4.5560	4	0		
2279	4.5580	4	0		
2280	4.5600	4	0		
2281	4.5620	4	0		
2282	4.5640	4	0		
2283	4.5660	4	1		
2284	4.5680	4	1		
2285	4.5700	4	1		
2286	4.5720	4	2		
2287	4.5740	4	2		
2288	4.5760	4	2		
2289	4.5780	4	2		
2290	4.5800	3	3		
2291	4.5820	3	3		
2292	4.5840	3	3		
2293	4.5860	3	3		
2294	4.5880	3	4		
2295	4.5900	3	4		
2296	4.5920	3	4		
2297	4.5940	2	4		
2298	4.5960	2	5		
2299	4.5980	2	5		
2300	4.6000	2	5		
2301	4.6020	2	6		
2302	4.6040	2	6		
2303	4.6060	2	6		
2304	4.6080	2	6		
2305	4.6100	2	6		
2306	4.6120	2	7		
2307	4.6140	2	7		
2308	4.6160	2	7		
2309	4.6180	2	8		
2310	4.6200	1	8		
2311	4.6220	1	8		
2312	4.6240	1	8		
2313	4.6260	1	8		
2314	4.6280	1	9		
2315	4.6300	1	9		
2316	4.6320	1	9		
2317	4.6340	0	9		
2318	4.6360	0	10		
2319	4.6380	0	10		
2320	4.6400	0	10		
2321	4.6420	0	10		
2322	4.6440	0	10		
2323	4.6460	0	10		
2324	4.6480	0	11		
2325	4.6500	0	11		
2326	4.6520	0	11		
2327	4.6540	0	11		
2328	4.6560	0	12		
2329	4.6580	0	12		
2330	4.6600	0	12		
2331	4.6620	0	12		
2332	4.6640	-1	12		
2333	4.6660	-1	12		
2334	4.6680	-1	13		
2335	4.6700	-1	13		
2336	4.6720	-1	13		
2337	4.6740	-1	13		
2338	4.6760	-1	14		
2339	4.6780	-1	14		
2340	4.6800	-1	14		
2341	4.6820	-2	14		
2342	4.6840	-2	14		
2343	4.6860	-2	14		
2344	4.6880	-2	14		
2345	4.6900	-2	15		
2346	4.6920	-2	15		
2347	4.6940	-2	15		
2348	4.6960	-2	15		
2349	4.6980	-2	15		
2350	4.7000	-2	16		
2351	4.7020	-2	16		
2352	4.7040	-2	16		
2353	4.7060	-2	16		
2354	4.7080	-2	16		
2355	4.7100	-2	16		
2356	4.7120	-2	16		
2357	4.7140	-2	16		
2358	4.7160	-3	17		
2359	4.7180	-3	17		
2360	4.7200	-3	17		
2361	4.7220	-3	17		
2362	4.7240	-3	17		
2363	4.7260	-3	17		
2364	4.7280	-3	17		
2365	4.7300	-3	17		
2366	4.7320	-3	18		
2367	4.7340	-3	18		
2368	4.7360	-3	18		
2369	4.7380	-3	18		
2370	4.7400	-3	18		
2371	4.7420	-3	18		
2372	4.7440	-3	18		
2373	4.7460	-3	18		
2374	4.7480	-4	18		
2375	4.7500	-4	18		
2376	4.7520	-4	18		
2377	4.7540	-4	18		
2378	4.7560	-4	18		
2379	4.7580	-4	18		
2380	4.7600	-4	18		
2381	4.7620	-4	19		
2382	4.7640	-4	19		
2383	4.7660	-4	19		
2384	4.7680	-4	19		
2385	4.7700	-4	19		
2386	4.7720	-4	19		
2387	4.7740	-4	19		
2388	4.7760	-4	19		
2389	4.7780	-4	19		
2390	4.7800	-4	19		
2391	4.7820	-4	19		
2392	4.7840	-4	19		
2393	4.7860	-4	19		
2394	4.7880	-4	19		
2395	4.7900	-4	19		
2396	4.7920	-4	19		
2397	4.7940	-4	19		
2398	4.7960	-4	19		
2399	4.7980	-4	19		
2400	4.8000	-4	19		
2401	4.8020	-4	19		
2402	4.8040	-4	19		
2403	4.8060	-4	19		
2404	4.8080	-4	19		
2405	4.8100	-4	19		
2406	4.8120	-4	19		
2407	4.8140	-4	19		
2408	4.8160	-4	19		
2409	4.8180	-4	18		
2410	4.8200	-4	18		
2411	4.8220	-4	18		
2412	4.8240	-4	18		
2413	4.8260	-4	18		
2414	4.8280	-4	18		
2415	4.8300	-4	18		
2416	4.8320	-4	18		
2417	4.8340	-4	18		
2418	4.8360	-4	18		
2419	4.8380	-4	18		
2420	4.8400	-4	18		
2421	4.8420	-4	18		
2422	4.8440	-4	18		
2423	4.8460	-4	18		
2424	4.8480	-4	18		
2425	4.8500	-4	17		
2426	4.8520	-4	17		
2427	4.8540	-4	17		
2428	4.8560	-4	17		
2429	4.8580	-4	17		
2430	4.8600	-4	17		
2431	4.8620	-4	17		
2432	4.8640	-4	16		
2433	4.8660	-4	16		
2434	4.8680	-4	16		
2435	4.8700	-4	16		
2436	4.8720	-4	16		
2437	4.8740	-3	16		
2438	4.8760	-3	16		
2439	4.8780	-3	16		
2440	4.8800	-3	16		
2441	4.8820	-3	15		
2442	4.8840	-3	15		
2443	4.8860	-3	15		
2444	4.8880	-3	15		
2445	4.8900	-3	15		
2446	4.8920	-3	14		
2447	4.8940	-3	14		
2448	4.8960	-3	14		
2449	4.8980	-3	14		
2450	4.9000	-3	14		
2451	4.9020	-2	14		
2452	4.9040	-2	14		
2453	4.9060	-2	13		
2454	4.9080	-2	13		
2455	4.9100	-2	13		
2456	4.9120	-2	13		
2457	4.9140	-2	12		
2458	4.9160	-2	12		
2459	4.9180	-2	12		
2460	4.9200	-2	12		
2461	4.9220	-2	12		
2462	4.9240	-2	12		
2463	4.9260	-2	11		
2464	4.9280	-2	11		
2465	4.9300	-2	11		
2466	4.9320	-2	11		
2467	4.9340	-2	10		
2468	4.9360	-2	10		
2469	4.9380	-1	10		
2470	4.9400	-1	10		
2471	4.9420	-1	10		
2472	4.9440	-1	10		
2473	4.9460	-1	9		
2474	4.9480	-1	9		
2475	4.9500	-1	9		
2476	4.9520	-1	8		
2477	4.9540	-1	8		
2478	4.9560	-1	8		
2479	4.9580	0	8		
2480	4.9600	0	8		
2481	4.9620	0	8		
2482	4.9640	0	7		
2483	4.9660	0	7		
2484	4.9680	0	7		
2485	4.9700	0	6		
2486	4.9720	0	6		
2487	4.9740	0	6		
2488	4.9760	0	6		
2489	4.9780	0	6		
2490	4.9800	0	5		
2491	4.9820	0	5		
2492	4.9840	0	5		
2493	4.9860	1	4		
2494	4.9880	1	4		
2495	4.9900	1	4		
2496	4.9920	1	4		
2497	4.9940	1	4		
2498	4.9960	1	3		
2499	4.9980	1	3		
2500	5.0000	1	3		
2501	5.0020	2	2		
2502	5.0040	2	2		
2503	5.0060	2	2		
2504	5.0080	2	2		
2505	5.0100	2	1		
2506	5.0120	2	1		
2507	5.0140	2	1		
2508	5.0160	2	0		
2509	5.0180	2	0		
2510	5.0200	2	0		
2511	5.0220	2	0		
2512	5.0240	2	0		
2513	5.0260	3	-1		
2514	5.0280	3	-1		
2515	5.0300	3	-1		
2516	5.0320	3	-2		
2517	5.0340	3	-2		
2518	5.0360	3	-2		
2519	5.0380	3	-2		
2520	5.0400	3	-2		
2521	5.0420	4	-3		
2522	5.0440	4	-3		
2523	5.0460	4	-3		
2524	5.0480	4	-4		
2525	5.0500	4	-4		
2526	5.0520	4	-4		
2527	5.0540	4	-4		
2528	5.0560	4	-4		
2529	5.0580	4	-5		
2530	5.0600	4	-5		
2531	5.0620	4	-5		
2532	5.0640	4	-6		
2533	5.0660	5	-6		
2534	5.0680	5	-6		
2535	5.0700	5	-6		
2536	5.0720	5	-6		
2537	5.0740	5	-7		
2538	5.0760	5	-7		
2539	5.0780	5	-7		
2540	5.0800	5	-8		
2541	5.0820	6	-8		
2542	5.0840	6	-8		
2543	5.0860	6	-8		
2544	5.0880	6	-8		
2545	5.0900	6	-9		
2546	5.0920	6	-9		
2547	5.0940	6	-9		
2548	5.0960	6	-9		
2549	5.0980	6	-10		
2550	5.1000	6	-10		
2551	5.1020	6	-10		
2552	5.1040	6	-10		
2553	5.1060	7	-10		
2554	5.1080	7	-11		
2555	5.1100	7	-11		
2556	5.1120	7	-11		
2557	5.1140	7	-11		
2558	5.1160	7	-12		
2559	5.1180	7	-12		
2560	5.1200	7	-12		
2561	5.1220	7	-12		
2562	5.1240	8	-12		
2563	5.1260	8	-12		
2564	5.1280	8	-13		
2565	5.1300	8	-13		
2566	5.1320	8	-13		
2567	5.1340	8	-13		
2568	5.1360	8	-14		
2569	5.1380	8	-14		
2570	5.1400	8	-14		
2571	5.1420	8	-14		
2572	5.1440	8	-14		
2573	5.1460	8	-14		
2574	5.1480	8	-14		
2575	5.1500	8	-15		
2576	5.1520	8	-15		
2577	5.1540	8	-15		
2578	5.1560	8	-15		
2579	5.1580	8	-16		
2580	5.1600	8	-16		
2581	5.1620	8	-16		
2582	5.1640	8	-16		
2583	5.1660	8	-16		
2584	5.1680	8	-16		
2585	5.1700	8	-16		
2586	5.1720	8	-16		
2587	5.1740	8	-16		
2588	5.1760	8	-17		
2589	5.1780	8	-17		
2590	5.1800	8	-17		
2591	5.1820	8	-17		
2592	5.1840	9	-17		
2593	5.1860	9	-17		
2594	5.1880	9	-18		
2595	5.1900	9	-18		
2596	5.1920	9	-18		
2597	5.1940	9	-18		
2598	5.1960	9	-18		
2599	5.1980	9	-18		
2600	5.2000	9	-18		
2601	5.2020	9	-18		
2602	5.2040	9	-18		
2603	5.2060	9	-18		
2604	5.2080	9	-18		
2605	5.2100	9	-18		
2606	5.2120	8	-19		
2607	5.2140	8	-19		
2608	5.2160	8	-19		
2609	5.2180	8	-19		
2610	5.2200	8	-19		
2611	5.2220	9	-19		
2612	5.2240	9	-19		
2613	5.2260	9	-19		
2614	5.2280	9	-19		
2615	5.2300	9	-19		
2616	5.2320	9	-19		
2617	5.2340	9	-19		
2618	5.2360	9	-19		
2619	5.2380	9	-19		
2620	5.2400	9	-19		
2621	5.2420	9	-19		
2622	5.2440	9	-19		
2623	5.2460	9	-19		
2624	5.2480	9	-20		
2625	5.2500	9	-20		
2626	5.2520	9	-20		
2627	5.2540	9	-20		
2628	5.2560	9	-20		
2629	5.2580	9	-20		
2630	5.2600	9	-20		
2631	5.2620	9	-20		
2632	5.2640	9	-20		
2633	5.2660	9	-20		
2634	5.2680	9	-19		
2635	5.2700	9	-19		
2636	5.2720	9	-19		
2637	5.2740	9	-19		
2638	5.2760	9	-19		
2639	5.2780	9	-19		
2640	5.2800	9	-19		
2641	5.2820	9	-19		
2642	5.2840	9	-19		
2643	5.2860	9	-19		
2644	5.2880	9	-19		
2645	5.2900	9	-19		
2646	5.2920	9	-19		
2647	5.2940	9	-19		
2648	5.2960	9	-19		
2649	5.2980	9	-19		
2650	5.3000	9	-19		
2651	5.3020	9	-18		
2652	5.3040	9	-18		
2653	5.3060	9	-18		
2654	5.3080	9	-18		
2655	5.3100	9	-18		
2656	5.3120	9	-18		
2657	5.3140	9	-18		
2658	5.3160	9	-18		
2659	5.3180	9	-18		
2660	5.3200	9	-18		
2661	5.3220	9	-18		
2662	5.3240	9	-18		
2663	5.3260	9	-17		
2664	5.3280	9	-17		
2665	5.3300	8	-17		
2666	5.3320	8	-17		
2667	5.3340	8	-17		
2668	5.3360	8	-17		
2669	5.3380	8	-16		
2670	5.3400	8	-16		
2671	5.3420	8	-16		
2672	5.3440	9	-16		
2673	5.3460	9	-16		
2674	5.3480	9	-16		
2675	5.3500	9	-16		
2676	5.3520	9	-16		
2677	5.3540	9	-16		
2678	5.3560	9	-15		
2679	5.3580	9	-15		
2680	5.3600	9	-15		
2681	5.3620	9	-15		
2682	5.3640	9	-14		
2683	5.3660	9	-14		
2684	5.3680	9	-14		
2685	5.3700	8	-14		
2686	5.3720	8	-14		
2687	5.3740	8	-14		
2688	5.3760	8	-14		
2689	5.3780	8	-13		
2690	5.3800	8	-13		
2691	5.3820	8	-13		
2692	5.3840	8	-13		
2693	5.3860	8	-12		
2694	5.3880	8	-12		
2695	5.3900	8	-12		
2696	5.3920	8	-12		
2697	5.3940	8	-12		
2698	5.3960	8	-12		
2699	5.3980	8	-11		
2700	5.4000	8	-11		
2701	5.4020	8	-11		
2702	5.4040	8	-11		
2703	5.4060	8	-10		
2704	5.4080	8	-10		
2705	5.4100	8	-10		
2706	5.4120	8	-10		
2707	5.4140	8	-10		
2708	5.4160	8	-9		
2709	5.4180	8	-9		
2710	5.4200	8	-9		
2711	5.4220	8	-9		
2712	5.4240	8	-8		
2713	5.4260	8	-8		
2714	5.4280	8	-8		
2715	5.4300	7	-8		
2716	5.4320	7	-8		
2717	5.4340	7	-7		
2718	5.4360	7	-7		
2719	5.4380	7	-7		
2720	5.4400	7	-6		
2721	5.4420	7	-6		
2722	5.4440	7	-6		
2723	5.4460	6	-6		
2724	5.4480	6	-6		
2725	5.4500	6	-5		
2726	5.4520	6	-5		
2727	5.4540	6	-5		
2728	5.4560	6	-4		
2729	5.4580	6	-4		
2730	5.4600	6	-4		
2731	5.4620	6	-4		
2732	5.4640	6	-4		
2733	5.4660	6	-3		
2734	5.4680	6	-3		
2735	5.4700	6	-3		
2736	5.4720	5	-2		
2737	5.4740	5	-2		
2738	5.4760	5	-2		
2739	5.4780	5	-2		
2740	5.4800	5	-2		
2741	5.4820	5	-1		
2742	5.4840	5	-1		
2743	5.4860	5	-1		
2744	5.4880	4	0		
2745	5.4900	4	0		
2746	5.4920	4	0		
2747	5.4940	4	0		
2748	5.4960	4	1		
2749	5.4980	4	1		
2750	5.5000	4	1		
2751	5.5020	4	2		
2752	5.5040	4	2		
2753	5.5060	4	2		
2754	5.5080	4	2		
2755	5.5100	4	2		
2756	5.5120	3	3		
2757	5.5140	3	3		
2758	5.5160	3	3		
2759	5.5180	3	4		
2760	5.5200	3	4		
2761	5.5220	3	4		
2762	5.5240	3	4		
2763	5.5260	2	4		
2764	5.5280	2	5		
2765	5.5300	2	5		
2766	5.5320	2	5		
2767	5.5340	2	6		
2768	5.5360	2	6		
2769	5.5380	2	6		
2770	5.5400	2	6		
2771	5.5420	2	6		
2772	5.5440	2	7		
2773	5.5460	2	7		
2774	5.5480	2	7		
2775	5.5500	2	8		
2776	5.5520	1	8		
2777	5.5540	1	8		
2778	5.5560	1	8		
2779	5.5580	1	8		
2780	5.5600	1	9		
2781	5.5620	1	9		
2782	5.5640	1	9		
2783	5.5660	1	9		
2784	5.5680	0	10		
2785	5.5700	0	10		
2786	5.5720	0	10		
2787	5.5740	0	10		
2788	5.5760	0	10		
2789	5.5780	0	11		
2790	5.5800	0	11		
2791	5.5820	0	11		
2792	5.5840	0	11		
2793	5.5860	0	12		
2794	5.5880	0	12		
2795	5.5900	0	12		
2796	5.5920	0	12		
2797	5.5940	0	12		
2798	5.5960	-1	12		
2799	5.5980	-1	12		
2800	5.6000	-1	13		
2801	5.6020	-1	13		
2802	5.6040	-1	13		
2803	5.6060	-1	14		
2804	5.6080	-1	14		
2805	5.6100	-1	14		
2806	5.6120	-2	14		
2807	5.6140	-2	14		
2808	5.6160	-2	14		
2809	5.6180	-2	14		
2810	5.6200	-2	15		
2811	5.6220	-2	15		
2812	5.6240	-2	15		
2813	5.6260	-2	15		
2814	5.6280	-2	15		
2815	5.6300	-2	16		
2816	5.6320	-2	16		
2817	5.6340	-2	16		
2818	5.6360	-2	16		
2819	5.6380	-2	16		
2820	5.6400	-2	16		
2821	5.6420	-2	16		
2822	5.6440	-2	16		
2823	5.6460	-2	16		
2824	5.6480	-2	17		
2825	5.6500	-3	17		
2826	5.6520	-3	17		
2827	5.6540	-3	17		
2828	5.6560	-3	17		
2829	5.6580	-3	17		
2830	5.6600	-3	17		
2831	5.6620	-3	18		
2832	5.6640	-3	18		
2833	5.6660	-3	18		
2834	5.6680	-3	18		
2835	5.6700	-3	18		
2836	5.6720	-3	18		
2837	5.6740	-3	18		
2838	5.6760	-3	18		
2839	5.6780	-3	18		
2840	5.6800	-4	18		
2841	5.6820	-4	18		
2842	5.6840	-4	18		
2843	5.6860	-4	18		
2844	5.6880	-4	18		
2845	5.6900	-4	18		
2846	5.6920	-4	19		
2847	5.6940	-4	19		
2848	5.6960	-4	19		
2849	5.6980	-4	19		
2850	5.7000	-4	19		
2851	5.7020	-4	19		
2852	5.7040	-4	19		
2853	5.7060	-4	19		
2854	5.7080	-4	19		
2855	5.7100	-4	19		
2856	5.7120	-4	19		
2857	5.7140	-4	19		
2858	5.7160	-4	19		
2859	5.7180	-4	19		
2860	5.7200	-4	19		
2861	5.7220	-4	19		
2862	5.7240	-4	19		
2863	5.7260	-4	19		
2864	5.7280	-4	19		
2865	5.7300	-4	19		
2866	5.7320	-4	19		
2867	5.7340	-4	19		
2868	5.7360	-4	19		
2869	5.7380	-4	19		
2870	5.7400	-4	19		
2871	5.7420	-4	19		
2872	5.7440	-4	19		
2873	5.7460	-4	19		
2874	5.7480	-4	19		
2875	5.7500	-4	19		
2876	5.7520	-4	19		
2877	5.7540	-4	18		
2878	5.7560	-4	18		
2879	5.7580	-4	18		
2880	5.7600	-4	18		
2881	5.7620	-4	18		
2882	5.7640	-4	18		
2883	5.7660	-4	18		
2884	5.7680	-4	18		
2885	5.7700	-4	18		
2886	5.7720	-4	18		
2887	5.7740	-4	18		
2888	5.7760	-4	18		
2889	5.7780	-4	18		
2890	5.7800	-4	18		
2891	5.7820	-4	18		
2892	5.7840	-4	17		
2893	5.7860	-4	17		
2894	5.7880	-4	17		
2895	5.7900	-4	17		
2896	5.7920	-4	17		
2897	5.7940	-4	17		
2898	5.7960	-4	17		
2899	5.7980	-4	16		
2900	5.8000	-4	16		
2901	5.8020	-4	16		
2902	5.8040	-4	16		
2903	5.8060	-4	16		
2904	5.8080	-3	16		
2905	5.8100	-3	16		
2906	5.8120	-3	16		
2907	5.8140	-3	15		
2908	5.8160	-3	15		
2909	5.8180	-3	15		
2910	5.8200	-3	15		
2911	5.8220	-3	15		
2912	5.8240	-3	15		
2913	5.8260	-3	14		
2914	5.8280	-3	14		
2915	5.8300	-3	14		
2916	5.8320	-3	14		
2917	5.8340	-3	14		
2918	5.8360	-2	14		
2919	5.8380	-2	13		
2920	5.8400	-2	13		
2921	5.8420	-2	13		
2922	5.8440	-2	13		
2923	5.8460	-2	13		
2924	5.8480	-2	12		
2925	5.8500	-2	12		
2926	5.8520	-2	12		
2927	5.8540	-2	12		
2928	5.8560	-2	12		
2929	5.8580	-2	12		
2930	5.8600	-2	11		
2931	5.8620	-2	11		
2932	5.8640	-2	11		
2933	5.8660	-2	11		
2934	5.8680	-2	10		
2935	5.8700	-2	10		
2936	5.8720	-1	10		
2937	5.8740	-1	10		
2938	5.8760	-1	10		
2939	5.8780	-1	9		
2940	5.8800	-1	9		
2941	5.8820	-1	9		
2942	5.8840	-1	9		
2943	5.8860	-1	8		
2944	5.8880	-1	8		
2945	5.8900	-1	8		
2946	5.8920	0	8		
2947	5.8940	0	8		
2948	5.8960	0	7		
2949	5.8980	0	7		
2950	5.9000	0	7		
2951	5.9020	0	6		
2952	5.9040	0	6		
2953	5.9060	0	6		
2954	5.9080	0	6		
2955	5.9100	0	6		
2956	5.9120	0	5		
2957	5.9140	0	5		
2958	5.9160	0	5		
2959	5.9180	1	4		
2960	5.9200	1	4		
2961	5.9220	1	4		
2962	5.9240	1	4		
2963	5.9260	1	4		
2964	5.9280	1	3		
2965	5.9300	1	3		
2966	5.9320	1	3		
2967	5.9340	2	2		
2968	5.9360	2	2		
2969	5.9380	2	2		
2970	5.9400	2	2		
2971	5.9420	2	2		
2972	5.9440	2	1		
2973	5.9460	2	1		
2974	5.9480	2	1		
2975	5.9500	2	0		
2976	5.9520	2	0		
2977	5.9540	2	0		
2978	5.9560	2	0		
2979	5.9580	2	-1		
2980	5.9600	3	-1		
2981	5.9620	3	-1		
2982	5.9640	3	-2		
2983	5.9660	3	-2		
2984	5.9680	3	-2		
2985	5.9700	3	-2		
2986	5.9720	3	-2		
2987	5.9740	3	-3		
2988	5.9760	4	-3		
2989	5.9780	4	-3		
2990	5.9800	4	-4		
2991	5.9820	4	-4		
2992	5.9840	4	-4		
2993	5.9860	4	-4		
2994	5.9880	4	-4		
2995	5.9900	4	-5		
2996	5.9920	4	-5		
2997	5.9940	4	-5		
2998	5.9960	4	-5		
2999	5.9980	4	-6		
3000	6.0000	5	-6		
3001	6.0020	5	-6		
3002	6.0040	5	-6		
3003	6.0060	5	-7		
3004	6.0080	5	-7		
3005	6.0100	5	-7		
3006	6.0120	5	-8		
3007	6.0140	6	-8		
3008	6.0160	6	-8		
3009	6.0180	6	-8		
3010	6.0200	6	-8		
3011	6.0220	6	-9		
3012	6.0240	6	-9		
3013	6.0260	6	-9		
3014	6.0280	6	-9		
3015	6.0300	6	-10		
3016	6.0320	6	-10		
3017	6.0340	6	-10		
3018	6.0360	6	-10		
3019	6.0380	6	-10		
3020	6.0400	7	-11		
3021	6.0420	7	-11		
3022	6.0440	7	-11		
3023	6.0460	7	-11		
3024	6.0480	7	-12		
3025	6.0500	7	-12		
3026	6.0520	7	-12		
3027	6.0540	7	-12		
3028	6.0560	7	-12		
3029	6.0580	8	-12		
3030	6.0600	8	-13		
3031	6.0620	8	-13		
3032	6.0640	8	-13		
3033	6.0660	8	-13		
3034	6.0680	8	-14		
3035	6.0700	8	-14		
3036	6.0720	8	-14		
3037	6.0740	8	-14		
3038	6.0760	8	-14		
3039	6.0780	8	-14		
3040	6.0800	8	-15		
3041	6.0820	8	-15		
3042	6.0840	8	-15		
3043	6.0860	8	-15		
3044	6.0880	8	-15		
3045	6.0900	8	-16		
3046	6.0920	8	-16		
3047	6.0940	8	-16		
3048	6.0960	8	-16		
3049	6.0980	8	-16		
3050	6.1000	8	-16		
3051	6.1020	8	-16		
3052	6.1040	8	-16		
3053	6.1060	8	-17		
3054	6.1080	8	-17		
3055	6.1100	8	-17		
3056	6.1120	8	-17		
3057	6.1140	8	-17		
3058	6.1160	9	-17		
3059	6.1180	9	-18		
3060	6.1200	9	-18		
3061	6.1220	9	-18		
3062	6.1240	9	-18		
3063	6.1260	9	-18		
3064	6.1280	9	-18		
3065	6.1300	9	-18		
3066	6.1320	9	-18		
3067	6.1340	9	-18		
3068	6.1360	9	-18		
3069	6.1380	9	-18		
3070	6.1400	9	-18		
3071	6.1420	9	-19		
3072	6.1440	9	-19		
3073	6.1460	8	-19		
3074	6.1480	8	-19		
3075	6.1500	8	-19		
3076	6.1520	8	-19		
3077	6.1540	8	-19		
3078	6.1560	8	-19		
3079	6.1580	9	-19		
3080	6.1600	9	-19		
3081	6.1620	9	-19		
3082	6.1640	9	-19		
3083	6.1660	9	-19		
3084	6.1680	9	-19		
3085	6.1700	9	-19		
3086	6.1720	9	-20		
3087	6.1740	9	-20		
3088	6.1760	9	-20		
3089	6.1780	9	-20		
3090	6.1800	9	-20		
3091	6.1820	9	-20		
3092	6.1840	9	-20		
3093	6.1860	9	-20		
3094	6.1880	9	-20		
3095	6.1900	9	-20		
3096	6.1920	9	-20		
3097	6.1940	9	-20		
3098	6.1960	9	-20		
3099	6.1980	9	-20		
3100	6.2000	9	-20		
3101	6.2020	9	-20		
3102	6.2040	9	-20		
3103	6.2060	9	-20		
3104	6.2080	9	-19		
3105	6.2100	9	-19		
3106	6.2120	9	-19		
3107	6.2140	9	-19		
3108	6.2160	9	-19		
3109	6.2180	9	-19		
3110	6.2200	9	-19		
3111	6.2220	9	-19		
3112	6.2240	9	-19		
3113	6.2260	9	-19		
3114	6.2280	9	-19		
3115	6.2300	9	-19		
3116	6.2320	9	-19		
3117	6.2340	9	-19		
3118	6.2360	9	-18		
3119	6.2380	9	-18		
3120	6.2400	9	-18		
3121	6.2420	9	-18		
3122	6.2440	9	-18		
3123	6.2460	9	-18		
3124	6.2480	9	-18		
3125	6.2500	9	-18		
3126	6.2520	9	-18		
3127	6.2540	9	-18		
3128	6.2560	9	-18		
3129	6.2580	9	-18		
3130	6.2600	9	-17		
3131	6.2620	8	-17		
3132	6.2640	8	-17		
3133	6.2660	8	-17		
3134	6.2680	8	-17		
3135	6.2700	8	-17		
3136	6.2720	8	-16		
3137	6.2740	8	-16		
3138	6.2760	9	-16		
3139	6.2780	9	-16		
3140	6.2800	9	-16		
3141	6.2820	9	-16		
3142	6.2840	9	-16		
3143	6.2860	9	-16		
3144	6.2880	9	-16		
3145	6.2900	9	-15		
3146	6.2920	9	-15		
3147	6.2940	9	-15		
3148	6.2960	9	-15		
3149	6.2980	9	-14		
3150	6.3000	9	-14		
3151	6.3020	8	-14		
3152	6.3040	8	-14		
3153	6.3060	8	-14		
3154	6.3080	8	-14		
3155	6.3100	8	-13		
3156	6.3120	8	-13		
3157	6.3140	8	-13		
3158	6.3160	8	-13		
3159	6.3180	8	-13		
3160	6.3200	8	-12		
3161	6.3220	8	-12		
3162	6.3240	8	-12		
3163	6.3260	8	-12		
3164	6.3280	8	-12		
3165	6.3300	8	-12		
3166	6.3320	8	-11		
3167	6.3340	8	-11		
3168	6.3360	8	-11		
3169	6.3380	8	-10		
3170	6.3400	8	-10		
3171	6.3420	8	-10		
3172	6.3440	8	-10		
3173	6.3460	8	-10		
3174	6.3480	8	-10		
3175	6.3500	8	-9		
3176	6.3520	8	-9		
3177	6.3540	8	-9		
3178	6.3560	8	-8		
3179	6.3580	8	-8		
3180	6.3600	8	-8		
3181	6.3620	7	-8		
3182	6.3640	7	-8		
3183	6.3660	7	-7		
3184	6.3680	7	-7		
3185	6.3700	7	-7		
3186	6.3720	7	-7		
3187	6.3740	7	-6		
3188	6.3760	7	-6		
3189	6.3780	6	-6		
3190	6.3800	6	-6		
3191	6.3820	6	-5		
3192	6.3840	6	-5		
3193	6.3860	6	-5		
3194	6.3880	6	-5		
3195	6.3900	6	-4		
3196	6.3920	6	-4		
3197	6.3940	6	-4		
3198	6.3960	6	-4		
3199	6.3980	6	-3		
3200	6.4000	6	-3		
3201	6.4020	6	-3		
3202	6.4040	5	-2		
3203	6.4060	5	-2		
3204	6.4080	5	-2		
3205	6.4100	5	-2		
3206	6.4120	5	-2		
3207	6.4140	5	-1		
3208	6.4160	5	-1		
3209	6.4180	5	-1		
3210	6.4200	4	0		
3211	6.4220	4	0		
3212	6.4240	4	0		
3213	6.4260	4	0		
3214	6.4280	4	1		
3215	6.4300	4	1		
3216	6.4320	4	1		
3217	6.4340	4	2		
3218	6.4360	4	2		
3219	6.4380	4	2		
3220	6.4400	4	2		
3221	6.4420	4	2		
3222	6.4440	3	3		
3223	6.4460	3	3		
3224	6.4480	3	3		
3225	6.4500	3	4		
3226	6.4520	3	4		
3227	6.4540	3	4		
3228	6.4560	3	4		
3229	6.4580	2	4		
3230	6.4600	2	5		
3231	6.4620	2	5		
3232	6.4640	2	5		
3233	6.4660	2	6		
3234	6.4680	2	6		
3235	6.4700	2	6		
3236	6.4720	2	6		
3237	6.4740	2	6		
3238	6.4760	2	7		
3239	6.4780	2	7		
3240	6.4800	2	7		
3241	6.4820	2	7		
3242	6.4840	1	8		
3243	6.4860	1	8		
3244	6.4880	1	8		
3245	6.4900	1	8		
3246	6.4920	1	8		
3247	6.4940	1	9		
3248	6.4960	1	9		
3249	6.4980	1	9		
3250	6.5000	0	10		
3251	6.5020	0	10		
3252	6.5040	0	10		
3253	6.5060	0	10		
3254	6.5080	0	10		
3255	6.5100	0	11		
3256	6.5120	0	11		
3257	6.5140	0	11		
3258	6.5160	0	11		
3259	6.5180	0	12		
3260	6.5200	0	12		
3261	6.5220	0	12		
3262	6.5240	0	12		
3263	6.5260	0	12		
3264	6.5280	-1	12		
3265	6.5300	-1	13		
3266	6.5320	-1	13		
3267	6.5340	-1	13		
3268	6.5360	-1	13		
3269	6.5380	-1	13		
3270	6.5400	-1	14		
3271	6.5420	-1	14		
3272	6.5440	-1	14		
3273	6.5460	-2	14		
3274	6.5480	-2	14		
3275	6.5500	-2	14		
3276	6.5520	-2	15		
3277	6.5540	-2	15		
3278	6.5560	-2	15		
3279	6.5580	-2	15		
3280	6.5600	-2	15		
3281	6.5620	-2	15		
3282	6.5640	-2	16		
3283	6.5660	-2	16		
3284	6.5680	-2	16		
3285	6.5700	-2	16		
3286	6.5720	-2	16		
3287	6.5740	-2	16		
3288	6.5760	-2	16		
3289	6.5780	-2	16		
3290	6.5800	-2	17		
3291	6.5820	-3	17		
3292	6.5840	-3	17		
3293	6.5860	-3	17		
3294	6.5880	-3	17		
3295	6.5900	-3	17		
3296	6.5920	-3	17		
3297	6.5940	-3	18		
3298	6.5960	-3	18		
3299	6.5980	-3	18		
3300	6.6000	-3	18		
3301	6.6020	-3	18		
3302	6.6040	-3	18		
3303	6.6060	-3	18		
3304	6.6080	-3	18		
3305	6.6100	-3	18		
3306	6.6120	-4	18		
3307	6.6140	-4	18		
3308	6.6160	-4	18		
3309	6.6180	-4	18		
3310	6.6200	-4	18		
3311	6.6220	-4	18		
3312	6.6240	-4	19		
3313	6.6260	-4	19		
3314	6.6280	-4	19		
3315	6.6300	-4	19		
3316	6.6320	-4	19		
3317	6.6340	-4	19		
3318	6.6360	-4	19		
3319	6.6380	-4	19		
3320	6.6400	-4	19		
3321	6.6420	-4	19		
3322	6.6440	-4	19		
3323	6.6460	-4	19		
3324	6.6480	-4	19		
3325	6.6500	-4	19		
3326	6.6520	-4	19		
3327	6.6540	-4	19		
3328	6.6560	-4	19		
3329	6.6580	-4	19		
3330	6.6600	-4	19		
3331	6.6620	-4	19		
3332	6.6640	-4	19		
3333	6.6660	-4	19		
3334	6.6680	-4	19		
3335	6.6700	-4	19		
3336	6.6720	-4	19		
3337	6.6740	-4	19		
3338	6.6760	-4	19		
3339	6.6780	-4	19		
3340	6.6800	-4	19		
3341	6.6820	-4	19		
3342	6.6840	-4	19		
3343	6.6860	-4	19		
3344	6.6880	-4	18		
3345	6.6900	-4	18		
3346	6.6920	-4	18		
3347	6.6940	-4	18		
3348	6.6960	-4	18		
3349	6.6980	-4	18		
3350	6.7000	-4	18		
3351	6.7020	-4	18		
3352	6.7040	-4	18		
3353	6.7060	-4	18		
3354	6.7080	-4	18		
3355	6.7100	-4	18		
3356	6.7120	-4	18		
3357	6.7140	-4	18		
3358	6.7160	-4	17		
3359	6.7180	-4	17		
3360	6.7200	-4	17		
3361	6.7220	-4	17		
3362	6.7240	-4	17		
3363	6.7260	-4	17		
3364	6.7280	-4	17		
3365	6.7300	-4	16		
3366	6.7320	-4	16		
3367	6.7340	-4	16		
3368	6.7360	-4	16		
3369	6.7380	-4	16		
3370	6.7400	-3	16		
3371	6.7420	-3	16		
3372	6.7440	-3	16		
3373	6.7460	-3	16		
3374	6.7480	-3	15		
3375	6.7500	-3	15		
3376	6.7520	-3	15		
3377	6.7540	-3	15		
3378	6.7560	-3	15		
3379	6.7580	-3	14		
3380	6.7600	-3	14		
3381	6.7620	-3	14		
3382	6.7640	-3	14		
3383	6.7660	-3	14		
3384	6.7680	-2	14		
3385	6.7700	-2	14		
3386	6.7720	-2	13		
3387	6.7740	-2	13		
3388	6.7760	-2	13		
3389	6.7780	-2	13		
3390	6.7800	-2	12		
3391	6.7820	-2	12		
3392	6.7840	-2	12		
3393	6.7860	-2	12		
3394	6.7880	-2	12		
3395	6.7900	-2	12		
3396	6.7920	-2	11		
3397	6.7940	-2	11		
3398	6.7960	-2	11		
3399	6.7980	-2	11		
3400	6.8000	-2	10		
3401	6.8020	-2	10		
3402	6.8040	-1	10		
3403	6.8060	-1	10		
3404	6.8080	-1	10		
3405	6.8100	-1	9		
3406	6.8120	-1	9		
3407	6.8140	-1	9		
3408	6.8160	-1	9		
3409	6.8180	-1	8		
3410	6.8200	-1	8		
3411	6.8220	-1	8		
3412	6.8240	0	8		
3413	6.8260	0	8		
3414	6.8280	0	7		
3415	6.8300	0	7		
3416	6.8320	0	7		
3417	6.8340	0	6		
3418	6.8360	0	6		
3419	6.8380	0	6		
3420	6.8400	0	6		
3421	6.8420	0	6		
3422	6.8440	0	5		
3423	6.8460	0	5		
3424	6.8480	0	5		
3425	6.8500	1	4		
3426	6.8520	1	4		
3427	6.8540	1	4		
3428	6.8560	1	4		
3429	6.8580	1	4		
3430	6.8600	1	3		
3431	6.8620	1	3		
3432	6.8640	1	3		
3433	6.8660	1	2		
3434	6.8680	2	2		
3435	6.8700	2	2		
3436	6.8720	2	2		
3437	6.8740	2	2		
3438	6.8760	2	1		
3439	6.8780	2	1		
3440	6.8800	2	1		
3441	6.8820	2	0		
3442	6.8840	2	0		
3443	6.8860	2	0		
3444	6.8880	2	0		
3445	6.8900	2	0		
3446	6.8920	3	-1		
3447	6.8940	3	-1		
3448	6.8960	3	-1		
3449	6.8980	3	-2		
3450	6.9000	3	-2		
3451	6.9020	3	-2		
3452	6.9040	3	-2		
3453	6.9060	4	-3		
3454	6.9080	4	-3		
3455	6.9100	4	-3		
3456	6.9120	4	-4		
3457	6.9140	4	-4		
3458	6.9160	4	-4		
3459	6.9180	4	-4		
3460	6.9200	4	-4		
3461	6.9220	4	-5		
3462	6.9240	4	-5		
3463	6.9260	4	-5		
3464	6.9280	4	-6		
3465	6.9300	5	-6		
3466	6.9320	5	-6		
3467	6.9340	5	-6		
3468	6.9360	5	-6		
3469	6.9380	5	-7		
3470	6.9400	5	-7		
3471	6.9420	5	-7		
3472	6.9440	5	-8		
3473	6.9460	6	-8		
3474	6.9480	6	-8		
3475	6.9500	6	-8		
3476	6.9520	6	-8		
3477	6.9540	6	-9		
3478	6.9560	6	-9		
3479	6.9580	6	-9		
3480	6.9600	6	-9		
3481	6.9620	6	-10		
3482	6.9640	6	-10		
3483	6.9660	6	-10		
3484	6.9680	6	-10		
3485	6.9700	6	-10		
3486	6.9720	7	-11		
3487	6.9740	7	-11		
3488	6.9760	7	-11		
3489	6.9780	7	-11		
3490	6.9800	7	-12		
3491	6.9820	7	-12		
3492	6.9840	7	-12		
3493	6.9860	7	-12		
3494	6.9880	7	-12		
3495	6.9900	8	-12		
3496	6.9920	8	-13		
3497	6.9940	8	-13		
3498	6.9960	8	-13		
3499	6.9980	8	-13		
3500	7.0000	8	-14		
3501	7.0020	8	-14		
3502	7.0040	8	-14		
3503	7.0060	8	-14		
3504	7.0080	8	-14		
3505	7.0100	8	-14		
3506	7.0120	8	-15		
3507	7.0140	8	-15		
3508	7.0160	8	-15		
3509	7.0180	8	-15		
3510	7.0200	8	-15		
3511	7.0220	8	-16		
3512	7.0240	8	-16		
3513	7.0260	8	-16		
3514	7.0280	8	-16		
3515	7.0300	8	-16		
3516	7.0320	8	-16		
3517	7.0340	8	-16		
3518	7.0360	8	-16		
3519	7.0380	8	-17		
3520	7.0400	8	-17		
3521	7.0420	8	-17		
3522	7.0440	8	-17		
3523	7.0460	8	-17		
3524	7.0480	9	-17		
3525	7.0500	9	-17		
3526	7.0520	9	-18		
3527	7.0540	9	-18		
3528	7.0560	9	-18		
3529	7.0580	9	-18		
3530	7.0600	9	-18		
3531	7.0620	9	-18		
3532	7.0640	9	-18		
3533	7.0660	9	-18		
3534	7.0680	9	-18		
3535	7.0700	9	-18		
3536	7.0720	9	-18		
3537	7.0740	9	-18		
3538	7.0760	9	-19		
3539	7.0780	8	-19		
3540	7.0800	8	-19		
3541	7.0820	8	-19		
3542	7.0840	8	-19		
3543	7.0860	8	-19		
3544	7.0880	8	-19		
3545	7.0900	9	-19		
3546	7.0920	9	-19		
3547	7.0940	9	-19		
3548	7.0960	9	-19		
3549	7.0980	9	-19		
3550	7.1000	9	-19		
3551	7.1020	9	-20		
3552	7.1040	9	-20		
3553	7.1060	9	-20		
3554	7.1080	9	-20		
3555	7.1100	9	-20		
3556	7.1120	9	-20		
3557	7.1140	9	-20		
3558	7.1160	9	-20		
3559	7.1180	9	-20		
3560	7.1200	9	-20		
3561	7.1220	9	-20		
3562	7.1240	9	-20		
3563	7.1260	9	-20		
3564	7.1280	9	-20		
3565	7.1300	9	-20		
3566	7.1320	9	-20		
3567	7.1340	9	-20		
3568	7.1360	9	-20		
3569	7.1380	9	-20		
3570	7.1400	9	-20		
3571	7.1420	9	-19		
3572	7.1440	9	-19		
3573	7.1460	9	-19		
3574	7.1480	9	-19		
3575	7.1500	9	-19		
3576	7.1520	9	-19		
3577	7.1540	9	-19		
3578	7.1560	9	-19		
3579	7.1580	9	-19		
3580	7.1600	9	-19		
3581	7.1620	9	-19		
3582	7.1640	9	-19		
3583	7.1660	9	-19		
3584	7.1680	9	-19		
3585	7.1700	9	-18		
3586	7.1720	9	-18		
3587	7.1740	9	-18		
3588	7.1760	9	-18		
3589	7.1780	9	-18		
3590	7.1800	9	-18		
3591	7.1820	9	-18		
3592	7.1840	9	-18		
3593	7.1860	9	-18		
3594	7.1880	9	-18		
3595	7.1900	9	-18		
3596	7.1920	9	-18		
3597	7.1940	9	-17		
3598	7.1960	8	-17		
3599	7.1980	8	-17		
3600	7.2000	8	-17		
3601	7.2020	8	-17		
3602	7.2040	8	-17		
3603	7.2060	8	-16		
3604	7.2080	9	-16		
3605	7.2100	9	-16		
3606	7.2120	9	-16		
3607	7.2140	9	-16		
3608	7.2160	9	-16		
3609	7.2180	9	-16		
3610	7.2200	9	-16		
3611	7.2220	9	-15		
3612	7.2240	9	-15		
3613	7.2260	9	-15		
3614	7.2280	9	-15		
3615	7.2300	9	-14		
3616	7.2320	9	-14		
3617	7.2340	9	-14		
3618	7.2360	8	-14		
3619	7.2380	8	-14		
3620	7.2400	8	-14		
3621	7.2420	8	-14		
3622	7.2440	8	-13		
3623	7.2460	8	-13		
3624	7.2480	8	-13		
3625	7.2500	8	-13		
3626	7.2520	8	-12		
3627	7.2540	8	-12		
3628	7.2560	8	-12		
3629	7.2580	8	-12		
3630	7.2600	8	-12		
3631	7.2620	8	-12		
3632	7.2640	8	-11		
3633	7.2660	8	-11		
3634	7.2680	8	-11		
3635	7.2700	8	-11		
3636	7.2720	8	-10		
3637	7.2740	8	-10		
3638	7.2760	8	-10		
3639	7.2780	8	-10		
3640	7.2800	8	-10		
3641	7.2820	8	-9		
3642	7.2840	8	-9		
3643	7.2860	8	-9		
3644	7.2880	8	-9		
3645	7.2900	8	-8		
3646	7.2920	8	-8		
3647	7.2940	8	-8		
3648	7.2960	7	-8		
3649	7.2980	7	-8		
3650	7.3000	7	-7		
3651	7.3020	7	-7		
3652	7.3040	7	-7		
3653	7.3060	7	-6		
3654	7.3080	7	-6		
3655	7.3100	6	-6		
3656	7.3120	6	-6		
3657	7.3140	6	-5		
3658	7.3160	6	-5		
3659	7.3180	6	-5		
3660	7.3200	6	-5		
3661	7.3220	6	-4		
3662	7.3240	6	-4		
3663	7.3260	6	-4		
3664	7.3280	6	-4		
3665	7.3300	6	-3		
3666	7.3320	6	-3		
3667	7.3340	6	-3		
3668	7.3360	6	-2		
3669	7.3380	5	-2		
3670	7.3400	5	-2		
3671	7.3420	5	-2		
3672	7.3440	5	-2		
3673	7.3460	5	-1		
3674	7.3480	5	-1		
3675	7.3500	5	-1		
3676	7.3520	4	-1		
3677	7.3540	4	0		
3678	7.3560	4	0		
3679	7.3580	4	0		
3680	7.3600	4	0		
3681	7.3620	4	1		
3682	7.3640	4	1		
3683	7.3660	4	1		
3684	7.3680	4	2		
3685	7.3700	4	2		
3686	7.3720	4	2		
3687	7.3740	4	2		
3688	7.3760	4	2		
3689	7.3780	3	3		
3690	7.3800	3	3		
3691	7.3820	3	3		
3692	7.3840	3	4		
3693	7.3860	3	4		
3694	7.3880	3	4		
3695	7.3900	3	4		
3696	7.3920	2	4		
3697	7.3940	2	5		
3698	7.3960	2	5		
3699	7.3980	2	5		
3700	7.4000	2	6		
3701	7.4020	2	6		
3702	7.4040	2	6		
3703	7.4060	2	6		
3704	7.4080	2	7		
3705	7.4100	2	7		
3706	7.4120	2	7		
3707	7.4140	2	7		
3708	7.4160	1	8		
3709	7.4180	1	8		
3710	7.4200	1	8		
3711	7.4220	1	8		
3712	7.4240	1	8		
3713	7.4260	1	9		
3714	7.4280	1	9		
3715	7.4300	1	9		
3716	7.4320	0	10		
3717	7.4340	0	10		
3718	7.4360	0	10		
3719	7.4380	0	10		
3720	7.4400	0	10		
3721	7.4420	0	10		
3722	7.4440	0	11		
3723	7.4460	0	11		
3724	7.4480	0	11		
3725	7.4500	0	11		
3726	7.4520	0	12		
3727	7.4540	0	12		
3728	7.4560	0	12		
3729	7.4580	0	12		
3730	7.4600	-1	12		
3731	7.4620	-1	12		
3732	7.4640	-1	13		
3733	7.4660	-1	13		
3734	7.4680	-1	13		
3735	7.4700	-1	13		
3736	7.4720	-1	14		
3737	7.4740	-1	14		
3738	7.4760	-1	14		
3739	7.4780	-2	14		
3740	7.4800	-2	14		
3741	7.4820	-2	14		
3742	7.4840	-2	14		
3743	7.4860	-2	15		
3744	7.4880	-2	15		
3745	7.4900	-2	15		
3746	7.4920	-2	15		
3747	7.4940	-2	15		
3748	7.4960	-2	16		
3749	7.4980	-2	16		
3750	7.5000	-2	16		
3751	7.5020	-2	16		
3752	7.5040	-2	16		
3753	7.5060	-2	16		
3754	7.5080	-2	16		
3755	7.5100	-2	16		
3756	7.5120	-2	17		
3757	7.5140	-3	17		
3758	7.5160	-3	17		
3759	7.5180	-3	17		
3760	7.5200	-3	17		
3761	7.5220	-3	17		
3762	7.5240	-3	17		
3763	7.5260	-3	18		
3764	7.5280	-3	18		
3765	7.5300	-3	18		
3766	7.5320	-3	18		
3767	7.5340	-3	18		
3768	7.5360	-3	18		
3769	7.5380	-3	18		
3770	7.5400	-3	18		
3771	7.5420	-3	18		
3772	7.5440	-4	18		
3773	7.5460	-4	18		
3774	7.5480	-4	18		
3775	7.5500	-4	18		
3776	7.5520	-4	18		
3777	7.5540	-4	18		
3778	7.5560	-4	19		
3779	7.5580	-4	19		
3780	7.5600	-4	19		
3781	7.5620	-4	19		
3782	7.5640	-4	19		
3783	7.5660	-4	19		
3784	7.5680	-4	19		
3785	7.5700	-4	19		
3786	7.5720	-4	19		
3787	7.5740	-4	19		
3788	7.5760	-4	19		
3789	7.5780	-4	19		
3790	7.5800	-4	19		
3791	7.5820	-4	19		
3792	7.5840	-4	19		
3793	7.5860	-4	19		
3794	7.5880	-4	19		
3795	7.5900	-4	19		
3796	7.5920	-4	19		
3797	7.5940	-4	19		
3798	7.5960	-4	19		
3799	7.5980	-4	19		
3800	7.6000	-4	19		
3801	7.6020	-4	19		
3802	7.6040	-4	19		
3803	7.6060	-4	19		
3804	7.6080	-4	19		
3805	7.6100	-4	19		
3806	7.6120	-4	19		
3807	7.6140	-4	19		
3808	7.6160	-4	19		
3809	7.6180	-4	19		
3810	7.6200	-4	18		
3811	7.6220	-4	18		
3812	7.6240	-4	18		
3813	7.6260	-4	18		
3814	7.6280	-4	18		
3815	7.6300	-4	18		
3816	7.6320	-4	18		
3817	7.6340	-4	18		
3818	7.6360	-4	18		
3819	7.6380	-4	18		
3820	7.6400	-4	18		
3821	7.6420	-4	18		
3822	7.6440	-4	18		
3823	7.6460	-4	18		
3824	7.6480	-4	18		
3825	7.6500	-4	17		
3826	7.6520	-4	17		
3827	7.6540	-4	17		
3828	7.6560	-4	17		
3829	7.6580	-4	17		
3830	7.6600	-4	17		
3831	7.6620	-4	17		
3832	7.6640	-4	16		
3833	7.6660	-4	16		
3834	7.6680	-4	16		
3835	7.6700	-4	16		
3836	7.6720	-3	16		
3837	7.6740	-3	16		
3838	7.6760	-3	16		
3839	7.6780	-3	16		
3840	7.6800	-3	15		
3841	7.6820	-3	15		
3842	7.6840	-3	15		
3843	7.6860	-3	15		
3844	7.6880	-3	15		
3845	7.6900	-3	15		
3846	7.6920	-3	14		
3847	7.6940	-3	14		
3848	7.6960	-3	14		
3849	7.6980	-3	14		
3850	7.7000	-2	14		
3851	7.7020	-2	14		
3852	7.7040	-2	13		
3853	7.7060	-2	13		
3854	7.7080	-2	13		
3855	7.7100	-2	13		
3856	7.7120	-2	12		
3857	7.7140	-2	12		
3858	7.7160	-2	12		
3859	7.7180	-2	12		
3860	7.7200	-2	12		
3861	7.7220	-2	12		
3862	7.7240	-2	11		
3863	7.7260	-2	11		
3864	7.7280	-2	11		
3865	7.7300	-2	11		
3866	7.7320	-2	10		
3867	7.7340	-2	10		
3868	7.7360	-1	10		
3869	7.7380	-1	10		
3870	7.7400	-1	10		
3871	7.7420	-1	10		
3872	7.7440	-1	9		
3873	7.7460	-1	9		
3874	7.7480	-1	9		
3875	7.7500	-1	8		
3876	7.7520	-1	8		
3877	7.7540	-1	8		
3878	7.7560	0	8		
3879	7.7580	0	8		
3880	7.7600	0	7		
3881	7.7620	0	7		
3882	7.7640	0	7		
3883	7.7660	0	7		
3884	7.7680	0	6		
3885	7.7700	0	6		
3886	7.7720	0	6		
3887	7.7740	0	6		
3888	7.7760	0	6		
3889	7.7780	0	5		
3890	7.7800	0	5		
3891	7.7820	0	5		
3892	7.7840	1	4		
3893	7.7860	1	4		
3894	7.7880	1	4		
3895	7.7900	1	4		
3896	7.7920	1	4		
3897	7.7940	1	3		
3898	7.7960	1	3		
3899	7.7980	1	3		
3900	7.8000	2	2		
3901	7.8020	2	2		
3902	7.8040	2	2		
3903	7.8060	2	2		
3904	7.8080	2	1		
3905	7.8100	2	1		
3906	7.8120	2	1		
3907	7.8140	2	0		
3908	7.8160	2	0		
3909	7.8180	2	0		
3910	7.8200	2	0		
3911	7.8220	2	0		
3912	7.8240	3	-1		
3913	7.8260	3	-1		
3914	7.8280	3	-1		
3915	7.8300	3	-2		
3916	7.8320	3	-2		
3917	7.8340	3	-2		
3918	7.8360	3	-2		
3919	7.8380	4	-2		
3920	7.8400	4	-3		
3921	7.8420	4	-3		
3922	7.8440	4	-3		
3923	7.8460	4	-4		
3924	7.8480	4	-4		
3925	7.8500	4	-4		
3926	7.8520	4	-4		
3927	7.8540	4	-4		
3928	7.8560	4	-5		
3929	7.8580	4	-5		
3930	7.8600	4	-5		
3931	7.8620	5	-6		
3932	7.8640	5	-6		
3933	7.8660	5	-6		
3934	7.8680	5	-6		
3935	7.8700	5	-6		
3936	7.8720	5	-7		
3937	7.8740	5	-7		
3938	7.8760	5	-7		
3939	7.8780	6	-8		
3940	7.8800	6	-8		
3941	7.8820	6	-8		
3942	7.8840	6	-8		
3943	7.8860	6	-8		
3944	7.8880	6	-9		
3945	7.8900	6	-9		
3946	7.8920	6	-9		
3947	7.8940	6	-9		
3948	7.8960	6	-10		
3949	7.8980	6	-10		
3950	7.9000	6	-10		
3951	7.9020	6	-10		
3952	7.9040	7	-10		
3953	7.9060	7	-11		
3954	7.9080	7	-11		
3955	7.9100	7	-11		
3956	7.9120	7	-12		
3957	7.9140	7	-12		
3958	7.9160	7	-12		
3959	7.9180	7	-12		
3960	7.9200	8	-12		
3961	7.9220	8	-12		
3962	7.9240	8	-13		
3963	7.9260	8	-13		
3964	7.9280	8	-13		
3965	7.9300	8	-13		
3966	7.9320	8	-14		
3967	7.9340	8	-14		
3968	7.9360	8	-14		
3969	7.9380	8	-14		
3970	7.9400	8	-14		
3971	7.9420	8	-14		
3972	7.9440	8	-14		
3973	7.9460	8	-15		
3974	7.9480	8	-15		
3975	7.9500	8	-15		
3976	7.9520	8	-15		
3977	7.9540	8	-15		
3978	7.9560	8	-16		
3979	7.9580	8	-16		
3980	7.9600	8	-16		
3981	7.9620	8	-16		
3982	7.9640	8	-16		
3983	7.9660	8	-16		
3984	7.9680	8	-16		
3985	7.9700	8	-16		
3986	7.9720	8	-17		
3987	7.9740	8	-17		
3988	7.9760	8	-17		
3989	7.9780	8	-17		
3990	7.9800	9	-17		
3991	7.9820	9	-17		
3992	7.9840	9	-18		
3993	7.9860	9	-18		
3994	7.9880	9	-18		
3995	7.9900	9	-18		
3996	7.9920	9	-18		
3997	7.9940	9	-18		
3998	7.9960	9	-18		
3999	7.9980	9	-18		
4000	8.0000	9	-18		
4001	8.0020	9	-18		
4002	8.0040	9	-18		
4003	8.0060	9	-18		
4004	8.0080	8	-19		
4005	8.0100	8	-19		
4006	8.0120	8	-19		
4007	8.0140	8	-19		
4008	8.0160	8	-19		
4009	8.0180	8	-19		
4010	8.0200	9	-19		
4011	8.0220	9	-19		
4012	8.0240	9	-19		
4013	8.0260	9	-19		
4014	8.0280	9	-19		
4015	8.0300	9	-19		
4016	8.0320	9	-19		
4017	8.0340	9	-19		
4018	8.0360	9	-19		
4019	8.0380	9	-19		
4020	8.0400	9	-20		
4021	8.0420	9	-20		
4022	8.0440	9	-20		
4023	8.0460	9	-20		
4024	8.0480	9	-20		
4025	8.0500	9	-20		
4026	8.0520	9	-20		
4027	8.0540	9	-20		
4028	8.0560	9	-20		
4029	8.0580	9	-20		
4030	8.0600	9	-20		
4031	8.0620	9	-20		
4032	8.0640	9	-20		
4033	8.0660	9	-20		
4034	8.0680	9	-20		
4035	8.0700	9	-20		
4036	8.0720	9	-19		
4037	8.0740	9	-19		
4038	8.0760	9	-19		
4039	8.0780	9	-19		
4040	8.0800	9	-19		
4041	8.0820	9	-19		
4042	8.0840	9	-19		
4043	8.0860	9	-19		
4044	8.0880	9	-19		
4045	8.0900	9	-19		
4046	8.0920	9	-19		
4047	8.0940	9	-19		
4048	8.0960	9	-19		
4049	8.0980	9	-19		
4050	8.1000	9	-19		
4051	8.1020	9	-18		
4052	8.1040	9	-18		
4053	8.1060	9	-18		
4054	8.1080	9	-18		
4055	8.1100	9	-18		
4056	8.1120	9	-18		
4057	8.1140	9	-18		
4058	8.1160	9	-18		
4059	8.1180	9	-18		
4060	8.1200	9	-18		
4061	8.1220	9	-18		
4062	8.1240	9	-17		
4063	8.1260	9	-17		
4064	8.1280	9	-17		
4065	8.1300	8	-17		
4066	8.1320	8	-17		
4067	8.1340	8	-17		
4068	8.1360	8	-17		
4069	8.1380	8	-16		
4070	8.1400	8	-16		
4071	8.1420	9	-16		
4072	8.1440	9	-16		
4073	8.1460	9	-16		
4074	8.1480	9	-16		
4075	8.1500	9	-16		
4076	8.1520	9	-16		
4077	8.1540	9	-15		
4078	8.1560	9	-15		
4079	8.1580	9	-15		
4080	8.1600	9	-15		
4081	8.1620	9	-15		
4082	8.1640	9	-14		
4083	8.1660	9	-14		
4084	8.1680	9	-14		
4085	8.1700	8	-14		
4086	8.1720	8	-14		
4087	8.1740	8	-14		
4088	8.1760	8	-13		
4089	8.1780	8	-13		
4090	8.1800	8	-13		
4091	8.1820	8	-13		
4092	8.1840	8	-13		
4093	8.1860	8	-12		
4094	8.1880	8	-12		
4095	8.1900	8	-12		
4096	8.1920	8	-12		
4097	8.1940	8	-12		
4098	8.1960	8	-11		
4099	8.1980	8	-11		
4100	8.2000	8	-11		
4101	8.2020	8	-11		
4102	8.2040	8	-10		
4103	8.2060	8	-10		
4104	8.2080	8	-10		
4105	8.2100	8	-10		
4106	8.2120	8	-10		
4107	8.2140	8	-9		
4108	8.2160	8	-9		
4109	8.2180	8	-9		
4110	8.2200	8	-9		
4111	8.2220	8	-8		
4112	8.2240	8	-8		
4113	8.2260	8	-8		
4114	8.2280	7	-8		
4115	8.2300	7	-8		
4116	8.2320	7	-7		
4117	8.2340	7	-7		
4118	8.2360	7	-7		
4119	8.2380	7	-6		
4120	8.2400	7	-6		
4121	8.2420	7	-6		
4122	8.2440	6	-6		
4123	8.2460	6	-6		
4124	8.2480	6	-5		
4125	8.2500	6	-5		
4126	8.2520	6	-5		
4127	8.2540	6	-4		
4128	8.2560	6	-4		
4129	8.2580	6	-4		
4130	8.2600	6	-4		
4131	8.2620	6	-4		
4132	8.2640	6	-3		
4133	8.2660	6	-3		
4134	8.2680	6	-3		
4135	8.2700	5	-2		
4136	8.2720	5	-2		
4137	8.2740	5	-2		
4138	8.2760	5	-2		
4139	8.2780	5	-2		
4140	8.2800	5	-1		
4141	8.2820	5	-1		
4142	8.2840	5	-1		
4143	8.2860	4	0		
4144	8.2880	4	0		
4145	8.2900	4	0		
4146	8.2920	4	0		
4147	8.2940	4	1		
4148	8.2960	4	1		
4149	8.2980	4	1		
4150	8.3000	4	2		
4151	8.3020	4	2		
4152	8.3040	4	2		
4153	8.3060	4	2		
4154	8.3080	4	2		
4155	8.3100	3	3		
4156	8.3120	3	3		
4157	8.3140	3	3		
4158	8.3160	3	4		
4159	8.3180	3	4		
4160	8.3200	3	4		
4161	8.3220	3	4		
4162	8.3240	2	4		
4163	8.3260	2	5		
4164	8.3280	2	5		
4165	8.3300	2	5		
4166	8.3320	2	6		
4167	8.3340	2	6		
4168	8.3360	2	6		
4169	8.3380	2	6		
4170	8.3400	2	6		
4171	8.3420	2	7		
4172	8.3440	2	7		
4173	8.3460	2	7		
4174	8.3480	2	8		
4175	8.3500	1	8		
4176	8.3520	1	8		
4177	8.3540	1	8		
4178	8.3560	1	8		
4179	8.3580	1	9		
4180	8.3600	1	9		
4181	8.3620	1	9		
4182	8.3640	0	9		
4183	8.3660	0	10		
4184	8.3680	0	10		
4185	8.3700	0	10		
4186	8.3720	0	10		
4187	8.3740	0	10		
4188	8.3760	0	11		
4189	8.3780	0	11		
4190	8.3800	0	11		
4191	8.3820	0	11		
4192	8.3840	0	12		
4193	8.3860	0	12		
4194	8.3880	0	12		
4195	8.3900	0	12		
4196	8.3920	0	12		
4197	8.3940	-1	12		
4198	8.3960	-1	13		
4199	8.3980	-1	13		
4200	8.4000	-1	13		
4201	8.4020	-1	13		
4202	8.4040	-1	14		
4203	8.4060	-1	14		
4204	8.4080	-1	14		
4205	8.4100	-2	14		
4206	8.4120	-2	14		
4207	8.4140	-2	14		
4208	8.4160	-2	14		
4209	8.4180	-2	15		
4210	8.4200	-2	15		
4211	8.4220	-2	15		
4212	8.4240	-2	15		
4213	8.4260	-2	15		
4214	8.4280	-2	16		
4215	8.4300	-2	16		
4216	8.4320	-2	16		
4217	8.4340	-2	16		
4218	8.4360	-2	16		
4219	8.4380	-2	16		
4220	8.4400	-2	16		
4221	8.4420	-2	16		
4222	8.4440	-2	16		
4223	8.4460	-2	17		
4224	8.4480	-3	17		
4225	8.4500	-3	17		
4226	8.4520	-3	17		
4227	8.4540	-3	17		
4228	8.4560	-3	17		
4229	8.4580	-3	17		
4230	8.4600	-3	18		
4231	8.4620	-3	18		
4232	8.4640	-3	18		
4233	8.4660	-3	18		
4234	8.4680	-3	18		
4235	8.4700	-3	18		
4236	8.4720	-3	18		
4237	8.4740	-3	18		
4238	8.4760	-3	18		
4239	8.4780	-4	18		
4240	8.4800	-4	18		
4241	8.4820	-4	18		
4242	8.4840	-4	18		
4243	8.4860	-4	18		
4244	8.4880	-4	18		
4245	8.4900	-4	19		
4246	8.4920	-4	19		
4247	8.4940	-4	19		
4248	8.4960	-4	19		
4249	8.4980	-4	19		
4250	8.5000	-4	19		
4251	8.5020	-4	19		
4252	8.5040	-4	19		
4253	8.5060	-4	19		
4254	8.5080	-4	19		
4255	8.5100	-4	19		
4256	8.5120	-4	19		
4257	8.5140	-4	19		
4258	8.5160	-4	19		
4259	8.5180	-4	19		
4260	8.5200	-4	19		
4261	8.5220	-4	19		
4262	8.5240	-4	19		
4263	8.5260	-4	19		
4264	8.5280	-4	19		
4265	8.5300	-4	19		
4266	8.5320	-4	19		
4267	8.5340	-4	19		
4268	8.5360	-4	19		
4269	8.5380	-4	19		
4270	8.5400	-4	19		
4271	8.5420	-4	19		
4272	8.5440	-4	19		
4273	8.5460	-4	19		
4274	8.5480	-4	19		
4275	8.5500	-4	19		
4276	8.5520	-4	18		
4277	8.5540	-4	18		
4278	8.5560	-4	18		
4279	8.5580	-4	18		
4280	8.5600	-4	18		
4281	8.5620	-4	18		
4282	8.5640	-4	18		
4283	8.5660	-4	18		
4284	8.5680	-4	18		
4285	8.5700	-4	18		
4286	8.5720	-4	18		
4287	8.5740	-4	18		
4288	8.5760	-4	18		
4289	8.5780	-4	18		
4290	8.5800	-4	18		
4291	8.5820	-4	17		
4292	8.5840	-4	17		
4293	8.5860	-4	17		
4294	8.5880	-4	17		
4295	8.5900	-4	17		
4296	8.5920	-4	17		
4297	8.5940	-4	17		
4298	8.5960	-4	16		
4299	8.5980	-4	16		
4300	8.6000	-4	16		
4301	8.6020	-4	16		
4302	8.6040	-3	16		
4303	8.6060	-3	16		
4304	8.6080	-3	16		
4305	8.6100	-3	16		
4306	8.6120	-3	15		
4307	8.6140	-3	15		
4308	8.6160	-3	15		
4309	8.6180	-3	15		
4310	8.6200	-3	15		
4311	8.6220	-3	14		
4312	8.6240	-3	14		
4313	8.6260	-3	14		
4314	8.6280	-3	14		
4315	8.6300	-3	14		
4316	8.6320	-2	14		
4317	8.6340	-2	14		
4318	8.6360	-2	13		
4319	8.6380	-2	13		
4320	8.6400	-2	13		
4321	8.6420	-2	13		
4322	8.6440	-2	13		
4323	8.6460	-2	12		
4324	8.6480	-2	12		
4325	8.6500	-2	12		
4326	8.6520	-2	12		
4327	8.6540	-2	12		
4328	8.6560	-2	11		
4329	8.6580	-2	11		
4330	8.6600	-2	11		
4331	8.6620	-2	11		
4332	8.6640	-2	10		
4333	8.6660	-2	10		
4334	8.6680	-1	10		
4335	8.6700	-1	10		
4336	8.6720	-1	10		
4337	8.6740	-1	10		
4338	8.6760	-1	9		
4339	8.6780	-1	9		
4340	8.6800	-1	9		
4341	8.6820	-1	9		
4342	8.6840	-1	8		
4343	8.6860	-1	8		
4344	8.6880	0	8		
4345	8.6900	0	8		
4346	8.6920	0	8		
4347	8.6940	0	7		
4348	8.6960	0	7		
4349	8.6980	0	7		
4350	8.7000	0	6		
4351	8.7020	0	6		
4352	8.7040	0	6		
4353	8.7060	0	6		
4354	8.7080	0	6		
4355	8.7100	0	5		
4356	8.7120	0	5		
4357	8.7140	1	5		
4358	8.7160	1	4		
4359	8.7180	1	4		
4360	8.7200	1	4		
4361	8.7220	1	4		
4362	8.7240	1	4		
4363	8.7260	1	3		
4364	8.7280	1	3		
4365	8.7300	1	3		
4366	8.7320	2	2		
4367	8.7340	2	2		
4368	8.7360	2	2		
4369	8.7380	2	2		
4370	8.7400	2	1		
4371	8.7420	2	1		
4372	8.7440	2	1		
4373	8.7460	2	1		
4374	8.7480	2	0		
4375	8.7500	2	0		
4376	8.7520	2	0		
4377	8.7540	2	0		
4378	8.7560	3	-1		
4379	8.7580	3	-1		
4380	8.7600	3	-1		
4381	8.7620	3	-2		
4382	8.7640	3	-2		
4383	8.7660	3	-2		
4384	8.7680	3	-2		
4385	8.7700	3	-2		
4386	8.7720	4	-3		
4387	8.7740	4	-3		
4388	8.7760	4	-3		
4389	8.7780	4	-4		
4390	8.7800	4	-4		
4391	8.7820	4	-4		
4392	8.7840	4	-4		
4393	8.7860	4	-4		
4394	8.7880	4	-5		
4395	8.7900	4	-5		
4396	8.7920	4	-5		
4397	8.7940	4	-5		
4398	8.7960	5	-6		
4399	8.7980	5	-6		
4400	8.8000	5	-6		
4401	8.8020	5	-6		
4402	8.8040	5	-7		
4403	8.8060	5	-7		
4404	8.8080	5	-7		
4405	8.8100	6	-8		
4406	8.8120	6	-8		
4407	8.8140	6	-8		
4408	8.8160	6	-8		
4409	8.8180	6	-8		
4410	8.8200	6	-9		
4411	8.8220	6	-9		
4412	8.8240	6	-9		
4413	8.8260	6	-9		
4414	8.8280	6	-10		
4415	8.8300	6	-10		
4416	8.8320	6	-10		
4417	8.8340	6	-10		
4418	8.8360	7	-10		
4419	8.8380	7	-11		
4420	8.8400	7	-11		
4421	8.8420	7	-11		
4422	8.8440	7	-11		
4423	8.8460	7	-12		
4424	8.8480	7	-12		
4425	8.8500	7	-12		
4426	8.8520	7	-12		
4427	8.8540	8	-12		
4428	8.8560	8	-12		
4429	8.8580	8	-13		
4430	8.8600	8	-13		
4431	8.8620	8	-13		
4432	8.8640	8	-13		
4433	8.8660	8	-14		
4434	8.8680	8	-14		
4435	8.8700	8	-14		
4436	8.8720	8	-14		
4437	8.8740	8	-14		
4438	8.8760	8	-14		
4439	8.8780	8	-14		
4440	8.8800	8	-15		
4441	8.8820	8	-15		
4442	8.8840	8	-15		
4443	8.8860	8	-15		
4444	8.8880	8	-15		
4445	8.8900	8	-16		
4446	8.8920	8	-16		
4447	8.8940	8	-16		
4448	8.8960	8	-16		
4449	8.8980	8	-16		
4450	8.9000	8	-16		
4451	8.9020	8	-16		
4452	8.9040	8	-16		
4453	8.9060	8	-17		
4454	8.9080	8	-17		
4455	8.9100	8	-17		
4456	8.9120	9	-17		
4457	8.9140	9	-17		
4458	8.9160	9	-17		
4459	8.9180	9	-18		
4460	8.9200	9	-18		
4461	8.9220	9	-18		
4462	8.9240	9	-18		
4463	8.9260	9	-18		
4464	8.9280	9	-18		
4465	8.9300	9	-18		
4466	8.9320	9	-18		
4467	8.9340	9	-18		
4468	8.9360	9	-18		
4469	8.9380	9	-18		
4470	8.9400	9	-18		
4471	8.9420	8	-18		
4472	8.9440	8	-19		
4473	8.9460	8	-19		
4474	8.9480	8	-19		
4475	8.9500	8	-19		
4476	8.9520	9	-19		
4477	8.9540	9	-19		
4478	8.9560	9	-19		
4479	8.9580	9	-19		
4480	8.9600	9	-19		
4481	8.9620	9	-19		
4482	8.9640	9	-19		
4483	8.9660	9	-19		
4484	8.9680	9	-19		
4485	8.9700	9	-19		
4486	8.9720	9	-19		
4487	8.9740	9	-19		
4488	8.9760	9	-19		
4489	8.9780	9	-19		
4490	8.9800	9	-20		
4491	8.9820	9	-20		
4492	8.9840	9	-20		
4493	8.9860	9	-20		
4494	8.9880	9	-20		
4495	8.9900	9	-20		
4496	8.9920	9	-20		
4497	8.9940	9	-20		
4498	8.9960	9	-20		
4499	8.9980	9	-19		
4500	9.0000	9	-19		
4501	9.0020	9	-19		
4502	9.0040	9	-19		
4503	9.0060	9	-19		
4504	9.0080	9	-19		
4505	9.0100	9	-19		
4506	9.0120	9	-19		
4507	9.0140	9	-19		
4508	9.0160	9	-19		
4509	9.0180	9	-19		
4510	9.0200	9	-19		
4511	9.0220	9	-19		
4512	9.0240	9	-19		
4513	9.0260	9	-19		
4514	9.0280	9	-19		
4515	9.0300	9	-19		
4516	9.0320	9	-18		
4517	9.0340	9	-18		
4518	9.0360	9	-18		
4519	9.0380	9	-18		
4520	9.0400	9	-18		
4521	9.0420	9	-18		
4522	9.0440	9	-18		
4523	9.0460	9	-18		
4524	9.0480	9	-18		
4525	9.0500	9	-18		
4526	9.0520	9	-18		
4527	9.0540	9	-18		
4528	9.0560	9	-17		
4529	9.0580	9	-17		
4530	9.0600	9	-17		
4531	9.0620	8	-17		
4532	9.0640	8	-17		
4533	9.0660	8	-17		
4534	9.0680	8	-16		
4535	9.0700	8	-16		
4536	9.0720	8	-16		
4537	9.0740	9	-16		
4538	9.0760	9	-16		
4539	9.0780	9	-16		
4540	9.0800	9	-16		
4541	9.0820	9	-16		
4542	9.0840	9	-16		
4543	9.0860	9	-15		
4544	9.0880	9	-15		
4545	9.0900	9	-15		
4546	9.0920	9	-15		
4547	9.0940	9	-15		
4548	9.0960	9	-14		
4549	9.0980	9	-14		
4550	9.1000	9	-14		
4551	9.1020	8	-14		
4552	9.1040	8	-14		
4553	9.1060	8	-14		
4554	9.1080	8	-13		
4555	9.1100	8	-13		
4556	9.1120	8	-13		
4557	9.1140	8	-13		
4558	9.1160	8	-12		
4559	9.1180	8	-12		
4560	9.1200	8	-12		
4561	9.1220	8	-12		
4562	9.1240	8	-12		
4563	9.1260	8	-12		
4564	9.1280	8	-11		
4565	9.1300	8	-11		
4566	9.1320	8	-11		
4567	9.1340	8	-11		
4568	9.1360	8	-10		
4569	9.1380	8	-10		
4570	9.1400	8	-10		
4571	9.1420	8	-10		
4572	9.1440	8	-10		
4573	9.1460	8	-9		
4574	9.1480	8	-9		
4575	9.1500	8	-9		
4576	9.1520	8	-9		
4577	9.1540	8	-8		
4578	9.1560	8	-8		
4579	9.1580	8	-8		
4580	9.1600	7	-8		
4581	9.1620	7	-8		
4582	9.1640	7	-7		
4583	9.1660	7	-7		
4584	9.1680	7	-7		
4585	9.1700	7	-6		
4586	9.1720	7	-6		
4587	9.1740	7	-6		
4588	9.1760	6	-6		
4589	9.1780	6	-6		
4590	9.1800	6	-5		
4591	9.1820	6	-5		
4592	9.1840	6	-5		
4593	9.1860	6	-4		
4594	9.1880	6	-4		
4595	9.1900	6	-4		
4596	9.1920	6	-4		
4597	9.1940	6	-4		
4598	9.1960	6	-3		
4599	9.1980	6	-3		
4600	9.2000	6	-3		
4601	9.2020	5	-2		
4602	9.2040	5	-2		
4603	9.2060	5	-2		
4604	9.2080	5	-2		
4605	9.2100	5	-1		
4606	9.2120	5	-1		
4607	9.2140	5	-1		
4608	9.2160	4	-1		
4609	9.2180	4	0		
4610	9.2200	4	0		
4611	9.2220	4	0		
4612	9.2240	4	0		
4613	9.2260	4	1		
4614	9.2280	4	1		
4615	9.2300	4	1		
4616	9.2320	4	2		
4617	9.2340	4	2		
4618	9.2360	4	2		
4619	9.2380	4	2		
4620	9.2400	4	2		
4621	9.2420	3	3		
4622	9.2440	3	3		
4623	9.2460	3	3		
4624	9.2480	3	4		
4625	9.2500	3	4		
4626	9.2520	3	4		
4627	9.2540	3	4		
4628	9.2560	2	4		
4629	9.2580	2	5		
4630	9.2600	2	5		
4631	9.2620	2	5		
4632	9.2640	2	6		
4633	9.2660	2	6		
4634	9.2680	2	6		
4635	9.2700	2	6		
4636	9.2720	2	6		
4637	9.2740	2	7		
4638	9.2760	2	7		
4639	9.2780	2	7		
4640	9.2800	2	8		
4641	9.2820	1	8		
4642	9.2840	1	8		
4643	9.2860	1	8		
4644	9.2880	1	8		
4645	9.2900	1	9		
4646	9.2920	1	9		
4647	9.2940	1	9		
4648	9.2960	1	9		
4649	9.2980	0	10		
4650	9.3000	0	10		
4651	9.3020	0	10		
4652	9.3040	0	10		
4653	9.3060	0	10		
4654	9.3080	0	11		
4655	9.3100	0	11		
4656	9.3120	0	11		
4657	9.3140	0	11		
4658	9.3160	0	12		
4659	9.3180	0	12		
4660	9.3200	0	12		
4661	9.3220	0	12		
4662	9.3240	0	12		
4663	9.3260	-1	12		
4664	9.3280	-1	13		
4665	9.3300	-1	13		
4666	9.3320	-1	13		
4667	9.3340	-1	13		
4668	9.3360	-1	13		
4669	9.3380	-1	14		
4670	9.3400	-1	14		
4671	9.3420	-1	14		
4672	9.3440	-2	14		
4673	9.3460	-2	14		
4674	9.3480	-2	14		
4675	9.3500	-2	15		
4676	9.3520	-2	15		
4677	9.3540	-2	15		
4678	9.3560	-2	15		
4679	9.3580	-2	15		
4680	9.3600	-2	15		
4681	9.3620	-2	16		
4682	9.3640	-2	16		
4683	9.3660	-2	16		
4684	9.3680	-2	16		
4685	9.3700	-2	16		
4686	9.3720	-2	16		
4687	9.3740	-2	16		
4688	9.3760	-2	16		
4689	9.3780	-2	17		
4690	9.3800	-3	17		
4691	9.3820	-3	17		
4692	9.3840	-3	17		
4693	9.3860	-3	17		
4694	9.3880	-3	17		
4695	9.3900	-3	17		
4696	9.3920	-3	17		
4697	9.3940	-3	18		
4698	9.3960	-3	18		
4699	9.3980	-3	18		
4700	9.4000	-3	18		
4701	9.4020	-3	18		
4702	9.4040	-3	18		
4703	9.4060	-3	18		
4704	9.4080	-3	18		
4705	9.4100	-4	18		
4706	9.4120	-4	18		
4707	9.4140	-4	18		
4708	9.4160	-4	18		
4709	9.4180	-4	18		
4710	9.4200	-4	18		
4711	9.4220	-4	19		
4712	9.4240	-4	19		
4713	9.4260	-4	19		
4714	9.4280	-4	19		
4715	9.4300	-4	19		
4716	9.4320	-4	19		
4717	9.4340	-4	19		
4718	9.4360	-4	19		
4719	9.4380	-4	19		
4720	9.4400	-4	19		
4721	9.4420	-4	19		
4722	9.4440	-4	19		
4723	9.4460	-4	19		
4724	9.4480	-4	19		
4725	9.4500	-4	19		
4726	9.4520	-4	19		
4727	9.4540	-4	19		
4728	9.4560	-4	19		
4729	9.4580	-4	19		
4730	9.4600	-4	19		
4731	9.4620	-4	19		
4732	9.4640	-4	19		
4733	9.4660	-4	19		
4734	9.4680	-4	19		
4735	9.4700	-4	19		
4736	9.4720	-4	19		
4737	9.4740	-4	19		
4738	9.4760	-4	19		
4739	9.4780	-4	19		
4740	9.4800	-4	19		
4741	9.4820	-4	19		
4742	9.4840	-4	18		
4743	9.4860	-4	18		
4744	9.4880	-4	18		
4745	9.4900	-4	18		
4746	9.4920	-4	18		
4747	9.4940	-4	18		
4748	9.4960	-4	18		
4749	9.4980	-4	18		
4750	9.5000	-4	18		
4751	9.5020	-4	18		
4752	9.5040	-4	18		
4753	9.5060	-4	18		
4754	9.5080	-4	18		
4755	9.5100	-4	18		
4756	9.5120	-4	18		
4757	9.5140	-4	17		
4758	9.5160	-4	17		
4759	9.5180	-4	17		
4760	9.5200	-4	17		
4761	9.5220	-4	17		
4762	9.5240	-4	17		
4763	9.5260	-4	17		
4764	9.5280	-4	16		
4765	9.5300	-4	16		
4766	9.5320	-4	16		
4767	9.5340	-4	16		
4768	9.5360	-3	16		
4769	9.5380	-3	16		
4770	9.5400	-3	16		
4771	9.5420	-3	16		
4772	9.5440	-3	15		
4773	9.5460	-3	15		
4774	9.5480	-3	15		
4775	9.5500	-3	15		
4776	9.5520	-3	15		
4777	9.5540	-3	15		
4778	9.5560	-3	14		
4779	9.5580	-3	14		
4780	9.5600	-3	14		
4781	9.5620	-3	14		
4782	9.5640	-2	14		
4783	9.5660	-2	14		
4784	9.5680	-2	13		
4785	9.5700	-2	13		
4786	9.5720	-2	13		
4787	9.5740	-2	13		
4788	9.5760	-2	13		
4789	9.5780	-2	12		
4790	9.5800	-2	12		
4791	9.5820	-2	12		
4792	9.5840	-2	12		
4793	9.5860	-2	12		
4794	9.5880	-2	12		
4795	9.5900	-2	11		
4796	9.5920	-2	11		
4797	9.5940	-2	11		
4798	9.5960	-2	11		
4799	9.5980	-2	10		
4800	9.6000	-2	10		
4801	9.6020	-1	10		
4802	9.6040	-1	10		
4803	9.6060	-1	10		
4804	9.6080	-1	9		
4805	9.6100	-1	9		
4806	9.6120	-1	9		
4807	9.6140	-1	8		
4808	9.6160	-1	8		
4809	9.6180	-1	8		
4810	9.6200	0	8		
4811	9.6220	0	8		
4812	9.6240	0	8		
4813	9.6260	0	7		
4814	9.6280	0	7		
4815	9.6300	0	7		
4816	9.6320	0	6		
4817	9.6340	0	6		
4818	9.6360	0	6		
4819	9.6380	0	6		
4820	9.6400	0	6		
4821	9.6420	0	5		
4822	9.6440	0	5		
4823	9.6460	0	5		
4824	9.6480	1	4		
4825	9.6500	1	4		
4826	9.6520	1	4		
4827	9.6540	1	4		
4828	9.6560	1	4		
4829	9.6580	1	3		
4830	9.6600	1	3		
4831	9.6620	1	3		
4832	9.6640	2	2		
4833	9.6660	2	2		
4834	9.6680	2	2		
4835	9.6700	2	2		
4836	9.6720	2	2		
4837	9.6740	2	1		
4838	9.6760	2	1		
4839	9.6780	2	1		
4840	9.6800	2	0		
4841	9.6820	2	0		
4842	9.6840	2	0		
4843	9.6860	2	0		
4844	9.6880	2	-1		
4845	9.6900	3	-1		
4846	9.6920	3	-1		
4847	9.6940	3	-1		
4848	9.6960	3	-2		
4849	9.6980	3	-2		
4850	9.7000	3	-2		
4851	9.7020	3	-2		
4852	9.7040	4	-3		
4853	9.7060	4	-3		
4854	9.7080	4	-3		
4855	9.7100	4	-4		
4856	9.7120	4	-4		
4857	9.7140	4	-4		
4858	9.7160	4	-4		
4859	9.7180	4	-4		
4860	9.7200	4	-5		
4861	9.7220	4	-5		
4862	9.7240	4	-5		
4863	9.7260	4	-6		
4864	9.7280	5	-6		
4865	9.7300	5	-6		
4866	9.7320	5	-6		
4867	9.7340	5	-6		
4868	9.7360	5	-7		
4869	9.7380	5	-7		
4870	9.7400	5	-7		
4871	9.7420	5	-8		
4872	9.7440	6	-8		
4873	9.7460	6	-8		
4874	9.7480	6	-8		
4875	9.7500	6	-8		
4876	9.7520	6	-9		
4877	9.7540	6	-9		
4878	9.7560	6	-9		
4879	9.7580	6	-9		
4880	9.7600	6	-10		
4881	9.7620	6	-10		
4882	9.7640	6	-10		
4883	9.7660	6	-10		
4884	9.7680	6	-10		
4885	9.7700	7	-11		
4886	9.7720	7	-11		
4887	9.7740	7	-11		
4888	9.7760	7	-11		
4889	9.7780	7	-12		
4890	9.7800	7	-12		
4891	9.7820	7	-12		
4892	9.7840	7	-12		
4893	9.7860	8	-12		
4894	9.7880	8	-12		
4895	9.7900	8	-13		
4896	9.7920	8	-13		
4897	9.7940	8	-13		
4898	9.7960	8	-13		
4899	9.7980	8	-14		
4900	9.8000	8	-14		
4901	9.8020	8	-14		
4902	9.8040	8	-14		
4903	9.8060	8	-14		
4904	9.8080	8	-14		
4905	9.8100	8	-15		
4906	9.8120	8	-15		
4907	9.8140	8	-15		
4908	9.8160	8	-15		
4909	9.8180	8	-15		
4910	9.8200	8	-16		
4911	9.8220	8	-16		
4912	9.8240	8	-16		
4913	9.8260	8	-16		
4914	9.8280	8	-16		
4915	9.8300	8	-16		
4916	9.8320	8	-16		
4917	9.8340	8	-16		
4918	9.8360	8	-16		
4919	9.8380	8	-17		
4920	9.8400	8	-17		
4921	9.8420	8	-17		
4922	9.8440	8	-17		
4923	9.8460	9	-17		
4924	9.8480	9	-17		
4925	9.8500	9	-18		
4926	9.8520	9	-18		
4927	9.8540	9	-18		
4928	9.8560	9	-18		
4929	9.8580	9	-18		
4930	9.8600	9	-18		
4931	9.8620	9	-18		
4932	9.8640	9	-18		
4933	9.8660	9	-18		
4934	9.8680	9	-18		
4935	9.8700	9	-18		
4936	9.8720	9	-18		
4937	9.8740	8	-19		
4938	9.8760	8	-19		
4939	9.8780	8	-19		
4940	9.8800	8	-19		
4941	9.8820	8	-19		
4942	9.8840	8	-19		
4943	9.8860	9	-19		
4944	9.8880	9	-19		
4945	9.8900	9	-19		
4946	9.8920	9	-19		
4947	9.8940	9	-19		
4948	9.8960	9	-19		
4949	9.8980	9	-19		
4950	9.9000	9	-19		
4951	9.9020	9	-19		
4952	9.9040	9	-19		
4953	9.9060	9	-19		
4954	9.9080	9	-20		
4955	9.9100	9	-20		
4956	9.9120	9	-20		
4957	9.9140	9	-20		
4958	9.9160	9	-20		
4959	9.9180	9	-20		
4960	9.9200	9	-20		
4961	9.9220	9	-20		
4962	9.9240	9	-20		
4963	9.9260	9	-20		
4964	9.9280	9	-20		
4965	9.9300	9	-19		
4966	9.9320	9	-19		
4967	9.9340	9	-19		
4968	9.9360	9	-19		
4969	9.9380	9	-19		
4970	9.9400	9	-19		
4971	9.9420	9	-19		
4972	9.9440	9	-19		
4973	9.9460	9	-19		
4974	9.9480	9	-19		
4975	9.9500	9	-19		
4976	9.9520	9	-19		
4977	9.9540	9	-19		
4978	9.9560	9	-19		
4979	9.9580	9	-19		
4980	9.9600	9	-19		
4981	9.9620	9	-19		
4982	9.9640	9	-18		
4983	9.9660	9	-18		
4984	9.9680	9	-18		
4985	9.9700	9	-18		
4986	9.9720	9	-18		
4987	9.9740	9	-18		
4988	9.9760	9	-18		
4989	9.9780	9	-18		
4990	9.9800	9	-18		
4991	9.9820	9	-18		
4992	9.9840	9	-18		
4993	9.9860	9	-18		
4994	9.9880	9	-17		
4995	9.9900	9	-17		
4996	9.9920	9	-17		
4997	9.9940	8	-17		
4998	9.9960	8	-17		
4999	9.9980	8	-17		
5000	10.0000	8	-17		
