#	time(s)	count A	count B	count C	count D
1	0.0020		79		
2	0.0040		79		
3	0.0060		79		
4	0.0080		79		
5	0.0100		80		
6	0.0120		80		
7	0.0140		80		
8	0.0160		80		
9	0.0180		80		
10	0.0200		80		
11	0.0220		80		
12	0.0240		80		
13	0.0260		80		
14	0.0280		80		
15	0.0300		80		
16	0.0320		80		
17	0.0340		80		
18	0.0360		80		
19	0.0380		80		
20	0.0400		80		
21	0.0420		80		
22	0.0440		80		
23	0.0460		80		
24	0.0480		80		
25	0.0500		80		
26	0.0520		80		
27	0.0540		80		
28	0.0560		80		
29	0.0580		80		
30	0.0600		80		
31	0.0620		80		
32	0.0640		80		
33	0.0660		80		
34	0.0680		80		
35	0.0700		80		
36	0.0720		80		
37	0.0740		80		
38	0.0760		80		
39	0.0780		80		
40	0.0800		80		
41	0.0820		80		
42	0.0840		80		
43	0.0860		80		
44	0.0880		80		
45	0.0900		80		
46	0.0920		80		
47	0.0940		80		
48	0.0960		80		
49	0.0980		80		
50	0.1000		80		
51	0.1020		80		
52	0.1040		80		
53	0.1060		80		
54	0.1080		80		
55	0.1100		80		
56	0.1120		80		
57	0.1140		80		
58	0.1160		80		
59	0.1180		80		
60	0.1200		80		
61	0.1220		80		
62	0.1240		80		
63	0.1260		80		
64	0.1280		80		
65	0.1300		80		
66	0.1320		80		
67	0.1340		80		
68	0.1360		80		
69	0.1380		80		
70	0.1400		80		
71	0.1420		80		
72	0.1440		80		
73	0.1460		80		
74	0.1480		80		
75	0.1500		80		
76	0.1520		80		
77	0.1540		80		
78	0.1560		80		
79	0.1580		80		
80	0.1600		80		
81	0.1620		80		
82	0.1640		80		
83	0.1660		80		
84	0.1680		80		
85	0.1700		80		
86	0.1720		80		
87	0.1740		80		
88	0.1760		80		
89	0.1780		80		
90	0.1800		80		
91	0.1820		80		
92	0.1840		80		
93	0.1860		80		
94	0.1880		80		
95	0.1900		80		
96	0.1920		80		
97	0.1940		80		
98	0.1960		80		
99	0.1980		80		
100	0.2000		80		
101	0.2020		80		
102	0.2040		80		
103	0.2060		80		
104	0.2080		80		
105	0.2100		80		
106	0.2120		80		
107	0.2140		80		
108	0.2160		79		
109	0.2180		79		
110	0.2200		79		
111	0.2220		79		
112	0.2240		79		
113	0.2260		79		
114	0.2280		79		
115	0.2300		79		
116	0.2320		79		
117	0.2340		79		
118	0.2360		79		
119	0.2380		79		
120	0.2400		79		
121	0.2420		79		
122	0.2440		79		
123	0.2460		79		
124	0.2480		79		
125	0.2500		79		
126	0.2520		79		
127	0.2540		79		
128	0.2560		79		
129	0.2580		79		
130	0.2600		79		
131	0.2620		79		
132	0.2640		79		
133	0.2660		79		
134	0.2680		79		
135	0.2700		79		
136	0.2720		79		
137	0.2740		79		
138	0.2760		79		
139	0.2780		79		
140	0.2800		79		
141	0.2820		79		
142	0.2840		79		
143	0.2860		79		
144	0.2880		79		
145	0.2900		79		
146	0.2920		79		
147	0.2940		79		
148	0.2960		79		
149	0.2980		79		
150	0.3000		79		
151	0.3020		79		
152	0.3040		80		
153	0.3060		80		
154	0.3080		80		
155	0.3100		80		
156	0.3120		80		
157	0.3140		80		
158	0.3160		80		
159	0.3180		80		
160	0.3200		80		
161	0.3220		80		
162	0.3240		80		
163	0.3260		80		
164	0.3280		80		
165	0.3300		80		
166	0.3320		79		
167	0.3340		79		
168	0.3360		79		
169	0.3380		79		
170	0.3400		79		
171	0.3420		79		
172	0.3440		79		
173	0.3460		79		
174	0.3480		79		
175	0.3500		79		
176	0.3520		79		
177	0.3540		79		
178	0.3560		79		
179	0.3580		79		
180	0.3600		79		
181	0.3620		79		
182	0.3640		79		
183	0.3660		78		
184	0.3680		78		
185	0.3700		78		
186	0.3720		78		
187	0.3740		78		
188	0.3760		78		
189	0.3780		78		
190	0.3800		78		
191	0.3820		78		
192	0.3840		78		
193	0.3860		78		
194	0.3880		78		
195	0.3900		77		
196	0.3920		77		
197	0.3940		77		
198	0.3960		77		
199	0.3980		76		
200	0.4000		76		
201	0.4020		76		
202	0.4040		76		
203	0.4060		76		
204	0.4080		75		
205	0.4100		75		
206	0.4120		75		
207	0.4140		74		
208	0.4160		74		
209	0.4180		74		
210	0.4200		74		
211	0.4220		73		
212	0.4240		73		
213	0.4260		72		
214	0.4280		72		
215	0.4300		72		
216	0.4320		72		
217	0.4340		71		
218	0.4360		70		
219	0.4380		70		
220	0.4400		70		
221	0.4420		69		
222	0.4440		69		
223	0.4460		68		
224	0.4480		68		
225	0.4500		68		
226	0.4520		67		
227	0.4540		66		
228	0.4560		66		
229	0.4580		66		
230	0.4600		65		
231	0.4620		64		
232	0.4640		64		
233	0.4660		64		
234	0.4680		63		
235	0.4700		62		
236	0.4720		62		
237	0.4740		61		
238	0.4760		60		
239	0.4780		60		
240	0.4800		59		
241	0.4820		59		
242	0.4840		58		
243	0.4860		58		
244	0.4880		57		
245	0.4900		56		
246	0.4920		56		
247	0.4940		55		
248	0.4960		54		
249	0.4980		54		
250	0.5000		53		
251	0.5020		52		
252	0.5040		51		
253	0.5060		50		
254	0.5080		50		
255	0.5100		49		
256	0.5120		48		
257	0.5140		48		
258	0.5160		47		
259	0.5180		46		
260	0.5200		45		
261	0.5220		44		
262	0.5240		44		
263	0.5260		43		
264	0.5280		42		
265	0.5300		42		
266	0.5320		41		
267	0.5340		40		
268	0.5360		39		
269	0.5380		38		
270	0.5400		38		
271	0.5420		36		
272	0.5440		36		
273	0.5460		35		
274	0.5480		34		
275	0.5500		33		
276	0.5520		32		
277	0.5540		32		
278	0.5560		31		
279	0.5580		30		
280	0.5600		29		
281	0.5620		28		
282	0.5640		27		
283	0.5660		26		
284	0.5680		26		
285	0.5700		25		
286	0.5720		24		
287	0.5740		23		
288	0.5760		22		
289	0.5780		21		
290	0.5800		20		
291	0.5820		20		
292	0.5840		18		
293	0.5860		18		
294	0.5880		17		
295	0.5900		16		
296	0.5920		15		
297	0.5940		14		
298	0.5960		13		
299	0.5980		12		
300	0.6000		12		
301	0.6020		10		
302	0.6040		9		
303	0.6060		8		
304	0.6080		8		
305	0.6100		6		
306	0.6120		6		
307	0.6140		5		
308	0.6160		4		
309	0.6180		3		
310	0.6200		2		
311	0.6220		1		
312	0.6240		0		
313	0.6260		-1		
314	0.6280		-2		
315	0.6300		-2		
316	0.6320		-4		
317	0.6340		-4		
318	0.6360		-5		
319	0.6380		-6		
320	0.6400		-7		
321	0.6420		-8		
322	0.6440		-9		
323	0.6460		-10		
324	0.6480		-10		
325	0.6500		-12		
326	0.6520		-12		
327	0.6540		-13		
328	0.6560		-14		
329	0.6580		-15		
330	0.6600		-16		
331	0.6620		-17		
332	0.6640		-18		
333	0.6660		-18		
334	0.6680		-19		
335	0.6700		-20		
336	0.6720		-21		
337	0.6740		-22		
338	0.6760		-23		
339	0.6780		-24		
340	0.6800		-24		
341	0.6820		-25		
342	0.6840		-26		
343	0.6860		-27		
344	0.6880		-28		
345	0.6900		-28		
346	0.6920		-29		
347	0.6940		-30		
348	0.6960		-31		
349	0.6980		-32		
350	0.7000		-32		
351	0.7020		-34		
352	0.7040		-34		
353	0.7060		-35		
354	0.7080		-36		
355	0.7100		-37		
356	0.7120		-38		
357	0.7140		-38		
358	0.7160		-39		
359	0.7180		-40		
360	0.7200		-40		
361	0.7220		-41		
362	0.7240		-42		
363	0.7260		-42		
364	0.7280		-43		
365	0.7300		-44		
366	0.7320		-44		
367	0.7340		-45		
368	0.7360		-46		
369	0.7380		-46		
370	0.7400		-47		
371	0.7420		-48		
372	0.7440		-48		
373	0.7460		-49		
374	0.7480		-50		
375	0.7500		-50		
376	0.7520		-51		
377	0.7540		-52		
378	0.7560		-52		
379	0.7580		-53		
380	0.7600		-53		
381	0.7620		-54		
382	0.7640		-54		
383	0.7660		-55		
384	0.7680		-56		
385	0.7700		-56		
386	0.7720		-56		
387	0.7740		-57		
388	0.7760		-58		
389	0.7780		-58		
390	0.7800		-58		
391	0.7820		-59		
392	0.7840		-60		
393	0.7860		-60		
394	0.7880		-60		
395	0.7900		-61		
396	0.7920		-61		
397	0.7940		-62		
398	0.7960		-62		
399	0.7980		-62		
400	0.8000		-63		
401	0.8020		-64		
402	0.8040		-64		
403	0.8060		-64		
404	0.8080		-64		
405	0.8100		-65		
406	0.8120		-65		
407	0.8140		-66		
408	0.8160		-66		
409	0.8180		-66		
410	0.8200		-66		
411	0.8220		-67		
412	0.8240		-67		
413	0.8260		-67		
414	0.8280		-68		
415	0.8300		-68		
416	0.8320		-68		
417	0.8340		-68		
418	0.8360		-68		
419	0.8380		-68		
420	0.8400		-69		
421	0.8420		-69		
422	0.8440		-69		
423	0.8460		-69		
424	0.8480		-70		
425	0.8500		-70		
426	0.8520		-70		
427	0.8540		-70		
428	0.8560		-70		
429	0.8580		-70		
430	0.8600		-70		
431	0.8620		-70		
432	0.8640		-70		
433	0.8660		-70		
434	0.8680		-70		
435	0.8700		-70		
436	0.8720		-70		
437	0.8740		-70		
438	0.8760		-70		
439	0.8780		-70		
440	0.8800		-70		
441	0.8820		-70		
442	0.8840		-70		
443	0.8860		-70		
444	0.8880		-70		
445	0.8900		-70		
446	0.8920		-70		
447	0.8940		-70		
448	0.8960		-70		
449	0.8980		-70		
450	0.9000		-70		
451	0.9020		-69		
452	0.9040		-69		
453	0.9060		-69		
454	0.9080		-69		
455	0.9100		-69		
456	0.9120		-68		
457	0.9140		-68		
458	0.9160		-68		
459	0.9180		-68		
460	0.9200		-68		
461	0.9220		-68		
462	0.9240		-67		
463	0.9260		-67		
464	0.9280		-66		
465	0.9300		-66		
466	0.9320		-66		
467	0.9340		-66		
468	0.9360		-66		
469	0.9380		-65		
470	0.9400		-65		
471	0.9420		-64		
472	0.9440		-64		
473	0.9460		-64		
474	0.9480		-64		
475	0.9500		-63		
476	0.9520		-62		
477	0.9540		-62		
478	0.9560		-62		
479	0.9580		-62		
480	0.9600		-61		
481	0.9620		-60		
482	0.9640		-60		
483	0.9660		-60		
484	0.9680		-59		
485	0.9700		-59		
486	0.9720		-58		
487	0.9740		-58		
488	0.9760		-57		
489	0.9780		-57		
490	0.9800		-56		
491	0.9820		-56		
492	0.9840		-55		
493	0.9860		-55		
494	0.9880		-54		
495	0.9900		-54		
496	0.9920		-53		
497	0.9940		-52		
498	0.9960		-52		
499	0.9980		-52		
500	1.0000		-51		
501	1.0020		-50		
502	1.0040		-49		
503	1.0060		-49		
504	1.0080		-48		
505	1.0100		-48		
506	1.0120		-47		
507	1.0140		-46		
508	1.0160		-46		
509	1.0180		-45		
510	1.0200		-44		
511	1.0220		-44		
512	1.0240		-43		
513	1.0260		-42		
514	1.0280		-42		
515	1.0300		-41		
516	1.0320		-40		
517	1.0340		-40		
518	1.0360		-39		
519	1.0380		-38		
520	1.0400		-38		
521	1.0420		-37		
522	1.0440		-36		
523	1.0460		-35		
524	1.0480		-34		
525	1.0500		-34		
526	1.0520		-33		
527	1.0540		-32		
528	1.0560		-32		
529	1.0580		-31		
530	1.0600		-30		
531	1.0620		-29		
532	1.0640		-28		
533	1.0660		-28		
534	1.0680		-27		
535	1.0700		-26		
536	1.0720		-26		
537	1.0740		-25		
538	1.0760		-24		
539	1.0780		-23		
540	1.0800		-22		
541	1.0820		-22		
542	1.0840		-21		
543	1.0860		-20		
544	1.0880		-19		
545	1.0900		-18		
546	1.0920		-18		
547	1.0940		-17		
548	1.0960		-16		
549	1.0980		-15		
550	1.1000		-14		
551	1.1020		-13		
552	1.1040		-12		
553	1.1060		-12		
554	1.1080		-11		
555	1.1100		-10		
556	1.1120		-9		
557	1.1140		-8		
558	1.1160		-8		
559	1.1180		-6		
560	1.1200		-6		
561	1.1220		-5		
562	1.1240		-4		
563	1.1260		-3		
564	1.1280		-2		
565	1.1300		-2		
566	1.1320		-1		
567	1.1340		0		
568	1.1360		1		
569	1.1380		2		
570	1.1400		2		
571	1.1420		3		
572	1.1440		4		
573	1.1460		5		
574	1.1480		6		
575	1.1500		6		
576	1.1520		8		
577	1.1540		8		
578	1.1560		9		
579	1.1580		10		
580	1.1600		11		
581	1.1620		12		
582	1.1640		12		
583	1.1660		13		
584	1.1680		14		
585	1.1700		14		
586	1.1720		16		
587	1.1740		16		
588	1.1760		17		
589	1.1780		18		
590	1.1800		18		
591	1.1820		19		
592	1.1840		20		
593	1.1860		21		
594	1.1880		22		
595	1.1900		22		
596	1.1920		23		
597	1.1940		24		
598	1.1960		24		
599	1.1980		25		
600	1.2000		26		
601	1.2020		27		
602	1.2040		28		
603	1.2060		28		
604	1.2080		29		
605	1.2100		30		
606	1.2120		31		
607	1.2140		32		
608	1.2160		32		
609	1.2180		33		
610	1.2200		34		
611	1.2220		34		
612	1.2240		35		
613	1.2260		36		
614	1.2280		36		
615	1.2300		37		
616	1.2320		38		
617	1.2340		38		
618	1.2360		39		
619	1.2380		40		
620	1.2400		40		
621	1.2420		41		
622	1.2440		42		
623	1.2460		42		
624	1.2480		42		
625	1.2500		43		
626	1.2520		44		
627	1.2540		44		
628	1.2560		45		
629	1.2580		46		
630	1.2600		46		
631	1.2620		47		
632	1.2640		47		
633	1.2660		48		
634	1.2680		48		
635	1.2700		49		
636	1.2720		49		
637	1.2740		50		
638	1.2760		50		
639	1.2780		51		
640	1.2800		51		
641	1.2820		52		
642	1.2840		52		
643	1.2860		53		
644	1.2880		53		
645	1.2900		54		
646	1.2920		54		
647	1.2940		54		
648	1.2960		55		
649	1.2980		56		
650	1.3000		56		
651	1.3020		56		
652	1.3040		57		
653	1.3060		57		
654	1.3080		58		
655	1.3100		58		
656	1.3120		58		
657	1.3140		58		
658	1.3160		59		
659	1.3180		59		
660	1.3200		60		
661	1.3220		60		
662	1.3240		60		
663	1.3260		60		
664	1.3280		60		
665	1.3300		61		
666	1.3320		61		
667	1.3340		62		
668	1.3360		62		
669	1.3380		62		
670	1.3400		62		
671	1.3420		62		
672	1.3440		62		
673	1.3460		63		
674	1.3480		63		
675	1.3500		63		
676	1.3520		63		
677	1.3540		64		
678	1.3560		64		
679	1.3580		64		
680	1.3600		64		
681	1.3620		64		
682	1.3640		64		
683	1.3660		64		
684	1.3680		64		
685	1.3700		64		
686	1.3720		64		
687	1.3740		64		
688	1.3760		64		
689	1.3780		64		
690	1.3800		65		
691	1.3820		65		
692	1.3840		65		
693	1.3860		65		
694	1.3880		65		
695	1.3900		65		
696	1.3920		65		
697	1.3940		64		
698	1.3960		64		
699	1.3980		64		
700	1.4000		64		
701	1.4020		64		
702	1.4040		64		
703	1.4060		64		
704	1.4080		64		
705	1.4100		64		
706	1.4120		64		
707	1.4140		64		
708	1.4160		64		
709	1.4180		64		
710	1.4200		63		
711	1.4220		63		
712	1.4240		63		
713	1.4260		63		
714	1.4280		62		
715	1.4300		62		
716	1.4320		62		
717	1.4340		62		
718	1.4360		62		
719	1.4380		62		
720	1.4400		61		
721	1.4420		61		
722	1.4440		61		
723	1.4460		60		
724	1.4480		60		
725	1.4500		60		
726	1.4520		60		
727	1.4540		59		
728	1.4560		59		
729	1.4580		58		
730	1.4600		58		
731	1.4620		58		
732	1.4640		58		
733	1.4660		57		
734	1.4680		57		
735	1.4700		56		
736	1.4720		56		
737	1.4740		56		
738	1.4760		55		
739	1.4780		55		
740	1.4800		54		
741	1.4820		54		
742	1.4840		54		
743	1.4860		53		
744	1.4880		53		
745	1.4900		52		
746	1.4920		52		
747	1.4940		51		
748	1.4960		51		
749	1.4980		50		
750	1.5000		50		
751	1.5020		49		
752	1.5040		48		
753	1.5060		48		
754	1.5080		48		
755	1.5100		47		
756	1.5120		46		
757	1.5140		46		
758	1.5160		46		
759	1.5180		45		
760	1.5200		44		
761	1.5220		44		
762	1.5240		43		
763	1.5260		42		
764	1.5280		42		
765	1.5300		42		
766	1.5320		41		
767	1.5340		40		
768	1.5360		40		
769	1.5380		39		
770	1.5400		38		
771	1.5420		38		
772	1.5440		37		
773	1.5460		36		
774	1.5480		36		
775	1.5500		35		
776	1.5520		34		
777	1.5540		34		
778	1.5560		33		
779	1.5580		32		
780	1.5600		32		
781	1.5620		31		
782	1.5640		30		
783	1.5660		30		
784	1.5680		29		
785	1.5700		28		
786	1.5720		28		
787	1.5740		27		
788	1.5760		26		
789	1.5780		26		
790	1.5800		25		
791	1.5820		24		
792	1.5840		24		
793	1.5860		23		
794	1.5880		22		
795	1.5900		22		
796	1.5920		21		
797	1.5940		20		
798	1.5960		20		
799	1.5980		18		
800	1.6000		18		
801	1.6020		17		
802	1.6040		16		
803	1.6060		16		
804	1.6080		15		
805	1.6100		14		
806	1.6120		13		
807	1.6140		12		
808	1.6160		12		
809	1.6180		11		
810	1.6200		10		
811	1.6220		10		
812	1.6240		9		
813	1.6260		8		
814	1.6280		7		
815	1.6300		6		
816	1.6320		6		
817	1.6340		5		
818	1.6360		4		
819	1.6380		4		
820	1.6400		3		
821	1.6420		2		
822	1.6440		1		
823	1.6460		0		
824	1.6480		0		
825	1.6500		-1		
826	1.6520		-2		
827	1.6540		-2		
828	1.6560		-3		
829	1.6580		-4		
830	1.6600		-5		
831	1.6620		-6		
832	1.6640		-6		
833	1.6660		-7		
834	1.6680		-8		
835	1.6700		-8		
836	1.6720		-9		
837	1.6740		-10		
838	1.6760		-10		
839	1.6780		-11		
840	1.6800		-12		
841	1.6820		-13		
842	1.6840		-14		
843	1.6860		-14		
844	1.6880		-15		
845	1.6900		-16		
846	1.6920		-16		
847	1.6940		-17		
848	1.6960		-18		
849	1.6980		-18		
850	1.7000		-19		
851	1.7020		-20		
852	1.7040		-21		
853	1.7060		-22		
854	1.7080		-22		
855	1.7100		-23		
856	1.7120		-24		
857	1.7140		-24		
858	1.7160		-25		
859	1.7180		-26		
860	1.7200		-26		
861	1.7220		-27		
862	1.7240		-28		
863	1.7260		-28		
864	1.7280		-29		
865	1.7300		-30		
866	1.7320		-30		
867	1.7340		-31		
868	1.7360		-31		
869	1.7380		-32		
870	1.7400		-32		
871	1.7420		-33		
872	1.7440		-34		
873	1.7460		-34		
874	1.7480		-35		
875	1.7500		-36		
876	1.7520		-36		
877	1.7540		-36		
878	1.7560		-37		
879	1.7580		-38		
880	1.7600		-38		
881	1.7620		-39		
882	1.7640		-39		
883	1.7660		-40		
884	1.7680		-40		
885	1.7700		-41		
886	1.7720		-42		
887	1.7740		-42		
888	1.7760		-42		
889	1.7780		-43		
890	1.7800		-44		
891	1.7820		-44		
892	1.7840		-44		
893	1.7860		-45		
894	1.7880		-45		
895	1.7900		-46		
896	1.7920		-46		
897	1.7940		-47		
898	1.7960		-47		
899	1.7980		-48		
900	1.8000		-48		
901	1.8020		-48		
902	1.8040		-49		
903	1.8060		-49		
904	1.8080		-50		
905	1.8100		-50		
906	1.8120		-50		
907	1.8140		-51		
908	1.8160		-51		
909	1.8180		-52		
910	1.8200		-52		
911	1.8220		-52		
912	1.8240		-52		
913	1.8260		-53		
914	1.8280		-53		
915	1.8300		-54		
916	1.8320		-54		
917	1.8340		-54		
918	1.8360		-54		
919	1.8380		-54		
920	1.8400		-55		
921	1.8420		-55		
922	1.8440		-55		
923	1.8460		-56		
924	1.8480		-56		
925	1.8500		-56		
926	1.8520		-56		
927	1.8540		-56		
928	1.8560		-56		
929	1.8580		-56		
930	1.8600		-57		
931	1.8620		-57		
932	1.8640		-57		
933	1.8660		-57		
934	1.8680		-57		
935	1.8700		-58		
936	1.8720		-58		
937	1.8740		-58		
938	1.8760		-58		
939	1.8780		-58		
940	1.8800		-58		
941	1.8820		-58		
942	1.8840		-58		
943	1.8860		-58		
944	1.8880		-58		
945	1.8900		-58		
946	1.8920		-58		
947	1.8940		-58		
948	1.8960		-58		
949	1.8980		-58		
950	1.9000		-58		
951	1.9020		-58		
952	1.9040		-58		
953	1.9060		-58		
954	1.9080		-58		
955	1.9100		-58		
956	1.9120		-58		
957	1.9140		-58		
958	1.9160		-58		
959	1.9180		-58		
960	1.9200		-58		
961	1.9220		-58		
962	1.9240		-58		
963	1.9260		-57		
964	1.9280		-57		
965	1.9300		-57		
966	1.9320		-57		
967	1.9340		-57		
968	1.9360		-56		
969	1.9380		-56		
970	1.9400		-56		
971	1.9420		-56		
972	1.9440		-56		
973	1.9460		-56		
974	1.9480		-56		
975	1.9500		-55		
976	1.9520		-55		
977	1.9540		-55		
978	1.9560		-54		
979	1.9580		-54		
980	1.9600		-54		
981	1.9620		-54		
982	1.9640		-54		
983	1.9660		-53		
984	1.9680		-53		
985	1.9700		-52		
986	1.9720		-52		
987	1.9740		-52		
988	1.9760		-52		
989	1.9780		-51		
990	1.9800		-51		
991	1.9820		-50		
992	1.9840		-50		
993	1.9860		-50		
994	1.9880		-50		
995	1.9900		-49		
996	1.9920		-49		
997	1.9940		-48		
998	1.9960		-48		
999	1.9980		-48		
1000	2.0000		-47		
1001	2.0020		-46		
1002	2.0040		-46		
1003	2.0060		-46		
1004	2.0080		-45		
1005	2.0100		-45		
1006	2.0120		-44		
1007	2.0140		-44		
1008	2.0160		-44		
1009	2.0180		-43		
1010	2.0200		-42		
1011	2.0220		-42		
1012	2.0240		-42		
1013	2.0260		-41		
1014	2.0280		-40		
1015	2.0300		-40		
1016	2.0320		-40		
1017	2.0340		-39		
1018	2.0360		-38		
1019	2.0380		-38		
1020	2.0400		-38		
1021	2.0420		-37		
1022	2.0440		-36		
1023	2.0460		-36		
1024	2.0480		-35		
1025	2.0500		-35		
1026	2.0520		-34		
1027	2.0540		-34		
1028	2.0560		-33		
1029	2.0580		-32		
1030	2.0600		-32		
1031	2.0620		-31		
1032	2.0640		-31		
1033	2.0660		-30		
1034	2.0680		-30		
1035	2.0700		-29		
1036	2.0720		-28		
1037	2.0740		-28		
1038	2.0760		-27		
1039	2.0780		-26		
1040	2.0800		-26		
1041	2.0820		-25		
1042	2.0840		-24		
1043	2.0860		-24		
1044	2.0880		-23		
1045	2.0900		-23		
1046	2.0920		-22		
1047	2.0940		-22		
1048	2.0960		-21		
1049	2.0980		-20		
1050	2.1000		-20		
1051	2.1020		-18		
1052	2.1040		-18		
1053	2.1060		-17		
1054	2.1080		-16		
1055	2.1100		-16		
1056	2.1120		-15		
1057	2.1140		-14		
1058	2.1160		-14		
1059	2.1180		-13		
1060	2.1200		-12		
1061	2.1220		-12		
1062	2.1240		-11		
1063	2.1260		-10		
1064	2.1280		-10		
1065	2.1300		-9		
1066	2.1320		-8		
1067	2.1340		-8		
1068	2.1360		-7		
1069	2.1380		-6		
1070	2.1400		-6		
1071	2.1420		-5		
1072	2.1440		-4		
1073	2.1460		-4		
1074	2.1480		-3		
1075	2.1500		-2		
1076	2.1520		-2		
1077	2.1540		-1		
1078	2.1560		0		
1079	2.1580		0		
1080	2.1600		1		
1081	2.1620		2		
1082	2.1640		2		
1083	2.1660		3		
1084	2.1680		4		
1085	2.1700		4		
1086	2.1720		5		
1087	2.1740		6		
1088	2.1760		6		
1089	2.1780		7		
1090	2.1800		8		
1091	2.1820		8		
1092	2.1840		9		
1093	2.1860		10		
1094	2.1880		10		
1095	2.1900		11		
1096	2.1920		12		
1097	2.1940		12		
1098	2.1960		13		
1099	2.1980		14		
1100	2.2000		14		
1101	2.2020		16		
1102	2.2040		16		
1103	2.2060		17		
1104	2.2080		17		
1105	2.2100		18		
1106	2.2120		18		
1107	2.2140		19		
1108	2.2160		20		
1109	2.2180		20		
1110	2.2200		21		
1111	2.2220		22		
1112	2.2240		22		
1113	2.2260		23		
1114	2.2280		24		
1115	2.2300		24		
1116	2.2320		25		
1117	2.2340		25		
1118	2.2360		26		
1119	2.2380		26		
1120	2.2400		27		
1121	2.2420		28		
1122	2.2440		28		
1123	2.2460		29		
1124	2.2480		29		
1125	2.2500		30		
1126	2.2520		30		
1127	2.2540		31		
1128	2.2560		32		
1129	2.2580		32		
1130	2.2600		32		
1131	2.2620		33		
1132	2.2640		34		
1133	2.2660		34		
1134	2.2680		34		
1135	2.2700		35		
1136	2.2720		36		
1137	2.2740		36		
1138	2.2760		36		
1139	2.2780		37		
1140	2.2800		38		
1141	2.2820		38		
1142	2.2840		38		
1143	2.2860		39		
1144	2.2880		40		
1145	2.2900		40		
1146	2.2920		40		
1147	2.2940		41		
1148	2.2960		41		
1149	2.2980		42		
1150	2.3000		42		
1151	2.3020		42		
1152	2.3040		43		
1153	2.3060		43		
1154	2.3080		44		
1155	2.3100		44		
1156	2.3120		44		
1157	2.3140		45		
1158	2.3160		45		
1159	2.3180		46		
1160	2.3200		46		
1161	2.3220		46		
1162	2.3240		46		
1163	2.3260		47		
1164	2.3280		47		
1165	2.3300		48		
1166	2.3320		48		
1167	2.3340		48		
1168	2.3360		48		
1169	2.3380		49		
1170	2.3400		49		
1171	2.3420		49		
1172	2.3440		50		
1173	2.3460		50		
1174	2.3480		50		
1175	2.3500		50		
1176	2.3520		50		
1177	2.3540		50		
1178	2.3560		51		
1179	2.3580		51		
1180	2.3600		51		
1181	2.3620		52		
1182	2.3640		52		
1183	2.3660		52		
1184	2.3680		52		
1185	2.3700		52		
1186	2.3720		52		
1187	2.3740		52		
1188	2.3760		52		
1189	2.3780		53		
1190	2.3800		53		
1191	2.3820		53		
1192	2.3840		53		
1193	2.3860		53		
1194	2.3880		53		
1195	2.3900		53		
1196	2.3920		53		
1197	2.3940		54		
1198	2.3960		54		
1199	2.3980		54		
1200	2.4000		54		
1201	2.4020		54		
1202	2.4040		54		
1203	2.4060		54		
1204	2.4080		54		
1205	2.4100		54		
1206	2.4120		54		
1207	2.4140		54		
1208	2.4160		54		
1209	2.4180		54		
1210	2.4200		54		
1211	2.4220		54		
1212	2.4240		54		
1213	2.4260		53		
1214	2.4280		53		
1215	2.4300		53		
1216	2.4320		53		
1217	2.4340		53		
1218	2.4360		53		
1219	2.4380		53		
1220	2.4400		53		
1221	2.4420		52		
1222	2.4440		52		
1223	2.4460		52		
1224	2.4480		52		
1225	2.4500		52		
1226	2.4520		52		
1227	2.4540		52		
1228	2.4560		52		
1229	2.4580		51		
1230	2.4600		51		
1231	2.4620		51		
1232	2.4640		51		
1233	2.4660		50		
1234	2.4680		50		
1235	2.4700		50		
1236	2.4720		50		
1237	2.4740		50		
1238	2.4760		49		
1239	2.4780		49		
1240	2.4800		49		
1241	2.4820		48		
1242	2.4840		48		
1243	2.4860		48		
1244	2.4880		48		
1245	2.4900		47		
1246	2.4920		47		
1247	2.4940		47		
1248	2.4960		46		
1249	2.4980		46		
1250	2.5000		46		
1251	2.5020		45		
1252	2.5040		45		
1253	2.5060		44		
1254	2.5080		44		
1255	2.5100		44		
1256	2.5120		44		
1257	2.5140		43		
1258	2.5160		42		
1259	2.5180		42		
1260	2.5200		42		
1261	2.5220		42		
1262	2.5240		41		
1263	2.5260		40		
1264	2.5280		40		
1265	2.5300		40		
1266	2.5320		39		
1267	2.5340		39		
1268	2.5360		38		
1269	2.5380		38		
1270	2.5400		38		
1271	2.5420		37		
1272	2.5440		36		
1273	2.5460		36		
1274	2.5480		36		
1275	2.5500		35		
1276	2.5520		35		
1277	2.5540		34		
1278	2.5560		34		
1279	2.5580		33		
1280	2.5600		33		
1281	2.5620		32		
1282	2.5640		32		
1283	2.5660		31		
1284	2.5680		31		
1285	2.5700		30		
1286	2.5720		30		
1287	2.5740		29		
1288	2.5760		28		
1289	2.5780		28		
1290	2.5800		28		
1291	2.5820		27		
1292	2.5840		26		
1293	2.5860		26		
1294	2.5880		25		
1295	2.5900		25		
1296	2.5920		24		
1297	2.5940		24		
1298	2.5960		23		
1299	2.5980		22		
1300	2.6000		22		
1301	2.6020		21		
1302	2.6040		20		
1303	2.6060		20		
1304	2.6080		19		
1305	2.6100		19		
1306	2.6120		18		
1307	2.6140		18		
1308	2.6160		17		
1309	2.6180		16		
1310	2.6200		16		
1311	2.6220		15		
1312	2.6240		14		
1313	2.6260		14		
1314	2.6280		13		
1315	2.6300		13		
1316	2.6320		12		
1317	2.6340		12		
1318	2.6360		11		
1319	2.6380		10		
1320	2.6400		10		
1321	2.6420		9		
1322	2.6440		8		
1323	2.6460		8		
1324	2.6480		7		
1325	2.6500		6		
1326	2.6520		6		
1327	2.6540		5		
1328	2.6560		5		
1329	2.6580		4		
1330	2.6600		4		
1331	2.6620		3		
1332	2.6640		2		
1333	2.6660		2		
1334	2.6680		1		
1335	2.6700		0		
1336	2.6720		0		
1337	2.6740		-1		
1338	2.6760		-2		
1339	2.6780		-2		
1340	2.6800		-3		
1341	2.6820		-4		
1342	2.6840		-4		
1343	2.6860		-4		
1344	2.6880		-5		
1345	2.6900		-6		
1346	2.6920		-6		
1347	2.6940		-7		
1348	2.6960		-8		
1349	2.6980		-8		
1350	2.7000		-9		
1351	2.7020		-10		
1352	2.7040		-10		
1353	2.7060		-11		
1354	2.7080		-12		
1355	2.7100		-12		
1356	2.7120		-13		
1357	2.7140		-13		
1358	2.7160		-14		
1359	2.7180		-14		
1360	2.7200		-15		
1361	2.7220		-16		
1362	2.7240		-16		
1363	2.7260		-17		
1364	2.7280		-18		
1365	2.7300		-18		
1366	2.7320		-18		
1367	2.7340		-19		
1368	2.7360		-20		
1369	2.7380		-20		
1370	2.7400		-21		
1371	2.7420		-21		
1372	2.7440		-22		
1373	2.7460		-22		
1374	2.7480		-23		
1375	2.7500		-23		
1376	2.7520		-24		
1377	2.7540		-24		
1378	2.7560		-25		
1379	2.7580		-26		
1380	2.7600		-26		
1381	2.7620		-26		
1382	2.7640		-27		
1383	2.7660		-28		
1384	2.7680		-28		
1385	2.7700		-28		
1386	2.7720		-29		
1387	2.7740		-30		
1388	2.7760		-30		
1389	2.7780		-30		
1390	2.7800		-31		
1391	2.7820		-31		
1392	2.7840		-32		
1393	2.7860		-32		
1394	2.7880		-32		
1395	2.7900		-33		
1396	2.7920		-34		
1397	2.7940		-34		
1398	2.7960		-34		
1399	2.7980		-35		
1400	2.8000		-35		
1401	2.8020		-36		
1402	2.8040		-36		
1403	2.8060		-36		
1404	2.8080		-37		
1405	2.8100		-38		
1406	2.8120		-38		
1407	2.8140		-38		
1408	2.8160		-38		
1409	2.8180		-39		
1410	2.8200		-39		
1411	2.8220		-40		
1412	2.8240		-40		
1413	2.8260		-40		
1414	2.8280		-40		
1415	2.8300		-41		
1416	2.8320		-41		
1417	2.8340		-42		
1418	2.8360		-42		
1419	2.8380		-42		
1420	2.8400		-42		
1421	2.8420		-43		
1422	2.8440		-43		
1423	2.8460		-43		
1424	2.8480		-44		
1425	2.8500		-44		
1426	2.8520		-44		
1427	2.8540		-44		
1428	2.8560		-44		
1429	2.8580		-45		
1430	2.8600		-45		
1431	2.8620		-45		
1432	2.8640		-45		
1433	2.8660		-46		
1434	2.8680		-46		
1435	2.8700		-46		
1436	2.8720		-46		
1437	2.8740		-46		
1438	2.8760		-46		
1439	2.8780		-46		
1440	2.8800		-47		
1441	2.8820		-47		
1442	2.8840		-47		
1443	2.8860		-47		
1444	2.8880		-47		
1445	2.8900		-47		
1446	2.8920		-48		
1447	2.8940		-48		
1448	2.8960		-48		
1449	2.8980		-48		
1450	2.9000		-48		
1451	2.9020		-48		
1452	2.9040		-48		
1453	2.9060		-48		
1454	2.9080		-48		
1455	2.9100		-48		
1456	2.9120		-48		
1457	2.9140		-48		
1458	2.9160		-48		
1459	2.9180		-48		
1460	2.9200		-48		
1461	2.9220		-48		
1462	2.9240		-48		
1463	2.9260		-48		
1464	2.9280		-48		
1465	2.9300		-48		
1466	2.9320		-48		
1467	2.9340		-48		
1468	2.9360		-48		
1469	2.9380		-48		
1470	2.9400		-48		
1471	2.9420		-48		
1472	2.9440		-48		
1473	2.9460		-48		
1474	2.9480		-48		
1475	2.9500		-48		
1476	2.9520		-48		
1477	2.9540		-47		
1478	2.9560		-47		
1479	2.9580		-47		
1480	2.9600		-47		
1481	2.9620		-47		
1482	2.9640		-46		
1483	2.9660		-46		
1484	2.9680		-46		
1485	2.9700		-46		
1486	2.9720		-46		
1487	2.9740		-46		
1488	2.9760		-46		
1489	2.9780		-46		
1490	2.9800		-45		
1491	2.9820		-45		
1492	2.9840		-45		
1493	2.9860		-44		
1494	2.9880		-44		
1495	2.9900		-44		
1496	2.9920		-44		
1497	2.9940		-44		
1498	2.9960		-43		
1499	2.9980		-43		
1500	3.0000		-43		
1501	3.0020		-42		
1502	3.0040		-42		
1503	3.0060		-42		
1504	3.0080		-42		
1505	3.0100		-41		
1506	3.0120		-41		
1507	3.0140		-40		
1508	3.0160		-40		
1509	3.0180		-40		
1510	3.0200		-40		
1511	3.0220		-39		
1512	3.0240		-39		
1513	3.0260		-38		
1514	3.0280		-38		
1515	3.0300		-38		
1516	3.0320		-38		
1517	3.0340		-37		
1518	3.0360		-37		
1519	3.0380		-36		
1520	3.0400		-36		
1521	3.0420		-36		
1522	3.0440		-35		
1523	3.0460		-35		
1524	3.0480		-34		
1525	3.0500		-34		
1526	3.0520		-34		
1527	3.0540		-33		
1528	3.0560		-33		
1529	3.0580		-32		
1530	3.0600		-32		
1531	3.0620		-32		
1532	3.0640		-31		
1533	3.0660		-30		
1534	3.0680		-30		
1535	3.0700		-30		
1536	3.0720		-29		
1537	3.0740		-29		
1538	3.0760		-28		
1539	3.0780		-28		
1540	3.0800		-27		
1541	3.0820		-27		
1542	3.0840		-26		
1543	3.0860		-26		
1544	3.0880		-25		
1545	3.0900		-25		
1546	3.0920		-24		
1547	3.0940		-24		
1548	3.0960		-23		
1549	3.0980		-23		
1550	3.1000		-22		
1551	3.1020		-22		
1552	3.1040		-21		
1553	3.1060		-20		
1554	3.1080		-20		
1555	3.1100		-20		
1556	3.1120		-19		
1557	3.1140		-18		
1558	3.1160		-18		
1559	3.1180		-17		
1560	3.1200		-17		
1561	3.1220		-16		
1562	3.1240		-16		
1563	3.1260		-15		
1564	3.1280		-15		
1565	3.1300		-14		
1566	3.1320		-14		
1567	3.1340		-13		
1568	3.1360		-12		
1569	3.1380		-12		
1570	3.1400		-11		
1571	3.1420		-11		
1572	3.1440		-10		
1573	3.1460		-10		
1574	3.1480		-9		
1575	3.1500		-8		
1576	3.1520		-8		
1577	3.1540		-8		
1578	3.1560		-7		
1579	3.1580		-6		
1580	3.1600		-6		
1581	3.1620		-5		
1582	3.1640		-5		
1583	3.1660		-4		
1584	3.1680		-4		
1585	3.1700		-3		
1586	3.1720		-2		
1587	3.1740		-2		
1588	3.1760		-1		
1589	3.1780		-1		
1590	3.1800		0		
1591	3.1820		0		
1592	3.1840		1		
1593	3.1860		2		
1594	3.1880		2		
1595	3.1900		3		
1596	3.1920		3		
1597	3.1940		4		
1598	3.1960		4		
1599	3.1980		5		
1600	3.2000		6		
1601	3.2020		6		
1602	3.2040		7		
1603	3.2060		8		
1604	3.2080		8		
1605	3.2100		8		
1606	3.2120		9		
1607	3.2140		10		
1608	3.2160		10		
1609	3.2180		11		
1610	3.2200		11		
1611	3.2220		12		
1612	3.2240		12		
1613	3.2260		13		
1614	3.2280		14		
1615	3.2300		14		
1616	3.2320		14		
1617	3.2340		15		
1618	3.2360		16		
1619	3.2380		16		
1620	3.2400		16		
1621	3.2420		17		
1622	3.2440		18		
1623	3.2460		18		
1624	3.2480		18		
1625	3.2500		19		
1626	3.2520		20		
1627	3.2540		20		
1628	3.2560		20		
1629	3.2580		21		
1630	3.2600		22		
1631	3.2620		22		
1632	3.2640		22		
1633	3.2660		23		
1634	3.2680		24		
1635	3.2700		24		
1636	3.2720		24		
1637	3.2740		25		
1638	3.2760		25		
1639	3.2780		26		
1640	3.2800		26		
1641	3.2820		26		
1642	3.2840		27		
1643	3.2860		28		
1644	3.2880		28		
1645	3.2900		28		
1646	3.2920		29		
1647	3.2940		29		
1648	3.2960		30		
1649	3.2980		30		
1650	3.3000		30		
1651	3.3020		31		
1652	3.3040		32		
1653	3.3060		32		
1654	3.3080		32		
1655	3.3100		32		
1656	3.3120		33		
1657	3.3140		33		
1658	3.3160		34		
1659	3.3180		34		
1660	3.3200		34		
1661	3.3220		34		
1662	3.3240		35		
1663	3.3260		35		
1664	3.3280		36		
1665	3.3300		36		
1666	3.3320		36		
1667	3.3340		36		
1668	3.3360		37		
1669	3.3380		37		
1670	3.3400		38		
1671	3.3420		38		
1672	3.3440		38		
1673	3.3460		38		
1674	3.3480		39		
1675	3.3500		39		
1676	3.3520		39		
1677	3.3540		40		
1678	3.3560		40		
1679	3.3580		40		
1680	3.3600		40		
1681	3.3620		40		
1682	3.3640		40		
1683	3.3660		41		
1684	3.3680		41		
1685	3.3700		41		
1686	3.3720		42		
1687	3.3740		42		
1688	3.3760		42		
1689	3.3780		42		
1690	3.3800		42		
1691	3.3820		42		
1692	3.3840		42		
1693	3.3860		43		
1694	3.3880		43		
1695	3.3900		43		
1696	3.3920		43		
1697	3.3940		43		
1698	3.3960		44		
1699	3.3980		44		
1700	3.4000		44		
1701	3.4020		44		
1702	3.4040		44		
1703	3.4060		44		
1704	3.4080		44		
1705	3.4100		44		
1706	3.4120		44		
1707	3.4140		44		
1708	3.4160		44		
1709	3.4180		44		
1710	3.4200		44		
1711	3.4220		44		
1712	3.4240		44		
1713	3.4260		44		
1714	3.4280		44		
1715	3.4300		44		
1716	3.4320		44		
1717	3.4340		44		
1718	3.4360		44		
1719	3.4380		44		
1720	3.4400		44		
1721	3.4420		44		
1722	3.4440		44		
1723	3.4460		44		
1724	3.4480		44		
1725	3.4500		44		
1726	3.4520		44		
1727	3.4540		44		
1728	3.4560		44		
1729	3.4580		44		
1730	3.4600		44		
1731	3.4620		44		
1732	3.4640		44		
1733	3.4660		44		
1734	3.4680		44		
1735	3.4700		43		
1736	3.4720		43		
1737	3.4740		43		
1738	3.4760		43		
1739	3.4780		43		
1740	3.4800		43		
1741	3.4820		42		
1742	3.4840		42		
1743	3.4860		42		
1744	3.4880		42		
1745	3.4900		42		
1746	3.4920		42		
1747	3.4940		42		
1748	3.4960		41		
1749	3.4980		41		
1750	3.5000		41		
1751	3.5020		40		
1752	3.5040		40		
1753	3.5060		40		
1754	3.5080		40		
1755	3.5100		40		
1756	3.5120		39		
1757	3.5140		39		
1758	3.5160		39		
1759	3.5180		38		
1760	3.5200		38		
1761	3.5220		38		
1762	3.5240		38		
1763	3.5260		38		
1764	3.5280		37		
1765	3.5300		37		
1766	3.5320		36		
1767	3.5340		36		
1768	3.5360		36		
1769	3.5380		36		
1770	3.5400		35		
1771	3.5420		35		
1772	3.5440		34		
1773	3.5460		34		
1774	3.5480		34		
1775	3.5500		34		
1776	3.5520		33		
1777	3.5540		33		
1778	3.5560		32		
1779	3.5580		32		
1780	3.5600		32		
1781	3.5620		31		
1782	3.5640		31		
1783	3.5660		30		
1784	3.5680		30		
1785	3.5700		30		
1786	3.5720		30		
1787	3.5740		29		
1788	3.5760		29		
1789	3.5780		28		
1790	3.5800		28		
1791	3.5820		28		
1792	3.5840		27		
1793	3.5860		26		
1794	3.5880		26		
1795	3.5900		26		
1796	3.5920		25		
1797	3.5940		25		
1798	3.5960		24		
1799	3.5980		24		
1800	3.6000		24		
1801	3.6020		23		
1802	3.6040		22		
1803	3.6060		22		
1804	3.6080		22		
1805	3.6100		21		
1806	3.6120		20		
1807	3.6140		20		
1808	3.6160		20		
1809	3.6180		19		
1810	3.6200		19		
1811	3.6220		18		
1812	3.6240		18		
1813	3.6260		17		
1814	3.6280		17		
1815	3.6300		16		
1816	3.6320		16		
1817	3.6340		16		
1818	3.6360		15		
1819	3.6380		14		
1820	3.6400		14		
1821	3.6420		14		
1822	3.6440		13		
1823	3.6460		12		
1824	3.6480		12		
1825	3.6500		11		
1826	3.6520		11		
1827	3.6540		10		
1828	3.6560		10		
1829	3.6580		9		
1830	3.6600		9		
1831	3.6620		8		
1832	3.6640		8		
1833	3.6660		7		
1834	3.6680		7		
1835	3.6700		6		
1836	3.6720		6		
1837	3.6740		5		
1838	3.6760		5		
1839	3.6780		4		
1840	3.6800		4		
1841	3.6820		3		
1842	3.6840		3		
1843	3.6860		2		
1844	3.6880		2		
1845	3.6900		1		
1846	3.6920		0		
1847	3.6940		0		
1848	3.6960		0		
1849	3.6980		-1		
1850	3.7000		-2		
1851	3.7020		-2		
1852	3.7040		-3		
1853	3.7060		-3		
1854	3.7080		-4		
1855	3.7100		-4		
1856	3.7120		-5		
1857	3.7140		-5		
1858	3.7160		-6		
1859	3.7180		-6		
1860	3.7200		-7		
1861	3.7220		-7		
1862	3.7240		-8		
1863	3.7260		-8		
1864	3.7280		-9		
1865	3.7300		-9		
1866	3.7320		-10		
1867	3.7340		-10		
1868	3.7360		-11		
1869	3.7380		-11		
1870	3.7400		-12		
1871	3.7420		-12		
1872	3.7440		-12		
1873	3.7460		-13		
1874	3.7480		-14		
1875	3.7500		-14		
1876	3.7520		-14		
1877	3.7540		-15		
1878	3.7560		-16		
1879	3.7580		-16		
1880	3.7600		-16		
1881	3.7620		-17		
1882	3.7640		-17		
1883	3.7660		-18		
1884	3.7680		-18		
1885	3.7700		-19		
1886	3.7720		-19		
1887	3.7740		-20		
1888	3.7760		-20		
1889	3.7780		-20		
1890	3.7800		-21		
1891	3.7820		-21		
1892	3.7840		-22		
1893	3.7860		-22		
1894	3.7880		-22		
1895	3.7900		-23		
1896	3.7920		-23		
1897	3.7940		-24		
1898	3.7960		-24		
1899	3.7980		-24		
1900	3.8000		-25		
1901	3.8020		-26		
1902	3.8040		-26		
1903	3.8060		-26		
1904	3.8080		-27		
1905	3.8100		-27		
1906	3.8120		-28		
1907	3.8140		-28		
1908	3.8160		-28		
1909	3.8180		-28		
1910	3.8200		-29		
1911	3.8220		-29		
1912	3.8240		-30		
1913	3.8260		-30		
1914	3.8280		-30		
1915	3.8300		-30		
1916	3.8320		-31		
1917	3.8340		-31		
1918	3.8360		-32		
1919	3.8380		-32		
1920	3.8400		-32		
1921	3.8420		-32		
1922	3.8440		-32		
1923	3.8460		-33		
1924	3.8480		-33		
1925	3.8500		-34		
1926	3.8520		-34		
1927	3.8540		-34		
1928	3.8560		-34		
1929	3.8580		-34		
1930	3.8600		-35		
1931	3.8620		-35		
1932	3.8640		-35		
1933	3.8660		-36		
1934	3.8680		-36		
1935	3.8700		-36		
1936	3.8720		-36		
1937	3.8740		-36		
1938	3.8760		-36		
1939	3.8780		-37		
1940	3.8800		-37		
1941	3.8820		-37		
1942	3.8840		-37		
1943	3.8860		-38		
1944	3.8880		-38		
1945	3.8900		-38		
1946	3.8920		-38		
1947	3.8940		-38		
1948	3.8960		-38		
1949	3.8980		-38		
1950	3.9000		-38		
1951	3.9020		-39		
1952	3.9040		-39		
1953	3.9060		-39		
1954	3.9080		-39		
1955	3.9100		-39		
1956	3.9120		-39		
1957	3.9140		-39		
1958	3.9160		-40		
1959	3.9180		-40		
1960	3.9200		-40		
1961	3.9220		-40		
1962	3.9240		-40		
1963	3.9260		-40		
1964	3.9280		-40		
1965	3.9300		-40		
1966	3.9320		-40		
1967	3.9340		-40		
1968	3.9360		-40		
1969	3.9380		-40		
1970	3.9400		-40		
1971	3.9420		-40		
1972	3.9440		-40		
1973	3.9460		-40		
1974	3.9480		-40		
1975	3.9500		-40		
1976	3.9520		-40		
1977	3.9540		-40		
1978	3.9560		-40		
1979	3.9580		-40		
1980	3.9600		-40		
1981	3.9620		-40		
1982	3.9640		-40		
1983	3.9660		-40		
1984	3.9680		-40		
1985	3.9700		-40		
1986	3.9720		-40		
1987	3.9740		-39		
1988	3.9760		-39		
1989	3.9780		-39		
1990	3.9800		-39		
1991	3.9820		-39		
1992	3.9840		-39		
1993	3.9860		-39		
1994	3.9880		-38		
1995	3.9900		-38		
1996	3.9920		-38		
1997	3.9940		-38		
1998	3.9960		-38		
1999	3.9980		-38		
2000	4.0000		-38		
2001	4.0020		-38		
2002	4.0040		-37		
2003	4.0060		-37		
2004	4.0080		-37		
2005	4.0100		-37		
2006	4.0120		-36		
2007	4.0140		-36		
2008	4.0160		-36		
2009	4.0180		-36		
2010	4.0200		-36		
2011	4.0220		-36		
2012	4.0240		-35		
2013	4.0260		-35		
2014	4.0280		-35		
2015	4.0300		-34		
2016	4.0320		-34		
2017	4.0340		-34		
2018	4.0360		-34		
2019	4.0380		-34		
2020	4.0400		-33		
2021	4.0420		-33		
2022	4.0440		-33		
2023	4.0460		-32		
2024	4.0480		-32		
2025	4.0500		-32		
2026	4.0520		-32		
2027	4.0540		-31		
2028	4.0560		-31		
2029	4.0580		-30		
2030	4.0600		-30		
2031	4.0620		-30		
2032	4.0640		-30		
2033	4.0660		-29		
2034	4.0680		-29		
2035	4.0700		-29		
2036	4.0720		-28		
2037	4.0740		-28		
2038	4.0760		-28		
2039	4.0780		-27		
2040	4.0800		-27		
2041	4.0820		-26		
2042	4.0840		-26		
2043	4.0860		-26		
2044	4.0880		-26		
2045	4.0900		-25		
2046	4.0920		-25		
2047	4.0940		-24		
2048	4.0960		-24		
2049	4.0980		-24		
2050	4.1000		-23		
2051	4.1020		-22		
2052	4.1040		-22		
2053	4.1060		-22		
2054	4.1080		-22		
2055	4.1100		-21		
2056	4.1120		-20		
2057	4.1140		-20		
2058	4.1160		-20		
2059	4.1180		-19		
2060	4.1200		-19		
2061	4.1220		-18		
2062	4.1240		-18		
2063	4.1260		-18		
2064	4.1280		-17		
2065	4.1300		-17		
2066	4.1320		-16		
2067	4.1340		-16		
2068	4.1360		-16		
2069	4.1380		-15		
2070	4.1400		-15		
2071	4.1420		-14		
2072	4.1440		-14		
2073	4.1460		-13		
2074	4.1480		-13		
2075	4.1500		-12		
2076	4.1520		-12		
2077	4.1540		-12		
2078	4.1560		-11		
2079	4.1580		-10		
2080	4.1600		-10		
2081	4.1620		-10		
2082	4.1640		-9		
2083	4.1660		-9		
2084	4.1680		-8		
2085	4.1700		-8		
2086	4.1720		-8		
2087	4.1740		-7		
2088	4.1760		-6		
2089	4.1780		-6		
2090	4.1800		-6		
2091	4.1820		-5		
2092	4.1840		-4		
2093	4.1860		-4		
2094	4.1880		-4		
2095	4.1900		-3		
2096	4.1920		-3		
2097	4.1940		-2		
2098	4.1960		-2		
2099	4.1980		-1		
2100	4.2000		-1		
2101	4.2020		0		
2102	4.2040		0		
2103	4.2060		1		
2104	4.2080		1		
2105	4.2100		2		
2106	4.2120		2		
2107	4.2140		3		
2108	4.2160		3		
2109	4.2180		4		
2110	4.2200		4		
2111	4.2220		4		
2112	4.2240		5		
2113	4.2260		6		
2114	4.2280		6		
2115	4.2300		6		
2116	4.2320		7		
2117	4.2340		7		
2118	4.2360		8		
2119	4.2380		8		
2120	4.2400		8		
2121	4.2420		9		
2122	4.2440		10		
2123	4.2460		10		
2124	4.2480		10		
2125	4.2500		11		
2126	4.2520		11		
2127	4.2540		12		
2128	4.2560		12		
2129	4.2580		12		
2130	4.2600		13		
2131	4.2620		14		
2132	4.2640		14		
2133	4.2660		14		
2134	4.2680		15		
2135	4.2700		15		
2136	4.2720		16		
2137	4.2740		16		
2138	4.2760		16		
2139	4.2780		17		
2140	4.2800		17		
2141	4.2820		18		
2142	4.2840		18		
2143	4.2860		18		
2144	4.2880		19		
2145	4.2900		19		
2146	4.2920		20		
2147	4.2940		20		
2148	4.2960		20		
2149	4.2980		21		
2150	4.3000		21		
2151	4.3020		22		
2152	4.3040		22		
2153	4.3060		22		
2154	4.3080		23		
2155	4.3100		23		
2156	4.3120		24		
2157	4.3140		24		
2158	4.3160		24		
2159	4.3180		24		
2160	4.3200		25		
2161	4.3220		25		
2162	4.3240		26		
2163	4.3260		26		
2164	4.3280		26		
2165	4.3300		26		
2166	4.3320		27		
2167	4.3340		27		
2168	4.3360		28		
2169	4.3380		28		
2170	4.3400		28		
2171	4.3420		28		
2172	4.3440		28		
2173	4.3460		29		
2174	4.3480		29		
2175	4.3500		30		
2176	4.3520		30		
2177	4.3540		30		
2178	4.3560		30		
2179	4.3580		30		
2180	4.3600		31		
2181	4.3620		31		
2182	4.3640		31		
2183	4.3660		32		
2184	4.3680		32		
2185	4.3700		32		
2186	4.3720		32		
2187	4.3740		32		
2188	4.3760		32		
2189	4.3780		33		
2190	4.3800		33		
2191	4.3820		33		
2192	4.3840		33		
2193	4.3860		34		
2194	4.3880		34		
2195	4.3900		34		
2196	4.3920		34		
2197	4.3940		34		
2198	4.3960		34		
2199	4.3980		34		
2200	4.4000		35		
2201	4.4020		35		
2202	4.4040		35		
2203	4.4060		35		
2204	4.4080		36		
2205	4.4100		36		
2206	4.4120		36		
2207	4.4140		36		
2208	4.4160		36		
2209	4.4180		36		
2210	4.4200		36		
2211	4.4220		36		
2212	4.4240		36		
2213	4.4260		36		
2214	4.4280		36		
2215	4.4300		36		
2216	4.4320		36		
2217	4.4340		36		
2218	4.4360		36		
2219	4.4380		37		
2220	4.4400		37		
2221	4.4420		37		
2222	4.4440		37		
2223	4.4460		37		
2224	4.4480		37		
2225	4.4500		37		
2226	4.4520		37		
2227	4.4540		37		
2228	4.4560		37		
2229	4.4580		37		
2230	4.4600		37		
2231	4.4620		37		
2232	4.4640		37		
2233	4.4660		37		
2234	4.4680		37		
2235	4.4700		37		
2236	4.4720		37		
2237	4.4740		36		
2238	4.4760		36		
2239	4.4780		36		
2240	4.4800		36		
2241	4.4820		36		
2242	4.4840		36		
2243	4.4860		36		
2244	4.4880		36		
2245	4.4900		36		
2246	4.4920		36		
2247	4.4940		36		
2248	4.4960		36		
2249	4.4980		36		
2250	4.5000		36		
2251	4.5020		35		
2252	4.5040		35		
2253	4.5060		35		
2254	4.5080		35		
2255	4.5100		35		
2256	4.5120		34		
2257	4.5140		34		
2258	4.5160		34		
2259	4.5180		34		
2260	4.5200		34		
2261	4.5220		34		
2262	4.5240		34		
2263	4.5260		34		
2264	4.5280		33		
2265	4.5300		33		
2266	4.5320		33		
2267	4.5340		33		
2268	4.5360		32		
2269	4.5380		32		
2270	4.5400		32		
2271	4.5420		32		
2272	4.5440		32		
2273	4.5460		32		
2274	4.5480		31		
2275	4.5500		31		
2276	4.5520		31		
2277	4.5540		30		
2278	4.5560		30		
2279	4.5580		30		
2280	4.5600		30		
2281	4.5620		30		
2282	4.5640		29		
2283	4.5660		29		
2284	4.5680		28		
2285	4.5700		28		
2286	4.5720		28		
2287	4.5740		28		
2288	4.5760		28		
2289	4.5780		27		
2290	4.5800		27		
2291	4.5820		26		
2292	4.5840		26		
2293	4.5860		26		
2294	4.5880		26		
2295	4.5900		25		
2296	4.5920		25		
2297	4.5940		25		
2298	4.5960		24		
2299	4.5980		24		
2300	4.6000		24		
2301	4.6020		23		
2302	4.6040		23		
2303	4.6060		22		
2304	4.6080		22		
2305	4.6100		22		
2306	4.6120		22		
2307	4.6140		21		
2308	4.6160		20		
2309	4.6180		20		
2310	4.6200		20		
2311	4.6220		20		
2312	4.6240		19		
2313	4.6260		19		
2314	4.6280		18		
2315	4.6300		18		
2316	4.6320		18		
2317	4.6340		17		
2318	4.6360		17		
2319	4.6380		16		
2320	4.6400		16		
2321	4.6420		16		
2322	4.6440		16		
2323	4.6460		15		
2324	4.6480		14		
2325	4.6500		14		
2326	4.6520		14		
2327	4.6540		13		
2328	4.6560		13		
2329	4.6580		12		
2330	4.6600		12		
2331	4.6620		12		
2332	4.6640		11		
2333	4.6660		11		
2334	4.6680		10		
2335	4.6700		10		
2336	4.6720		10		
2337	4.6740		9		
2338	4.6760		9		
2339	4.6780		8		
2340	4.6800		8		
2341	4.6820		8		
2342	4.6840		7		
2343	4.6860		7		
2344	4.6880		6		
2345	4.6900		6		
2346	4.6920		6		
2347	4.6940		5		
2348	4.6960		4		
2349	4.6980		4		
2350	4.7000		4		
2351	4.7020		3		
2352	4.7040		3		
2353	4.7060		2		
2354	4.7080		2		
2355	4.7100		2		
2356	4.7120		1		
2357	4.7140		0		
2358	4.7160		0		
2359	4.7180		0		
2360	4.7200		-1		
2361	4.7220		-1		
2362	4.7240		-2		
2363	4.7260		-2		
2364	4.7280		-2		
2365	4.7300		-3		
2366	4.7320		-3		
2367	4.7340		-4		
2368	4.7360		-4		
2369	4.7380		-4		
2370	4.7400		-5		
2371	4.7420		-5		
2372	4.7440		-6		
2373	4.7460		-6		
2374	4.7480		-6		
2375	4.7500		-7		
2376	4.7520		-8		
2377	4.7540		-8		
2378	4.7560		-8		
2379	4.7580		-8		
2380	4.7600		-9		
2381	4.7620		-10		
2382	4.7640		-10		
2383	4.7660		-10		
2384	4.7680		-10		
2385	4.7700		-11		
2386	4.7720		-11		
2387	4.7740		-12		
2388	4.7760		-12		
2389	4.7780		-12		
2390	4.7800		-13		
2391	4.7820		-13		
2392	4.7840		-14		
2393	4.7860		-14		
2394	4.7880		-14		
2395	4.7900		-15		
2396	4.7920		-15		
2397	4.7940		-16		
2398	4.7960		-16		
2399	4.7980		-16		
2400	4.8000		-17		
2401	4.8020		-17		
2402	4.8040		-18		
2403	4.8060		-18		
2404	4.8080		-18		
2405	4.8100		-18		
2406	4.8120		-19		
2407	4.8140		-19		
2408	4.8160		-20		
2409	4.8180		-20		
2410	4.8200		-20		
2411	4.8220		-20		
2412	4.8240		-21		
2413	4.8260		-21		
2414	4.8280		-22		
2415	4.8300		-22		
2416	4.8320		-22		
2417	4.8340		-22		
2418	4.8360		-23		
2419	4.8380		-23		
2420	4.8400		-23		
2421	4.8420		-24		
2422	4.8440		-24		
2423	4.8460		-24		
2424	4.8480		-24		
2425	4.8500		-25		
2426	4.8520		-25		
2427	4.8540		-25		
2428	4.8560		-26		
2429	4.8580		-26		
2430	4.8600		-26		
2431	4.8620		-26		
2432	4.8640		-26		
2433	4.8660		-27		
2434	4.8680		-27		
2435	4.8700		-27		
2436	4.8720		-28		
2437	4.8740		-28		
2438	4.8760		-28		
2439	4.8780		-28		
2440	4.8800		-28		
2441	4.8820		-28		
2442	4.8840		-29		
2443	4.8860		-29		
2444	4.8880		-29		
2445	4.8900		-29		
2446	4.8920		-30		
2447	4.8940		-30		
2448	4.8960		-30		
2449	4.8980		-30		
2450	4.9000		-30		
2451	4.9020		-30		
2452	4.9040		-30		
2453	4.9060		-31		
2454	4.9080		-31		
2455	4.9100		-31		
2456	4.9120		-31		
2457	4.9140		-31		
2458	4.9160		-32		
2459	4.9180		-32		
2460	4.9200		-32		
2461	4.9220		-32		
2462	4.9240		-32		
2463	4.9260		-32		
2464	4.9280		-32		
2465	4.9300		-32		
2466	4.9320		-32		
2467	4.9340		-32		
2468	4.9360		-32		
2469	4.9380		-32		
2470	4.9400		-32		
2471	4.9420		-32		
2472	4.9440		-33		
2473	4.9460		-33		
2474	4.9480		-33		
2475	4.9500		-33		
2476	4.9520		-33		
2477	4.9540		-33		
2478	4.9560		-33		
2479	4.9580		-33		
2480	4.9600		-33		
2481	4.9620		-33		
2482	4.9640		-33		
2483	4.9660		-33		
2484	4.9680		-33		
2485	4.9700		-33		
2486	4.9720		-33		
2487	4.9740		-33		
2488	4.9760		-33		
2489	4.9780		-33		
2490	4.9800		-33		
2491	4.9820		-33		
2492	4.9840		-33		
2493	4.9860		-33		
2494	4.9880		-33		
2495	4.9900		-32		
2496	4.9920		-32		
2497	4.9940		-32		
2498	4.9960		-32		
2499	4.9980		-32		
2500	5.0000		-32		
2501	5.0020		-32		
2502	5.0040		-32		
2503	5.0060		-32		
2504	5.0080		-32		
2505	5.0100		-32		
2506	5.0120		-32		
2507	5.0140		-32		
2508	5.0160		-32		
2509	5.0180		-31		
2510	5.0200		-31		
2511	5.0220		-31		
2512	5.0240		-31		
2513	5.0260		-31		
2514	5.0280		-30		
2515	5.0300		-30		
2516	5.0320		-30		
2517	5.0340		-30		
2518	5.0360		-30		
2519	5.0380		-30		
2520	5.0400		-30		
2521	5.0420		-30		
2522	5.0440		-29		
2523	5.0460		-29		
2524	5.0480		-29		
2525	5.0500		-29		
2526	5.0520		-28		
2527	5.0540		-28		
2528	5.0560		-28		
2529	5.0580		-28		
2530	5.0600		-28		
2531	5.0620		-28		
2532	5.0640		-27		
2533	5.0660		-27		
2534	5.0680		-27		
2535	5.0700		-26		
2536	5.0720		-26		
2537	5.0740		-26		
2538	5.0760		-26		
2539	5.0780		-26		
2540	5.0800		-25		
2541	5.0820		-25		
2542	5.0840		-25		
2543	5.0860		-24		
2544	5.0880		-24		
2545	5.0900		-24		
2546	5.0920		-24		
2547	5.0940		-24		
2548	5.0960		-23		
2549	5.0980		-23		
2550	5.1000		-22		
2551	5.1020		-22		
2552	5.1040		-22		
2553	5.1060		-22		
2554	5.1080		-21		
2555	5.1100		-21		
2556	5.1120		-20		
2557	5.1140		-20		
2558	5.1160		-20		
2559	5.1180		-20		
2560	5.1200		-20		
2561	5.1220		-19		
2562	5.1240		-19		
2563	5.1260		-18		
2564	5.1280		-18		
2565	5.1300		-18		
2566	5.1320		-18		
2567	5.1340		-17		
2568	5.1360		-17		
2569	5.1380		-16		
2570	5.1400		-16		
2571	5.1420		-16		
2572	5.1440		-16		
2573	5.1460		-15		
2574	5.1480		-15		
2575	5.1500		-14		
2576	5.1520		-14		
2577	5.1540		-14		
2578	5.1560		-13		
2579	5.1580		-13		
2580	5.1600		-12		
2581	5.1620		-12		
2582	5.1640		-12		
2583	5.1660		-12		
2584	5.1680		-11		
2585	5.1700		-11		
2586	5.1720		-10		
2587	5.1740		-10		
2588	5.1760		-10		
2589	5.1780		-9		
2590	5.1800		-9		
2591	5.1820		-8		
2592	5.1840		-8		
2593	5.1860		-8		
2594	5.1880		-7		
2595	5.1900		-7		
2596	5.1920		-6		
2597	5.1940		-6		
2598	5.1960		-6		
2599	5.1980		-6		
2600	5.2000		-5		
2601	5.2020		-4		
2602	5.2040		-4		
2603	5.2060		-4		
2604	5.2080		-3		
2605	5.2100		-3		
2606	5.2120		-2		
2607	5.2140		-2		
2608	5.2160		-2		
2609	5.2180		-1		
2610	5.2200		-1		
2611	5.2220		0		
2612	5.2240		0		
2613	5.2260		0		
2614	5.2280		0		
2615	5.2300		1		
2616	5.2320		2		
2617	5.2340		2		
2618	5.2360		2		
2619	5.2380		2		
2620	5.2400		3		
2621	5.2420		3		
2622	5.2440		4		
2623	5.2460		4		
2624	5.2480		4		
2625	5.2500		5		
2626	5.2520		5		
2627	5.2540		6		
2628	5.2560		6		
2629	5.2580		6		
2630	5.2600		7		
2631	5.2620		7		
2632	5.2640		8		
2633	5.2660		8		
2634	5.2680		8		
2635	5.2700		8		
2636	5.2720		9		
2637	5.2740		9		
2638	5.2760		10		
2639	5.2780		10		
2640	5.2800		10		
2641	5.2820		11		
2642	5.2840		11		
2643	5.2860		12		
2644	5.2880		12		
2645	5.2900		12		
2646	5.2920		12		
2647	5.2940		13		
2648	5.2960		13		
2649	5.2980		14		
2650	5.3000		14		
2651	5.3020		14		
2652	5.3040		15		
2653	5.3060		15		
2654	5.3080		15		
2655	5.3100		16		
2656	5.3120		16		
2657	5.3140		16		
2658	5.3160		16		
2659	5.3180		17		
2660	5.3200		17		
2661	5.3220		18		
2662	5.3240		18		
2663	5.3260		18		
2664	5.3280		18		
2665	5.3300		19		
2666	5.3320		19		
2667	5.3340		20		
2668	5.3360		20		
2669	5.3380		20		
2670	5.3400		20		
2671	5.3420		20		
2672	5.3440		21		
2673	5.3460		21		
2674	5.3480		21		
2675	5.3500		22		
2676	5.3520		22		
2677	5.3540		22		
2678	5.3560		22		
2679	5.3580		22		
2680	5.3600		23		
2681	5.3620		23		
2682	5.3640		24		
2683	5.3660		24		
2684	5.3680		24		
2685	5.3700		24		
2686	5.3720		24		
2687	5.3740		24		
2688	5.3760		25		
2689	5.3780		25		
2690	5.3800		25		
2691	5.3820		26		
2692	5.3840		26		
2693	5.3860		26		
2694	5.3880		26		
2695	5.3900		26		
2696	5.3920		26		
2697	5.3940		26		
2698	5.3960		27		
2699	5.3980		27		
2700	5.4000		27		
2701	5.4020		27		
2702	5.4040		28		
2703	5.4060		28		
2704	5.4080		28		
2705	5.4100		28		
2706	5.4120		28		
2707	5.4140		28		
2708	5.4160		28		
2709	5.4180		28		
2710	5.4200		29		
2711	5.4220		29		
2712	5.4240		29		
2713	5.4260		29		
2714	5.4280		29		
2715	5.4300		29		
2716	5.4320		29		
2717	5.4340		30		
2718	5.4360		30		
2719	5.4380		30		
2720	5.4400		30		
2721	5.4420		30		
2722	5.4440		30		
2723	5.4460		30		
2724	5.4480		30		
2725	5.4500		30		
2726	5.4520		30		
2727	5.4540		30		
2728	5.4560		30		
2729	5.4580		30		
2730	5.4600		30		
2731	5.4620		30		
2732	5.4640		30		
2733	5.4660		30		
2734	5.4680		30		
2735	5.4700		30		
2736	5.4720		30		
2737	5.4740		30		
2738	5.4760		30		
2739	5.4780		30		
2740	5.4800		30		
2741	5.4820		30		
2742	5.4840		30		
2743	5.4860		30		
2744	5.4880		30		
2745	5.4900		30		
2746	5.4920		30		
2747	5.4940		30		
2748	5.4960		30		
2749	5.4980		30		
2750	5.5000		30		
2751	5.5020		30		
2752	5.5040		30		
2753	5.5060		30		
2754	5.5080		30		
2755	5.5100		30		
2756	5.5120		30		
2757	5.5140		30		
2758	5.5160		30		
2759	5.5180		30		
2760	5.5200		30		
2761	5.5220		30		
2762	5.5240		29		
2763	5.5260		29		
2764	5.5280		29		
2765	5.5300		29		
2766	5.5320		29		
2767	5.5340		29		
2768	5.5360		28		
2769	5.5380		28		
2770	5.5400		28		
2771	5.5420		28		
2772	5.5440		28		
2773	5.5460		28		
2774	5.5480		28		
2775	5.5500		28		
2776	5.5520		28		
2777	5.5540		27		
2778	5.5560		27		
2779	5.5580		27		
2780	5.5600		27		
2781	5.5620		26		
2782	5.5640		26		
2783	5.5660		26		
2784	5.5680		26		
2785	5.5700		26		
2786	5.5720		26		
2787	5.5740		26		
2788	5.5760		25		
2789	5.5780		25		
2790	5.5800		25		
2791	5.5820		24		
2792	5.5840		24		
2793	5.5860		24		
2794	5.5880		24		
2795	5.5900		24		
2796	5.5920		24		
2797	5.5940		23		
2798	5.5960		23		
2799	5.5980		23		
2800	5.6000		22		
2801	5.6020		22		
2802	5.6040		22		
2803	5.6060		22		
2804	5.6080		22		
2805	5.6100		21		
2806	5.6120		21		
2807	5.6140		21		
2808	5.6160		20		
2809	5.6180		20		
2810	5.6200		20		
2811	5.6220		20		
2812	5.6240		19		
2813	5.6260		19		
2814	5.6280		19		
2815	5.6300		18		
2816	5.6320		18		
2817	5.6340		18		
2818	5.6360		18		
2819	5.6380		17		
2820	5.6400		17		
2821	5.6420		17		
2822	5.6440		16		
2823	5.6460		16		
2824	5.6480		16		
2825	5.6500		16		
2826	5.6520		15		
2827	5.6540		15		
2828	5.6560		14		
2829	5.6580		14		
2830	5.6600		14		
2831	5.6620		14		
2832	5.6640		13		
2833	5.6660		13		
2834	5.6680		12		
2835	5.6700		12		
2836	5.6720		12		
2837	5.6740		12		
2838	5.6760		11		
2839	5.6780		11		
2840	5.6800		10		
2841	5.6820		10		
2842	5.6840		10		
2843	5.6860		10		
2844	5.6880		9		
2845	5.6900		9		
2846	5.6920		8		
2847	5.6940		8		
2848	5.6960		8		
2849	5.6980		8		
2850	5.7000		7		
2851	5.7020		6		
2852	5.7040		6		
2853	5.7060		6		
2854	5.7080		6		
2855	5.7100		5		
2856	5.7120		5		
2857	5.7140		4		
2858	5.7160		4		
2859	5.7180		4		
2860	5.7200		4		
2861	5.7220		3		
2862	5.7240		3		
2863	5.7260		2		
2864	5.7280		2		
2865	5.7300		2		
2866	5.7320		2		
2867	5.7340		1		
2868	5.7360		1		
2869	5.7380		0		
2870	5.7400		0		
2871	5.7420		0		
2872	5.7440		-1		
2873	5.7460		-1		
2874	5.7480		-2		
2875	5.7500		-2		
2876	5.7520		-2		
2877	5.7540		-2		
2878	5.7560		-3		
2879	5.7580		-3		
2880	5.7600		-4		
2881	5.7620		-4		
2882	5.7640		-4		
2883	5.7660		-4		
2884	5.7680		-5		
2885	5.7700		-5		
2886	5.7720		-6		
2887	5.7740		-6		
2888	5.7760		-6		
2889	5.7780		-6		
2890	5.7800		-7		
2891	5.7820		-7		
2892	5.7840		-8		
2893	5.7860		-8		
2894	5.7880		-8		
2895	5.7900		-8		
2896	5.7920		-9		
2897	5.7940		-9		
2898	5.7960		-10		
2899	5.7980		-10		
2900	5.8000		-10		
2901	5.8020		-10		
2902	5.8040		-11		
2903	5.8060		-11		
2904	5.8080		-12		
2905	5.8100		-12		
2906	5.8120		-12		
2907	5.8140		-12		
2908	5.8160		-13		
2909	5.8180		-13		
2910	5.8200		-14		
2911	5.8220		-14		
2912	5.8240		-14		
2913	5.8260		-14		
2914	5.8280		-14		
2915	5.8300		-15		
2916	5.8320		-15		
2917	5.8340		-16		
2918	5.8360		-16		
2919	5.8380		-16		
2920	5.8400		-16		
2921	5.8420		-16		
2922	5.8440		-17		
2923	5.8460		-17		
2924	5.8480		-18		
2925	5.8500		-18		
2926	5.8520		-18		
2927	5.8540		-18		
2928	5.8560		-18		
2929	5.8580		-19		
2930	5.8600		-19		
2931	5.8620		-19		
2932	5.8640		-20		
2933	5.8660		-20		
2934	5.8680		-20		
2935	5.8700		-20		
2936	5.8720		-20		
2937	5.8740		-20		
2938	5.8760		-21		
2939	5.8780		-21		
2940	5.8800		-21		
2941	5.8820		-21		
2942	5.8840		-22		
2943	5.8860		-22		
2944	5.8880		-22		
2945	5.8900		-22		
2946	5.8920		-22		
2947	5.8940		-22		
2948	5.8960		-23		
2949	5.8980		-23		
2950	5.9000		-23		
2951	5.9020		-24		
2952	5.9040		-24		
2953	5.9060		-24		
2954	5.9080		-24		
2955	5.9100		-24		
2956	5.9120		-24		
2957	5.9140		-24		
2958	5.9160		-24		
2959	5.9180		-25		
2960	5.9200		-25		
2961	5.9220		-25		
2962	5.9240		-25		
2963	5.9260		-25		
2964	5.9280		-25		
2965	5.9300		-26		
2966	5.9320		-26		
2967	5.9340		-26		
2968	5.9360		-26		
2969	5.9380		-26		
2970	5.9400		-26		
2971	5.9420		-26		
2972	5.9440		-26		
2973	5.9460		-26		
2974	5.9480		-26		
2975	5.9500		-26		
2976	5.9520		-26		
2977	5.9540		-26		
2978	5.9560		-27		
2979	5.9580		-27		
2980	5.9600		-27		
2981	5.9620		-27		
2982	5.9640		-27		
2983	5.9660		-27		
2984	5.9680		-27		
2985	5.9700		-27		
2986	5.9720		-27		
2987	5.9740		-27		
2988	5.9760		-27		
2989	5.9780		-27		
2990	5.9800		-27		
2991	5.9820		-27		
2992	5.9840		-27		
2993	5.9860		-27		
2994	5.9880		-27		
2995	5.9900		-27		
2996	5.9920		-27		
2997	5.9940		-27		
2998	5.9960		-27		
2999	5.9980		-27		
3000	6.0000		-27		
3001	6.0020		-27		
3002	6.0040		-27		
3003	6.0060		-27		
3004	6.0080		-27		
3005	6.0100		-27		
3006	6.0120		-27		
3007	6.0140		-27		
3008	6.0160		-27		
3009	6.0180		-27		
3010	6.0200		-27		
3011	6.0220		-27		
3012	6.0240		-26		
3013	6.0260		-26		
3014	6.0280		-26		
3015	6.0300		-26		
3016	6.0320		-26		
3017	6.0340		-26		
3018	6.0360		-26		
3019	6.0380		-26		
3020	6.0400		-26		
3021	6.0420		-26		
3022	6.0440		-26		
3023	6.0460		-26		
3024	6.0480		-26		
3025	6.0500		-25		
3026	6.0520		-25		
3027	6.0540		-25		
3028	6.0560		-25		
3029	6.0580		-25		
3030	6.0600		-25		
3031	6.0620		-24		
3032	6.0640		-24		
3033	6.0660		-24		
3034	6.0680		-24		
3035	6.0700		-24		
3036	6.0720		-24		
3037	6.0740		-24		
3038	6.0760		-24		
3039	6.0780		-23		
3040	6.0800		-23		
3041	6.0820		-23		
3042	6.0840		-23		
3043	6.0860		-22		
3044	6.0880		-22		
3045	6.0900		-22		
3046	6.0920		-22		
3047	6.0940		-22		
3048	6.0960		-22		
3049	6.0980		-21		
3050	6.1000		-21		
3051	6.1020		-21		
3052	6.1040		-20		
3053	6.1060		-20		
3054	6.1080		-20		
3055	6.1100		-20		
3056	6.1120		-20		
3057	6.1140		-20		
3058	6.1160		-19		
3059	6.1180		-19		
3060	6.1200		-19		
3061	6.1220		-18		
3062	6.1240		-18		
3063	6.1260		-18		
3064	6.1280		-18		
3065	6.1300		-18		
3066	6.1320		-18		
3067	6.1340		-17		
3068	6.1360		-17		
3069	6.1380		-16		
3070	6.1400		-16		
3071	6.1420		-16		
3072	6.1440		-16		
3073	6.1460		-16		
3074	6.1480		-15		
3075	6.1500		-15		
3076	6.1520		-15		
3077	6.1540		-14		
3078	6.1560		-14		
3079	6.1580		-14		
3080	6.1600		-14		
3081	6.1620		-13		
3082	6.1640		-13		
3083	6.1660		-13		
3084	6.1680		-12		
3085	6.1700		-12		
3086	6.1720		-12		
3087	6.1740		-12		
3088	6.1760		-11		
3089	6.1780		-11		
3090	6.1800		-11		
3091	6.1820		-10		
3092	6.1840		-10		
3093	6.1860		-10		
3094	6.1880		-10		
3095	6.1900		-9		
3096	6.1920		-9		
3097	6.1940		-8		
3098	6.1960		-8		
3099	6.1980		-8		
3100	6.2000		-8		
3101	6.2020		-7		
3102	6.2040		-7		
3103	6.2060		-6		
3104	6.2080		-6		
3105	6.2100		-6		
3106	6.2120		-6		
3107	6.2140		-5		
3108	6.2160		-5		
3109	6.2180		-5		
3110	6.2200		-4		
3111	6.2220		-4		
3112	6.2240		-4		
3113	6.2260		-4		
3114	6.2280		-3		
3115	6.2300		-3		
3116	6.2320		-2		
3117	6.2340		-2		
3118	6.2360		-2		
3119	6.2380		-2		
3120	6.2400		-1		
3121	6.2420		-1		
3122	6.2440		0		
3123	6.2460		0		
3124	6.2480		0		
3125	6.2500		0		
3126	6.2520		1		
3127	6.2540		1		
3128	6.2560		2		
3129	6.2580		2		
3130	6.2600		2		
3131	6.2620		2		
3132	6.2640		3		
3133	6.2660		3		
3134	6.2680		3		
3135	6.2700		4		
3136	6.2720		4		
3137	6.2740		4		
3138	6.2760		4		
3139	6.2780		5		
3140	6.2800		5		
3141	6.2820		6		
3142	6.2840		6		
3143	6.2860		6		
3144	6.2880		6		
3145	6.2900		7		
3146	6.2920		7		
3147	6.2940		7		
3148	6.2960		8		
3149	6.2980		8		
3150	6.3000		8		
3151	6.3020		9		
3152	6.3040		9		
3153	6.3060		9		
3154	6.3080		10		
3155	6.3100		10		
3156	6.3120		10		
3157	6.3140		10		
3158	6.3160		11		
3159	6.3180		11		
3160	6.3200		11		
3161	6.3220		12		
3162	6.3240		12		
3163	6.3260		12		
3164	6.3280		12		
3165	6.3300		13		
3166	6.3320		13		
3167	6.3340		13		
3168	6.3360		14		
3169	6.3380		14		
3170	6.3400		14		
3171	6.3420		14		
3172	6.3440		14		
3173	6.3460		15		
3174	6.3480		15		
3175	6.3500		15		
3176	6.3520		16		
3177	6.3540		16		
3178	6.3560		16		
3179	6.3580		16		
3180	6.3600		16		
3181	6.3620		17		
3182	6.3640		17		
3183	6.3660		17		
3184	6.3680		18		
3185	6.3700		18		
3186	6.3720		18		
3187	6.3740		18		
3188	6.3760		18		
3189	6.3780		18		
3190	6.3800		19		
3191	6.3820		19		
3192	6.3840		19		
3193	6.3860		20		
3194	6.3880		20		
3195	6.3900		20		
3196	6.3920		20		
3197	6.3940		20		
3198	6.3960		20		
3199	6.3980		20		
3200	6.4000		21		
3201	6.4020		21		
3202	6.4040		21		
3203	6.4060		21		
3204	6.4080		22		
3205	6.4100		22		
3206	6.4120		22		
3207	6.4140		22		
3208	6.4160		22		
3209	6.4180		22		
3210	6.4200		22		
3211	6.4220		22		
3212	6.4240		23		
3213	6.4260		23		
3214	6.4280		23		
3215	6.4300		23		
3216	6.4320		23		
3217	6.4340		23		
3218	6.4360		24		
3219	6.4380		24		
3220	6.4400		24		
3221	6.4420		24		
3222	6.4440		24		
3223	6.4460		24		
3224	6.4480		24		
3225	6.4500		24		
3226	6.4520		24		
3227	6.4540		24		
3228	6.4560		24		
3229	6.4580		24		
3230	6.4600		24		
3231	6.4620		25		
3232	6.4640		25		
3233	6.4660		25		
3234	6.4680		25		
3235	6.4700		25		
3236	6.4720		25		
3237	6.4740		25		
3238	6.4760		25		
3239	6.4780		25		
3240	6.4800		25		
3241	6.4820		25		
3242	6.4840		25		
3243	6.4860		25		
3244	6.4880		25		
3245	6.4900		25		
3246	6.4920		25		
3247	6.4940		25		
3248	6.4960		25		
3249	6.4980		25		
3250	6.5000		25		
3251	6.5020		25		
3252	6.5040		25		
3253	6.5060		25		
3254	6.5080		25		
3255	6.5100		25		
3256	6.5120		25		
3257	6.5140		25		
3258	6.5160		25		
3259	6.5180		25		
3260	6.5200		25		
3261	6.5220		25		
3262	6.5240		25		
3263	6.5260		25		
3264	6.5280		25		
3265	6.5300		25		
3266	6.5320		25		
3267	6.5340		25		
3268	6.5360		25		
3269	6.5380		25		
3270	6.5400		24		
3271	6.5420		24		
3272	6.5440		24		
3273	6.5460		24		
3274	6.5480		24		
3275	6.5500		24		
3276	6.5520		24		
3277	6.5540		24		
3278	6.5560		24		
3279	6.5580		24		
3280	6.5600		24		
3281	6.5620		24		
3282	6.5640		24		
3283	6.5660		23		
3284	6.5680		23		
3285	6.5700		23		
3286	6.5720		23		
3287	6.5740		23		
3288	6.5760		23		
3289	6.5780		22		
3290	6.5800		22		
3291	6.5820		22		
3292	6.5840		22		
3293	6.5860		22		
3294	6.5880		22		
3295	6.5900		22		
3296	6.5920		22		
3297	6.5940		21		
3298	6.5960		21		
3299	6.5980		21		
3300	6.6000		21		
3301	6.6020		20		
3302	6.6040		20		
3303	6.6060		20		
3304	6.6080		20		
3305	6.6100		20		
3306	6.6120		20		
3307	6.6140		20		
3308	6.6160		19		
3309	6.6180		19		
3310	6.6200		19		
3311	6.6220		19		
3312	6.6240		18		
3313	6.6260		18		
3314	6.6280		18		
3315	6.6300		18		
3316	6.6320		18		
3317	6.6340		18		
3318	6.6360		17		
3319	6.6380		17		
3320	6.6400		17		
3321	6.6420		16		
3322	6.6440		16		
3323	6.6460		16		
3324	6.6480		16		
3325	6.6500		16		
3326	6.6520		15		
3327	6.6540		15		
3328	6.6560		15		
3329	6.6580		14		
3330	6.6600		14		
3331	6.6620		14		
3332	6.6640		14		
3333	6.6660		14		
3334	6.6680		14		
3335	6.6700		13		
3336	6.6720		13		
3337	6.6740		12		
3338	6.6760		12		
3339	6.6780		12		
3340	6.6800		12		
3341	6.6820		12		
3342	6.6840		11		
3343	6.6860		11		
3344	6.6880		11		
3345	6.6900		10		
3346	6.6920		10		
3347	6.6940		10		
3348	6.6960		10		
3349	6.6980		10		
3350	6.7000		9		
3351	6.7020		9		
3352	6.7040		8		
3353	6.7060		8		
3354	6.7080		8		
3355	6.7100		8		
3356	6.7120		7		
3357	6.7140		7		
3358	6.7160		7		
3359	6.7180		6		
3360	6.7200		6		
3361	6.7220		6		
3362	6.7240		6		
3363	6.7260		5		
3364	6.7280		5		
3365	6.7300		5		
3366	6.7320		4		
3367	6.7340		4		
3368	6.7360		4		
3369	6.7380		4		
3370	6.7400		3		
3371	6.7420		3		
3372	6.7440		3		
3373	6.7460		2		
3374	6.7480		2		
3375	6.7500		2		
3376	6.7520		2		
3377	6.7540		1		
3378	6.7560		1		
3379	6.7580		0		
3380	6.7600		0		
3381	6.7620		0		
3382	6.7640		0		
3383	6.7660		0		
3384	6.7680		-1		
3385	6.7700		-1		
3386	6.7720		-2		
3387	6.7740		-2		
3388	6.7760		-2		
3389	6.7780		-2		
3390	6.7800		-2		
3391	6.7820		-3		
3392	6.7840		-3		
3393	6.7860		-4		
3394	6.7880		-4		
3395	6.7900		-4		
3396	6.7920		-4		
3397	6.7940		-4		
3398	6.7960		-5		
3399	6.7980		-5		
3400	6.8000		-6		
3401	6.8020		-6		
3402	6.8040		-6		
3403	6.8060		-6		
3404	6.8080		-7		
3405	6.8100		-7		
3406	6.8120		-7		
3407	6.8140		-8		
3408	6.8160		-8		
3409	6.8180		-8		
3410	6.8200		-8		
3411	6.8220		-8		
3412	6.8240		-9		
3413	6.8260		-9		
3414	6.8280		-9		
3415	6.8300		-10		
3416	6.8320		-10		
3417	6.8340		-10		
3418	6.8360		-10		
3419	6.8380		-10		
3420	6.8400		-11		
3421	6.8420		-11		
3422	6.8440		-11		
3423	6.8460		-12		
3424	6.8480		-12		
3425	6.8500		-12		
3426	6.8520		-12		
3427	6.8540		-12		
3428	6.8560		-13		
3429	6.8580		-13		
3430	6.8600		-13		
3431	6.8620		-14		
3432	6.8640		-14		
3433	6.8660		-14		
3434	6.8680		-14		
3435	6.8700		-14		
3436	6.8720		-14		
3437	6.8740		-15		
3438	6.8760		-15		
3439	6.8780		-15		
3440	6.8800		-16		
3441	6.8820		-16		
3442	6.8840		-16		
3443	6.8860		-16		
3444	6.8880		-16		
3445	6.8900		-16		
3446	6.8920		-16		
3447	6.8940		-17		
3448	6.8960		-17		
3449	6.8980		-17		
3450	6.9000		-17		
3451	6.9020		-18		
3452	6.9040		-18		
3453	6.9060		-18		
3454	6.9080		-18		
3455	6.9100		-18		
3456	6.9120		-18		
3457	6.9140		-19		
3458	6.9160		-19		
3459	6.9180		-19		
3460	6.9200		-19		
3461	6.9220		-19		
3462	6.9240		-20		
3463	6.9260		-20		
3464	6.9280		-20		
3465	6.9300		-20		
3466	6.9320		-20		
3467	6.9340		-20		
3468	6.9360		-20		
3469	6.9380		-20		
3470	6.9400		-20		
3471	6.9420		-20		
3472	6.9440		-21		
3473	6.9460		-21		
3474	6.9480		-21		
3475	6.9500		-21		
3476	6.9520		-21		
3477	6.9540		-21		
3478	6.9560		-21		
3479	6.9580		-22		
3480	6.9600		-22		
3481	6.9620		-22		
3482	6.9640		-22		
3483	6.9660		-22		
3484	6.9680		-22		
3485	6.9700		-22		
3486	6.9720		-22		
3487	6.9740		-22		
3488	6.9760		-22		
3489	6.9780		-22		
3490	6.9800		-22		
3491	6.9820		-22		
3492	6.9840		-22		
3493	6.9860		-22		
3494	6.9880		-22		
3495	6.9900		-22		
3496	6.9920		-22		
3497	6.9940		-22		
3498	6.9960		-22		
3499	6.9980		-22		
3500	7.0000		-22		
3501	7.0020		-22		
3502	7.0040		-22		
3503	7.0060		-22		
3504	7.0080		-22		
3505	7.0100		-22		
3506	7.0120		-22		
3507	7.0140		-22		
3508	7.0160		-22		
3509	7.0180		-22		
3510	7.0200		-22		
3511	7.0220		-22		
3512	7.0240		-22		
3513	7.0260		-22		
3514	7.0280		-22		
3515	7.0300		-22		
3516	7.0320		-22		
3517	7.0340		-22		
3518	7.0360		-22		
3519	7.0380		-22		
3520	7.0400		-22		
3521	7.0420		-22		
3522	7.0440		-22		
3523	7.0460		-22		
3524	7.0480		-22		
3525	7.0500		-22		
3526	7.0520		-22		
3527	7.0540		-22		
3528	7.0560		-22		
3529	7.0580		-22		
3530	7.0600		-22		
3531	7.0620		-22		
3532	7.0640		-22		
3533	7.0660		-21		
3534	7.0680		-21		
3535	7.0700		-21		
3536	7.0720		-21		
3537	7.0740		-21		
3538	7.0760		-21		
3539	7.0780		-21		
3540	7.0800		-20		
3541	7.0820		-20		
3542	7.0840		-20		
3543	7.0860		-20		
3544	7.0880		-20		
3545	7.0900		-20		
3546	7.0920		-20		
3547	7.0940		-20		
3548	7.0960		-20		
3549	7.0980		-20		
3550	7.1000		-19		
3551	7.1020		-19		
3552	7.1040		-19		
3553	7.1060		-19		
3554	7.1080		-18		
3555	7.1100		-18		
3556	7.1120		-18		
3557	7.1140		-18		
3558	7.1160		-18		
3559	7.1180		-18		
3560	7.1200		-18		
3561	7.1220		-18		
3562	7.1240		-17		
3563	7.1260		-17		
3564	7.1280		-17		
3565	7.1300		-17		
3566	7.1320		-16		
3567	7.1340		-16		
3568	7.1360		-16		
3569	7.1380		-16		
3570	7.1400		-16		
3571	7.1420		-16		
3572	7.1440		-16		
3573	7.1460		-15		
3574	7.1480		-15		
3575	7.1500		-15		
3576	7.1520		-14		
3577	7.1540		-14		
3578	7.1560		-14		
3579	7.1580		-14		
3580	7.1600		-14		
3581	7.1620		-14		
3582	7.1640		-13		
3583	7.1660		-13		
3584	7.1680		-13		
3585	7.1700		-13		
3586	7.1720		-12		
3587	7.1740		-12		
3588	7.1760		-12		
3589	7.1780		-12		
3590	7.1800		-12		
3591	7.1820		-11		
3592	7.1840		-11		
3593	7.1860		-11		
3594	7.1880		-10		
3595	7.1900		-10		
3596	7.1920		-10		
3597	7.1940		-10		
3598	7.1960		-10		
3599	7.1980		-10		
3600	7.2000		-9		
3601	7.2020		-9		
3602	7.2040		-8		
3603	7.2060		-8		
3604	7.2080		-8		
3605	7.2100		-8		
3606	7.2120		-8		
3607	7.2140		-7		
3608	7.2160		-7		
3609	7.2180		-7		
3610	7.2200		-6		
3611	7.2220		-6		
3612	7.2240		-6		
3613	7.2260		-6		
3614	7.2280		-6		
3615	7.2300		-5		
3616	7.2320		-5		
3617	7.2340		-5		
3618	7.2360		-4		
3619	7.2380		-4		
3620	7.2400		-4		
3621	7.2420		-4		
3622	7.2440		-3		
3623	7.2460		-3		
3624	7.2480		-3		
3625	7.2500		-2		
3626	7.2520		-2		
3627	7.2540		-2		
3628	7.2560		-2		
3629	7.2580		-2		
3630	7.2600		-1		
3631	7.2620		-1		
3632	7.2640		-1		
3633	7.2660		0		
3634	7.2680		0		
3635	7.2700		0		
3636	7.2720		0		
3637	7.2740		0		
3638	7.2760		1		
3639	7.2780		1		
3640	7.2800		2		
3641	7.2820		2		
3642	7.2840		2		
3643	7.2860		2		
3644	7.2880		2		
3645	7.2900		3		
3646	7.2920		3		
3647	7.2940		3		
3648	7.2960		4		
3649	7.2980		4		
3650	7.3000		4		
3651	7.3020		4		
3652	7.3040		5		
3653	7.3060		5		
3654	7.3080		5		
3655	7.3100		6		
3656	7.3120		6		
3657	7.3140		6		
3658	7.3160		6		
3659	7.3180		6		
3660	7.3200		7		
3661	7.3220		7		
3662	7.3240		7		
3663	7.3260		8		
3664	7.3280		8		
3665	7.3300		8		
3666	7.3320		8		
3667	7.3340		8		
3668	7.3360		9		
3669	7.3380		9		
3670	7.3400		9		
3671	7.3420		10		
3672	7.3440		10		
3673	7.3460		10		
3674	7.3480		10		
3675	7.3500		10		
3676	7.3520		10		
3677	7.3540		11		
3678	7.3560		11		
3679	7.3580		11		
3680	7.3600		12		
3681	7.3620		12		
3682	7.3640		12		
3683	7.3660		12		
3684	7.3680		12		
3685	7.3700		12		
3686	7.3720		13		
3687	7.3740		13		
3688	7.3760		13		
3689	7.3780		13		
3690	7.3800		14		
3691	7.3820		14		
3692	7.3840		14		
3693	7.3860		14		
3694	7.3880		14		
3695	7.3900		14		
3696	7.3920		15		
3697	7.3940		15		
3698	7.3960		15		
3699	7.3980		15		
3700	7.4000		16		
3701	7.4020		16		
3702	7.4040		16		
3703	7.4060		16		
3704	7.4080		16		
3705	7.4100		16		
3706	7.4120		16		
3707	7.4140		16		
3708	7.4160		17		
3709	7.4180		17		
3710	7.4200		17		
3711	7.4220		17		
3712	7.4240		18		
3713	7.4260		18		
3714	7.4280		18		
3715	7.4300		18		
3716	7.4320		18		
3717	7.4340		18		
3718	7.4360		18		
3719	7.4380		18		
3720	7.4400		18		
3721	7.4420		18		
3722	7.4440		19		
3723	7.4460		19		
3724	7.4480		19		
3725	7.4500		19		
3726	7.4520		19		
3727	7.4540		19		
3728	7.4560		20		
3729	7.4580		20		
3730	7.4600		20		
3731	7.4620		20		
3732	7.4640		20		
3733	7.4660		20		
3734	7.4680		20		
3735	7.4700		20		
3736	7.4720		20		
3737	7.4740		20		
3738	7.4760		20		
3739	7.4780		20		
3740	7.4800		20		
3741	7.4820		20		
3742	7.4840		20		
3743	7.4860		20		
3744	7.4880		20		
3745	7.4900		20		
3746	7.4920		21		
3747	7.4940		21		
3748	7.4960		21		
3749	7.4980		21		
3750	7.5000		21		
3751	7.5020		21		
3752	7.5040		21		
3753	7.5060		21		
3754	7.5080		21		
3755	7.5100		21		
3756	7.5120		21		
3757	7.5140		21		
3758	7.5160		21		
3759	7.5180		21		
3760	7.5200		21		
3761	7.5220		21		
3762	7.5240		21		
3763	7.5260		21		
3764	7.5280		21		
3765	7.5300		21		
3766	7.5320		21		
3767	7.5340		21		
3768	7.5360		21		
3769	7.5380		21		
3770	7.5400		21		
3771	7.5420		21		
3772	7.5440		21		
3773	7.5460		21		
3774	7.5480		21		
3775	7.5500		21		
3776	7.5520		21		
3777	7.5540		20		
3778	7.5560		20		
3779	7.5580		20		
3780	7.5600		20		
3781	7.5620		20		
3782	7.5640		20		
3783	7.5660		20		
3784	7.5680		20		
3785	7.5700		20		
3786	7.5720		20		
3787	7.5740		20		
3788	7.5760		20		
3789	7.5780		20		
3790	7.5800		20		
3791	7.5820		20		
3792	7.5840		20		
3793	7.5860		20		
3794	7.5880		20		
3795	7.5900		19		
3796	7.5920		19		
3797	7.5940		19		
3798	7.5960		19		
3799	7.5980		19		
3800	7.6000		19		
3801	7.6020		18		
3802	7.6040		18		
3803	7.6060		18		
3804	7.6080		18		
3805	7.6100		18		
3806	7.6120		18		
3807	7.6140		18		
3808	7.6160		18		
3809	7.6180		18		
3810	7.6200		18		
3811	7.6220		17		
3812	7.6240		17		
3813	7.6260		17		
3814	7.6280		17		
3815	7.6300		17		
3816	7.6320		16		
3817	7.6340		16		
3818	7.6360		16		
3819	7.6380		16		
3820	7.6400		16		
3821	7.6420		16		
3822	7.6440		16		
3823	7.6460		16		
3824	7.6480		15		
3825	7.6500		15		
3826	7.6520		15		
3827	7.6540		15		
3828	7.6560		14		
3829	7.6580		14		
3830	7.6600		14		
3831	7.6620		14		
3832	7.6640		14		
3833	7.6660		14		
3834	7.6680		14		
3835	7.6700		13		
3836	7.6720		13		
3837	7.6740		13		
3838	7.6760		12		
3839	7.6780		12		
3840	7.6800		12		
3841	7.6820		12		
3842	7.6840		12		
3843	7.6860		12		
3844	7.6880		12		
3845	7.6900		11		
3846	7.6920		11		
3847	7.6940		11		
3848	7.6960		10		
3849	7.6980		10		
3850	7.7000		10		
3851	7.7020		10		
3852	7.7040		10		
3853	7.7060		9		
3854	7.7080		9		
3855	7.7100		9		
3856	7.7120		9		
3857	7.7140		8		
3858	7.7160		8		
3859	7.7180		8		
3860	7.7200		8		
3861	7.7220		8		
3862	7.7240		7		
3863	7.7260		7		
3864	7.7280		7		
3865	7.7300		6		
3866	7.7320		6		
3867	7.7340		6		
3868	7.7360		6		
3869	7.7380		6		
3870	7.7400		6		
3871	7.7420		5		
3872	7.7440		5		
3873	7.7460		5		
3874	7.7480		4		
3875	7.7500		4		
3876	7.7520		4		
3877	7.7540		4		
3878	7.7560		4		
3879	7.7580		3		
3880	7.7600		3		
3881	7.7620		3		
3882	7.7640		2		
3883	7.7660		2		
3884	7.7680		2		
3885	7.7700		2		
3886	7.7720		2		
3887	7.7740		1		
3888	7.7760		1		
3889	7.7780		1		
3890	7.7800		0		
3891	7.7820		0		
3892	7.7840		0		
3893	7.7860		0		
3894	7.7880		0		
3895	7.7900		0		
3896	7.7920		-1		
3897	7.7940		-1		
3898	7.7960		-1		
3899	7.7980		-2		
3900	7.8000		-2		
3901	7.8020		-2		
3902	7.8040		-2		
3903	7.8060		-3		
3904	7.8080		-3		
3905	7.8100		-3		
3906	7.8120		-4		
3907	7.8140		-4		
3908	7.8160		-4		
3909	7.8180		-4		
3910	7.8200		-4		
3911	7.8220		-4		
3912	7.8240		-5		
3913	7.8260		-5		
3914	7.8280		-5		
3915	7.8300		-6		
3916	7.8320		-6		
3917	7.8340		-6		
3918	7.8360		-6		
3919	7.8380		-6		
3920	7.8400		-6		
3921	7.8420		-7		
3922	7.8440		-7		
3923	7.8460		-7		
3924	7.8480		-8		
3925	7.8500		-8		
3926	7.8520		-8		
3927	7.8540		-8		
3928	7.8560		-8		
3929	7.8580		-8		
3930	7.8600		-9		
3931	7.8620		-9		
3932	7.8640		-9		
3933	7.8660		-9		
3934	7.8680		-10		
3935	7.8700		-10		
3936	7.8720		-10		
3937	7.8740		-10		
3938	7.8760		-10		
3939	7.8780		-10		
3940	7.8800		-11		
3941	7.8820		-11		
3942	7.8840		-11		
3943	7.8860		-11		
3944	7.8880		-12		
3945	7.8900		-12		
3946	7.8920		-12		
3947	7.8940		-12		
3948	7.8960		-12		
3949	7.8980		-12		
3950	7.9000		-12		
3951	7.9020		-13		
3952	7.9040		-13		
3953	7.9060		-13		
3954	7.9080		-13		
3955	7.9100		-14		
3956	7.9120		-14		
3957	7.9140		-14		
3958	7.9160		-14		
3959	7.9180		-14		
3960	7.9200		-14		
3961	7.9220		-14		
3962	7.9240		-14		
3963	7.9260		-15		
3964	7.9280		-15		
3965	7.9300		-15		
3966	7.9320		-15		
3967	7.9340		-15		
3968	7.9360		-16		
3969	7.9380		-16		
3970	7.9400		-16		
3971	7.9420		-16		
3972	7.9440		-16		
3973	7.9460		-16		
3974	7.9480		-16		
3975	7.9500		-16		
3976	7.9520		-16		
3977	7.9540		-16		
3978	7.9560		-16		
3979	7.9580		-17		
3980	7.9600		-17		
3981	7.9620		-17		
3982	7.9640		-17		
3983	7.9660		-17		
3984	7.9680		-17		
3985	7.9700		-17		
3986	7.9720		-18		
3987	7.9740		-18		
3988	7.9760		-18		
3989	7.9780		-18		
3990	7.9800		-18		
3991	7.9820		-18		
3992	7.9840		-18		
3993	7.9860		-18		
3994	7.9880		-18		
3995	7.9900		-18		
3996	7.9920		-18		
3997	7.9940		-18		
3998	7.9960		-18		
3999	7.9980		-18		
4000	8.0000		-18		
4001	8.0020		-18		
4002	8.0040		-18		
4003	8.0060		-18		
4004	8.0080		-18		
4005	8.0100		-18		
4006	8.0120		-18		
4007	8.0140		-18		
4008	8.0160		-18		
4009	8.0180		-19		
4010	8.0200		-19		
4011	8.0220		-19		
4012	8.0240		-19		
4013	8.0260		-19		
4014	8.0280		-19		
4015	8.0300		-19		
4016	8.0320		-19		
4017	8.0340		-19		
4018	8.0360		-19		
4019	8.0380		-19		
4020	8.0400		-19		
4021	8.0420		-19		
4022	8.0440		-19		
4023	8.0460		-19		
4024	8.0480		-19		
4025	8.0500		-19		
4026	8.0520		-19		
4027	8.0540		-18		
4028	8.0560		-18		
4029	8.0580		-18		
4030	8.0600		-18		
4031	8.0620		-18		
4032	8.0640		-18		
4033	8.0660		-18		
4034	8.0680		-18		
4035	8.0700		-18		
4036	8.0720		-18		
4037	8.0740		-18		
4038	8.0760		-18		
4039	8.0780		-18		
4040	8.0800		-18		
4041	8.0820		-18		
4042	8.0840		-18		
4043	8.0860		-18		
4044	8.0880		-18		
4045	8.0900		-18		
4046	8.0920		-18		
4047	8.0940		-18		
4048	8.0960		-18		
4049	8.0980		-17		
4050	8.1000		-17		
4051	8.1020		-17		
4052	8.1040		-17		
4053	8.1060		-17		
4054	8.1080		-17		
4055	8.1100		-17		
4056	8.1120		-16		
4057	8.1140		-16		
4058	8.1160		-16		
4059	8.1180		-16		
4060	8.1200		-16		
4061	8.1220		-16		
4062	8.1240		-16		
4063	8.1260		-16		
4064	8.1280		-16		
4065	8.1300		-16		
4066	8.1320		-16		
4067	8.1340		-15		
4068	8.1360		-15		
4069	8.1380		-15		
4070	8.1400		-15		
4071	8.1420		-15		
4072	8.1440		-14		
4073	8.1460		-14		
4074	8.1480		-14		
4075	8.1500		-14		
4076	8.1520		-14		
4077	8.1540		-14		
4078	8.1560		-14		
4079	8.1580		-14		
4080	8.1600		-13		
4081	8.1620		-13		
4082	8.1640		-13		
4083	8.1660		-13		
4084	8.1680		-13		
4085	8.1700		-12		
4086	8.1720		-12		
4087	8.1740		-12		
4088	8.1760		-12		
4089	8.1780		-12		
4090	8.1800		-12		
4091	8.1820		-12		
4092	8.1840		-11		
4093	8.1860		-11		
4094	8.1880		-11		
4095	8.1900		-11		
4096	8.1920		-10		
4097	8.1940		-10		
4098	8.1960		-10		
4099	8.1980		-10		
4100	8.2000		-10		
4101	8.2020		-10		
4102	8.2040		-9		
4103	8.2060		-9		
4104	8.2080		-9		
4105	8.2100		-9		
4106	8.2120		-8		
4107	8.2140		-8		
4108	8.2160		-8		
4109	8.2180		-8		
4110	8.2200		-8		
4111	8.2220		-8		
4112	8.2240		-7		
4113	8.2260		-7		
4114	8.2280		-7		
4115	8.2300		-7		
4116	8.2320		-6		
4117	8.2340		-6		
4118	8.2360		-6		
4119	8.2380		-6		
4120	8.2400		-6		
4121	8.2420		-6		
4122	8.2440		-5		
4123	8.2460		-5		
4124	8.2480		-5		
4125	8.2500		-4		
4126	8.2520		-4		
4127	8.2540		-4		
4128	8.2560		-4		
4129	8.2580		-4		
4130	8.2600		-4		
4131	8.2620		-3		
4132	8.2640		-3		
4133	8.2660		-3		
4134	8.2680		-2		
4135	8.2700		-2		
4136	8.2720		-2		
4137	8.2740		-2		
4138	8.2760		-2		
4139	8.2780		-2		
4140	8.2800		-1		
4141	8.2820		-1		
4142	8.2840		-1		
4143	8.2860		0		
4144	8.2880		0		
4145	8.2900		0		
4146	8.2920		0		
4147	8.2940		0		
4148	8.2960		0		
4149	8.2980		1		
4150	8.3000		1		
4151	8.3020		1		
4152	8.3040		2		
4153	8.3060		2		
4154	8.3080		2		
4155	8.3100		2		
4156	8.3120		2		
4157	8.3140		2		
4158	8.3160		3		
4159	8.3180		3		
4160	8.3200		3		
4161	8.3220		4		
4162	8.3240		4		
4163	8.3260		4		
4164	8.3280		4		
4165	8.3300		4		
4166	8.3320		4		
4167	8.3340		5		
4168	8.3360		5		
4169	8.3380		5		
4170	8.3400		5		
4171	8.3420		6		
4172	8.3440		6		
4173	8.3460		6		
4174	8.3480		6		
4175	8.3500		6		
4176	8.3520		6		
4177	8.3540		7		
4178	8.3560		7		
4179	8.3580		7		
4180	8.3600		8		
4181	8.3620		8		
4182	8.3640		8		
4183	8.3660		8		
4184	8.3680		8		
4185	8.3700		8		
4186	8.3720		8		
4187	8.3740		9		
4188	8.3760		9		
4189	8.3780		9		
4190	8.3800		9		
4191	8.3820		10		
4192	8.3840		10		
4193	8.3860		10		
4194	8.3880		10		
4195	8.3900		10		
4196	8.3920		10		
4197	8.3940		10		
4198	8.3960		11		
4199	8.3980		11		
4200	8.4000		11		
4201	8.4020		11		
4202	8.4040		12		
4203	8.4060		12		
4204	8.4080		12		
4205	8.4100		12		
4206	8.4120		12		
4207	8.4140		12		
4208	8.4160		12		
4209	8.4180		12		
4210	8.4200		13		
4211	8.4220		13		
4212	8.4240		13		
4213	8.4260		13		
4214	8.4280		13		
4215	8.4300		14		
4216	8.4320		14		
4217	8.4340		14		
4218	8.4360		14		
4219	8.4380		14		
4220	8.4400		14		
4221	8.4420		14		
4222	8.4440		14		
4223	8.4460		14		
4224	8.4480		14		
4225	8.4500		15		
4226	8.4520		15		
4227	8.4540		15		
4228	8.4560		15		
4229	8.4580		15		
4230	8.4600		15		
4231	8.4620		16		
4232	8.4640		16		
4233	8.4660		16		
4234	8.4680		16		
4235	8.4700		16		
4236	8.4720		16		
4237	8.4740		16		
4238	8.4760		16		
4239	8.4780		16		
4240	8.4800		16		
4241	8.4820		16		
4242	8.4840		16		
4243	8.4860		16		
4244	8.4880		16		
4245	8.4900		16		
4246	8.4920		17		
4247	8.4940		17		
4248	8.4960		17		
4249	8.4980		17		
4250	8.5000		17		
4251	8.5020		17		
4252	8.5040		17		
4253	8.5060		17		
4254	8.5080		17		
4255	8.5100		17		
4256	8.5120		17		
4257	8.5140		17		
4258	8.5160		17		
4259	8.5180		17		
4260	8.5200		18		
4261	8.5220		18		
4262	8.5240		18		
4263	8.5260		18		
4264	8.5280		18		
4265	8.5300		18		
4266	8.5320		18		
4267	8.5340		18		
4268	8.5360		18		
4269	8.5380		18		
4270	8.5400		18		
4271	8.5420		18		
4272	8.5440		18		
4273	8.5460		18		
4274	8.5480		18		
4275	8.5500		18		
4276	8.5520		18		
4277	8.5540		18		
4278	8.5560		18		
4279	8.5580		18		
4280	8.5600		18		
4281	8.5620		18		
4282	8.5640		18		
4283	8.5660		18		
4284	8.5680		18		
4285	8.5700		18		
4286	8.5720		17		
4287	8.5740		17		
4288	8.5760		17		
4289	8.5780		17		
4290	8.5800		17		
4291	8.5820		17		
4292	8.5840		17		
4293	8.5860		17		
4294	8.5880		17		
4295	8.5900		17		
4296	8.5920		17		
4297	8.5940		17		
4298	8.5960		17		
4299	8.5980		17		
4300	8.6000		16		
4301	8.6020		16		
4302	8.6040		16		
4303	8.6060		16		
4304	8.6080		16		
4305	8.6100		16		
4306	8.6120		16		
4307	8.6140		16		
4308	8.6160		16		
4309	8.6180		16		
4310	8.6200		16		
4311	8.6220		16		
4312	8.6240		16		
4313	8.6260		16		
4314	8.6280		16		
4315	8.6300		15		
4316	8.6320		15		
4317	8.6340		15		
4318	8.6360		15		
4319	8.6380		15		
4320	8.6400		15		
4321	8.6420		15		
4322	8.6440		14		
4323	8.6460		14		
4324	8.6480		14		
4325	8.6500		14		
4326	8.6520		14		
4327	8.6540		14		
4328	8.6560		14		
4329	8.6580		14		
4330	8.6600		14		
4331	8.6620		14		
4332	8.6640		13		
4333	8.6660		13		
4334	8.6680		13		
4335	8.6700		13		
4336	8.6720		13		
4337	8.6740		12		
4338	8.6760		12		
4339	8.6780		12		
4340	8.6800		12		
4341	8.6820		12		
4342	8.6840		12		
4343	8.6860		12		
4344	8.6880		12		
4345	8.6900		11		
4346	8.6920		11		
4347	8.6940		11		
4348	8.6960		11		
4349	8.6980		10		
4350	8.7000		10		
4351	8.7020		10		
4352	8.7040		10		
4353	8.7060		10		
4354	8.7080		10		
4355	8.7100		10		
4356	8.7120		10		
4357	8.7140		9		
4358	8.7160		9		
4359	8.7180		9		
4360	8.7200		9		
4361	8.7220		8		
4362	8.7240		8		
4363	8.7260		8		
4364	8.7280		8		
4365	8.7300		8		
4366	8.7320		8		
4367	8.7340		8		
4368	8.7360		7		
4369	8.7380		7		
4370	8.7400		7		
4371	8.7420		6		
4372	8.7440		6		
4373	8.7460		6		
4374	8.7480		6		
4375	8.7500		6		
4376	8.7520		6		
4377	8.7540		6		
4378	8.7560		5		
4379	8.7580		5		
4380	8.7600		5		
4381	8.7620		5		
4382	8.7640		4		
4383	8.7660		4		
4384	8.7680		4		
4385	8.7700		4		
4386	8.7720		4		
4387	8.7740		4		
4388	8.7760		3		
4389	8.7780		3		
4390	8.7800		3		
4391	8.7820		3		
4392	8.7840		2		
4393	8.7860		2		
4394	8.7880		2		
4395	8.7900		2		
4396	8.7920		2		
4397	8.7940		2		
4398	8.7960		1		
4399	8.7980		1		
4400	8.8000		1		
4401	8.8020		0		
4402	8.8040		0		
4403	8.8060		0		
4404	8.8080		0		
4405	8.8100		0		
4406	8.8120		0		
4407	8.8140		-1		
4408	8.8160		-1		
4409	8.8180		-1		
4410	8.8200		-1		
4411	8.8220		-2		
4412	8.8240		-2		
4413	8.8260		-2		
4414	8.8280		-2		
4415	8.8300		-2		
4416	8.8320		-2		
4417	8.8340		-3		
4418	8.8360		-3		
4419	8.8380		-3		
4420	8.8400		-3		
4421	8.8420		-4		
4422	8.8440		-4		
4423	8.8460		-4		
4424	8.8480		-4		
4425	8.8500		-4		
4426	8.8520		-4		
4427	8.8540		-4		
4428	8.8560		-5		
4429	8.8580		-5		
4430	8.8600		-5		
4431	8.8620		-5		
4432	8.8640		-6		
4433	8.8660		-6		
4434	8.8680		-6		
4435	8.8700		-6		
4436	8.8720		-6		
4437	8.8740		-6		
4438	8.8760		-7		
4439	8.8780		-7		
4440	8.8800		-7		
4441	8.8820		-7		
4442	8.8840		-7		
4443	8.8860		-8		
4444	8.8880		-8		
4445	8.8900		-8		
4446	8.8920		-8		
4447	8.8940		-8		
4448	8.8960		-8		
4449	8.8980		-8		
4450	8.9000		-8		
4451	8.9020		-9		
4452	8.9040		-9		
4453	8.9060		-9		
4454	8.9080		-10		
4455	8.9100		-10		
4456	8.9120		-10		
4457	8.9140		-10		
4458	8.9160		-10		
4459	8.9180		-10		
4460	8.9200		-10		
4461	8.9220		-10		
4462	8.9240		-10		
4463	8.9260		-11		
4464	8.9280		-11		
4465	8.9300		-11		
4466	8.9320		-11		
4467	8.9340		-11		
4468	8.9360		-12		
4469	8.9380		-12		
4470	8.9400		-12		
4471	8.9420		-12		
4472	8.9440		-12		
4473	8.9460		-12		
4474	8.9480		-12		
4475	8.9500		-12		
4476	8.9520		-12		
4477	8.9540		-12		
4478	8.9560		-13		
4479	8.9580		-13		
4480	8.9600		-13		
4481	8.9620		-13		
4482	8.9640		-13		
4483	8.9660		-13		
4484	8.9680		-13		
4485	8.9700		-14		
4486	8.9720		-14		
4487	8.9740		-14		
4488	8.9760		-14		
4489	8.9780		-14		
4490	8.9800		-14		
4491	8.9820		-14		
4492	8.9840		-14		
4493	8.9860		-14		
4494	8.9880		-14		
4495	8.9900		-14		
4496	8.9920		-14		
4497	8.9940		-14		
4498	8.9960		-14		
4499	8.9980		-14		
4500	9.0000		-14		
4501	9.0020		-15		
4502	9.0040		-15		
4503	9.0060		-15		
4504	9.0080		-15		
4505	9.0100		-15		
4506	9.0120		-15		
4507	9.0140		-15		
4508	9.0160		-15		
4509	9.0180		-15		
4510	9.0200		-15		
4511	9.0220		-15		
4512	9.0240		-15		
4513	9.0260		-15		
4514	9.0280		-15		
4515	9.0300		-16		
4516	9.0320		-16		
4517	9.0340		-16		
4518	9.0360		-16		
4519	9.0380		-16		
4520	9.0400		-16		
4521	9.0420		-16		
4522	9.0440		-16		
4523	9.0460		-16		
4524	9.0480		-16		
4525	9.0500		-16		
4526	9.0520		-16		
4527	9.0540		-16		
4528	9.0560		-16		
4529	9.0580		-16		
4530	9.0600		-16		
4531	9.0620		-16		
4532	9.0640		-16		
4533	9.0660		-16		
4534	9.0680		-16		
4535	9.0700		-16		
4536	9.0720		-16		
4537	9.0740		-16		
4538	9.0760		-16		
4539	9.0780		-16		
4540	9.0800		-16		
4541	9.0820		-16		
4542	9.0840		-16		
4543	9.0860		-15		
4544	9.0880		-15		
4545	9.0900		-15		
4546	9.0920		-15		
4547	9.0940		-15		
4548	9.0960		-15		
4549	9.0980		-15		
4550	9.1000		-15		
4551	9.1020		-15		
4552	9.1040		-15		
4553	9.1060		-15		
4554	9.1080		-15		
4555	9.1100		-15		
4556	9.1120		-15		
4557	9.1140		-14		
4558	9.1160		-14		
4559	9.1180		-14		
4560	9.1200		-14		
4561	9.1220		-14		
4562	9.1240		-14		
4563	9.1260		-14		
4564	9.1280		-14		
4565	9.1300		-14		
4566	9.1320		-14		
4567	9.1340		-14		
4568	9.1360		-14		
4569	9.1380		-14		
4570	9.1400		-14		
4571	9.1420		-14		
4572	9.1440		-14		
4573	9.1460		-13		
4574	9.1480		-13		
4575	9.1500		-13		
4576	9.1520		-13		
4577	9.1540		-13		
4578	9.1560		-13		
4579	9.1580		-13		
4580	9.1600		-12		
4581	9.1620		-12		
4582	9.1640		-12		
4583	9.1660		-12		
4584	9.1680		-12		
4585	9.1700		-12		
4586	9.1720		-12		
4587	9.1740		-12		
4588	9.1760		-12		
4589	9.1780		-12		
4590	9.1800		-11		
4591	9.1820		-11		
4592	9.1840		-11		
4593	9.1860		-11		
4594	9.1880		-11		
4595	9.1900		-11		
4596	9.1920		-10		
4597	9.1940		-10		
4598	9.1960		-10		
4599	9.1980		-10		
4600	9.2000		-10		
4601	9.2020		-10		
4602	9.2040		-10		
4603	9.2060		-10		
4604	9.2080		-9		
4605	9.2100		-9		
4606	9.2120		-9		
4607	9.2140		-9		
4608	9.2160		-9		
4609	9.2180		-8		
4610	9.2200		-8		
4611	9.2220		-8		
4612	9.2240		-8		
4613	9.2260		-8		
4614	9.2280		-8		
4615	9.2300		-8		
4616	9.2320		-7		
4617	9.2340		-7		
4618	9.2360		-7		
4619	9.2380		-7		
4620	9.2400		-7		
4621	9.2420		-6		
4622	9.2440		-6		
4623	9.2460		-6		
4624	9.2480		-6		
4625	9.2500		-6		
4626	9.2520		-6		
4627	9.2540		-6		
4628	9.2560		-6		
4629	9.2580		-5		
4630	9.2600		-5		
4631	9.2620		-5		
4632	9.2640		-5		
4633	9.2660		-4		
4634	9.2680		-4		
4635	9.2700		-4		
4636	9.2720		-4		
4637	9.2740		-4		
4638	9.2760		-4		
4639	9.2780		-3		
4640	9.2800		-3		
4641	9.2820		-3		
4642	9.2840		-3		
4643	9.2860		-3		
4644	9.2880		-2		
4645	9.2900		-2		
4646	9.2920		-2		
4647	9.2940		-2		
4648	9.2960		-2		
4649	9.2980		-2		
4650	9.3000		-2		
4651	9.3020		-1		
4652	9.3040		-1		
4653	9.3060		-1		
4654	9.3080		0		
4655	9.3100		0		
4656	9.3120		0		
4657	9.3140		0		
4658	9.3160		0		
4659	9.3180		0		
4660	9.3200		0		
4661	9.3220		1		
4662	9.3240		1		
4663	9.3260		1		
4664	9.3280		1		
4665	9.3300		2		
4666	9.3320		2		
4667	9.3340		2		
4668	9.3360		2		
4669	9.3380		2		
4670	9.3400		2		
4671	9.3420		2		
4672	9.3440		3		
4673	9.3460		3		
4674	9.3480		3		
4675	9.3500		3		
4676	9.3520		4		
4677	9.3540		4		
4678	9.3560		4		
4679	9.3580		4		
4680	9.3600		4		
4681	9.3620		4		
4682	9.3640		4		
4683	9.3660		5		
4684	9.3680		5		
4685	9.3700		5		
4686	9.3720		5		
4687	9.3740		6		
4688	9.3760		6		
4689	9.3780		6		
4690	9.3800		6		
4691	9.3820		6		
4692	9.3840		6		
4693	9.3860		6		
4694	9.3880		6		
4695	9.3900		7		
4696	9.3920		7		
4697	9.3940		7		
4698	9.3960		7		
4699	9.3980		7		
4700	9.4000		8		
4701	9.4020		8		
4702	9.4040		8		
4703	9.4060		8		
4704	9.4080		8		
4705	9.4100		8		
4706	9.4120		8		
4707	9.4140		8		
4708	9.4160		9		
4709	9.4180		9		
4710	9.4200		9		
4711	9.4220		9		
4712	9.4240		9		
4713	9.4260		10		
4714	9.4280		10		
4715	9.4300		10		
4716	9.4320		10		
4717	9.4340		10		
4718	9.4360		10		
4719	9.4380		10		
4720	9.4400		10		
4721	9.4420		10		
4722	9.4440		11		
4723	9.4460		11		
4724	9.4480		11		
4725	9.4500		11		
4726	9.4520		11		
4727	9.4540		11		
4728	9.4560		12		
4729	9.4580		12		
4730	9.4600		12		
4731	9.4620		12		
4732	9.4640		12		
4733	9.4660		12		
4734	9.4680		12		
4735	9.4700		12		
4736	9.4720		12		
4737	9.4740		12		
4738	9.4760		12		
4739	9.4780		12		
4740	9.4800		12		
4741	9.4820		13		
4742	9.4840		13		
4743	9.4860		13		
4744	9.4880		13		
4745	9.4900		13		
4746	9.4920		13		
4747	9.4940		13		
4748	9.4960		13		
4749	9.4980		14		
4750	9.5000		14		
4751	9.5020		14		
4752	9.5040		14		
4753	9.5060		14		
4754	9.5080		14		
4755	9.5100		14		
4756	9.5120		14		
4757	9.5140		14		
4758	9.5160		14		
4759	9.5180		14		
4760	9.5200		14		
4761	9.5220		14		
4762	9.5240		14		
4763	9.5260		14		
4764	9.5280		14		
4765	9.5300		14		
4766	9.5320		14		
4767	9.5340		14		
4768	9.5360		14		
4769	9.5380		14		
4770	9.5400		14		
4771	9.5420		14		
4772	9.5440		14		
4773	9.5460		14		
4774	9.5480		14		
4775	9.5500		14		
4776	9.5520		14		
4777	9.5540		15		
4778	9.5560		15		
4779	9.5580		15		
4780	9.5600		15		
4781	9.5620		15		
4782	9.5640		15		
4783	9.5660		15		
4784	9.5680		15		
4785	9.5700		15		
4786	9.5720		15		
4787	9.5740		15		
4788	9.5760		15		
4789	9.5780		15		
4790	9.5800		15		
4791	9.5820		15		
4792	9.5840		15		
4793	9.5860		15		
4794	9.5880		14		
4795	9.5900		14		
4796	9.5920		14		
4797	9.5940		14		
4798	9.5960		14		
4799	9.5980		14		
4800	9.6000		14		
4801	9.6020		14		
4802	9.6040		14		
4803	9.6060		14		
4804	9.6080		14		
4805	9.6100		14		
4806	9.6120		14		
4807	9.6140		14		
4808	9.6160		14		
4809	9.6180		14		
4810	9.6200		14		
4811	9.6220		14		
4812	9.6240		14		
4813	9.6260		14		
4814	9.6280		14		
4815	9.6300		14		
4816	9.6320		14		
4817	9.6340		14		
4818	9.6360		14		
4819	9.6380		14		
4820	9.6400		14		
4821	9.6420		13		
4822	9.6440		13		
4823	9.6460		13		
4824	9.6480		13		
4825	9.6500		13		
4826	9.6520		13		
4827	9.6540		13		
4828	9.6560		13		
4829	9.6580		12		
4830	9.6600		12		
4831	9.6620		12		
4832	9.6640		12		
4833	9.6660		12		
4834	9.6680		12		
4835	9.6700		12		
4836	9.6720		12		
4837	9.6740		12		
4838	9.6760		12		
4839	9.6780		12		
4840	9.6800		12		
4841	9.6820		12		
4842	9.6840		11		
4843	9.6860		11		
4844	9.6880		11		
4845	9.6900		11		
4846	9.6920		11		
4847	9.6940		11		
4848	9.6960		10		
4849	9.6980		10		
4850	9.7000		10		
4851	9.7020		10		
4852	9.7040		10		
4853	9.7060		10		
4854	9.7080		10		
4855	9.7100		10		
4856	9.7120		10		
4857	9.7140		10		
4858	9.7160		9		
4859	9.7180		9		
4860	9.7200		9		
4861	9.7220		9		
4862	9.7240		9		
4863	9.7260		8		
4864	9.7280		8		
4865	9.7300		8		
4866	9.7320		8		
4867	9.7340		8		
4868	9.7360		8		
4869	9.7380		8		
4870	9.7400		8		
4871	9.7420		8		
4872	9.7440		7		
4873	9.7460		7		
4874	9.7480		7		
4875	9.7500		7		
4876	9.7520		6		
4877	9.7540		6		
4878	9.7560		6		
4879	9.7580		6		
4880	9.7600		6		
4881	9.7620		6		
4882	9.7640		6		
4883	9.7660		6		
4884	9.7680		6		
4885	9.7700		5		
4886	9.7720		5		
4887	9.7740		5		
4888	9.7760		5		
4889	9.7780		4		
4890	9.7800		4		
4891	9.7820		4		
4892	9.7840		4		
4893	9.7860		4		
4894	9.7880		4		
4895	9.7900		4		
4896	9.7920		4		
4897	9.7940		3		
4898	9.7960		3		
4899	9.7980		3		
4900	9.8000		3		
4901	9.8020		2		
4902	9.8040		2		
4903	9.8060		2		
4904	9.8080		2		
4905	9.8100		2		
4906	9.8120		2		
4907	9.8140		2		
4908	9.8160		1		
4909	9.8180		1		
4910	9.8200		1		
4911	9.8220		1		
4912	9.8240		0		
4913	9.8260		0		
4914	9.8280		0		
4915	9.8300		0		
4916	9.8320		0		
4917	9.8340		0		
4918	9.8360		0		
4919	9.8380		0		
4920	9.8400		-1		
4921	9.8420		-1		
4922	9.8440		-1		
4923	9.8460		-1		
4924	9.8480		-2		
4925	9.8500		-2		
4926	9.8520		-2		
4927	9.8540		-2		
4928	9.8560		-2		
4929	9.8580		-2		
4930	9.8600		-2		
4931	9.8620		-2		
4932	9.8640		-3		
4933	9.8660		-3		
4934	9.8680		-3		
4935	9.8700		-3		
4936	9.8720		-4		
4937	9.8740		-4		
4938	9.8760		-4		
4939	9.8780		-4		
4940	9.8800		-4		
4941	9.8820		-4		
4942	9.8840		-4		
4943	9.8860		-4		
4944	9.8880		-4		
4945	9.8900		-5		
4946	9.8920		-5		
4947	9.8940		-5		
4948	9.8960		-5		
4949	9.8980		-6		
4950	9.9000		-6		
4951	9.9020		-6		
4952	9.9040		-6		
4953	9.9060		-6		
4954	9.9080		-6		
4955	9.9100		-6		
4956	9.9120		-6		
4957	9.9140		-6		
4958	9.9160		-7		
4959	9.9180		-7		
4960	9.9200		-7		
4961	9.9220		-7		
4962	9.9240		-7		
4963	9.9260		-8		
4964	9.9280		-8		
4965	9.9300		-8		
4966	9.9320		-8		
4967	9.9340		-8		
4968	9.9360		-8		
4969	9.9380		-8		
4970	9.9400		-8		
4971	9.9420		-8		
4972	9.9440		-8		
4973	9.9460		-9		
4974	9.9480		-9		
4975	9.9500		-9		
4976	9.9520		-9		
4977	9.9540		-9		
4978	9.9560		-9		
4979	9.9580		-10		
4980	9.9600		-10		
4981	9.9620		-10		
4982	9.9640		-10		
4983	9.9660		-10		
4984	9.9680		-10		
4985	9.9700		-10		
4986	9.9720		-10		
4987	9.9740		-10		
4988	9.9760		-10		
4989	9.9780		-10		
4990	9.9800		-10		
4991	9.9820		-10		
4992	9.9840		-11		
4993	9.9860		-11		
4994	9.9880		-11		
4995	9.9900		-11		
4996	9.9920		-11		
4997	9.9940		-11		
4998	9.9960		-11		
4999	9.9980		-11		
5000	10.0000		-12		
